-0.00022800
-0.00021259
-0.00020829
-0.00021356
-0.00022579
-0.00024136
-0.00025576
-0.00026388
-0.00026052
-0.00024092
-0.00020132
-0.00013951
-0.00005513
0.00005020
0.00017301
0.00030845
0.00045087
0.00059461
0.00073470
0.00086749
0.00099099
0.00110490
0.00121035
0.00130926
0.00140358
0.00149444
0.00158141
0.00166199
0.00173139
0.00178275
0.00180763
0.00179682
0.00174121
0.00163266
0.00146462
0.00123257
0.00093402
0.00056826
0.00013586
-0.00036197
-0.00092387
-0.00154877
-0.00223591
-0.00298465
-0.00379394
-0.00466155
-0.00558334
-0.00655244
-0.00755886
-0.00858922
-0.00962701
-0.01065306
-0.01164637
-0.01258505
-0.01344729
-0.01421221
-0.01486048
-0.01537483
-0.01574016
-0.01594360
-0.01597443
-0.01582403
-0.01548585
-0.01495559
-0.01423143
-0.01331438
-0.01220862
-0.01092186
-0.00946541
-0.00785418
-0.00610636
-0.00424292
-0.00228690
-0.00026263
0.00180507
0.00389166
0.00597346
0.00802814
0.01003496
0.01197484
0.01383040
0.01558575
0.01722635
0.01873877
0.02011049
0.02132976
0.02238545
0.02326703
0.02396461
0.02446914
0.02477270
0.02486887
0.02475333
0.02442431
0.02388318
0.02313479
0.02218764
0.02105375
0.01974814
0.01828810
0.01669206
0.01497845
0.01316457
0.01126565
0.00929434
0.00726063
0.00517234
0.00303603
0.00085828
-0.00135294
-0.00358706
-0.00582994
-0.00806353
-0.01026608
-0.01241292
-0.01447776
-0.01643427
-0.01825756
-0.01992561
-0.02142013
-0.02272696
-0.02383586
-0.02473994
-0.02543469
-0.02591709
-0.02618481
-0.02623581
-0.02606840
-0.02568168
-0.02507639
-0.02425578
-0.02322651
-0.02199910
-0.02058801
-0.01901113
-0.01728880
-0.01544250
-0.01349337
-0.01146095
-0.00936227
-0.00721144
-0.00501993
-0.00279734
-0.00055260
0.00170463
0.00396278
0.00620740
0.00842085
0.01058254
0.01266975
0.01465892
0.01652709
0.01825333
0.01981988
0.02121281
0.02242215
0.02344152
0.02426730
0.02489770
0.02533176
0.02556866
0.02560734
0.02544662
0.02508571
0.02452497
0.02376685
0.02281658
0.02168275
0.02037727
0.01891502
0.01731299
0.01558914
0.01376120
0.01184556
0.00985645
0.00780564
0.00570259
0.00355511
0.00137039
-0.00084381
-0.00307794
-0.00531970
-0.00755350
-0.00976031
-0.01191815
-0.01400290
-0.01598947
-0.01785306
-0.01957044
-0.02112095
-0.02248715
-0.02365517
-0.02461464
-0.02535833
-0.02588169
-0.02618224
-0.02625921
-0.02611324
-0.02574638
-0.02516227
-0.02436650
-0.02336694
-0.02217406
-0.02080100
-0.01926341
-0.01757897
-0.01576664
-0.01384580
-0.01183529
-0.00975262
-0.00761343
-0.00543124
-0.00321775
-0.00098339
0.00126182
0.00350719
0.00574047
0.00794707
0.01010974
0.01220867
0.01422211
0.01612733
0.01790190
0.01952501
0.02097859
0.02224821
0.02332348
0.02419793
0.02486855
0.02533493
0.02559833
0.02566075
0.02552432
0.02519101
0.02466279
0.02394210
0.02303263
0.02194011
0.02067298
0.01924271
0.01766372
0.01595280
0.01412820
0.01220839
0.01021091
0.00815129
0.00604251
0.00389490
0.00171666
-0.00048512
-0.00270317
-0.00492863
-0.00714975
-0.00935115
-0.01151349
-0.01361391
-0.01562696
-0.01752609
-0.01928519
-0.02088028
-0.02229073
-0.02350021
-0.02449693
-0.02527348
-0.02582613
-0.02615405
-0.02625835
-0.02614137
-0.02580629
-0.02525704
-0.02449863
-0.02353761
-0.02238268
-0.02104509
-0.01953882
-0.01788039
-0.01608822
-0.01418181
-0.01218064
-0.01010319
-0.00796614
-0.00578399
-0.00356915
-0.00133242
0.00091605
0.00316572
0.00540458
0.00761830
0.00978984
0.01189956
0.01392575
0.01584574
0.01763715
0.01927921
0.02075397
0.02204705
0.02314808
0.02405048
0.02475097
0.02524873
0.02554447
0.02563966
0.02553593
0.02523492
0.02473846
0.02404907
0.02317067
0.02210926
0.02087342
0.01947450
0.01792649
0.01624535
0.01444816
0.01255207
0.01057325
0.00852615
0.00642306
0.00427421
0.00208830
-0.00012651
-0.00236145
-0.00460597
-0.00684667
-0.00906681
-0.01124615
-0.01336144
-0.01538746
-0.01729830
-0.01906886
-0.02067633
-0.02210129
-0.02332847
-0.02434694
-0.02514987
-0.02573386
-0.02609808
-0.02624339
-0.02617159
-0.02588499
-0.02538639
-0.02467932
-0.02376868
-0.02266132
-0.02136672
-0.01989728
-0.01826833
-0.01649774
-0.01460512
-0.01261076
-0.01053459
-0.00839514
-0.00620889
-0.00399002
-0.00175066
0.00049845
0.00274696
0.00498381
0.00719626
0.00936918
0.01148481
0.01352305
0.01546222
0.01728018
0.01895563
0.02046938
0.02180533
0.02295113
0.02389830
0.02464191
0.02517999
0.02551265
0.02564127
0.02556790
0.02529490
0.02482500
0.02416166
0.02330960
0.02227542
0.02106808
0.01969905
0.01818214
0.01653290
0.01476779
0.01290313
0.01095412
0.00893415
0.00685442
0.00472413
0.00255114
0.00034296
-0.00189198
-0.00414314
-0.00639687
-0.00863589
-0.01083926
-0.01298298
-0.01504104
-0.01698680
-0.01879452
-0.02044073
-0.02190536
-0.02317244
-0.02423024
-0.02507106
-0.02569068
-0.02608753
-0.02626199
-0.02621579
-0.02595162
-0.02547312
-0.02478509
-0.02389381
-0.02280753
-0.02153675
-0.02009436
-0.01849551
-0.01675711
-0.01489725
-0.01293435
-0.01088642
-0.00877033
-0.00660150
-0.00439372
-0.00215944
0.00008971
0.00234225
0.00458603
0.00680756
0.00899152
0.01112053
0.01317536
0.01513534
0.01697920
0.01868595
0.02023595
0.02161182
0.02279921
0.02378728
0.02456890
0.02514046
0.02550152
0.02565416
0.02560233
0.02535115
0.02490640
0.02427416
0.02346065
0.02247236
0.02131627
0.02000027
0.01853342
0.01692629
0.01519100
0.01334110
0.01139126
0.00935676
0.00725296
0.00509475
0.00289624
0.00067058
-0.00156982
-0.00381292
-0.00604634
-0.00825664
-0.01042864
-0.01254491
-0.01458568
-0.01652904
-0.01835168
-0.02002991
-0.02154095
-0.02286422
-0.02398254
-0.02488294
-0.02555710
-0.02600124
-0.02621570
-0.02620402
-0.02597202
-0.02552688
-0.02487636
-0.02402841
-0.02299118
-0.02177323
-0.02038408
-0.01883475
-0.01713818
-0.01530944
-0.01336554
-0.01132492
-0.00920670
-0.00702972
-0.00481178
-0.00256897
-0.00031551
0.00193607
0.00417430
0.00638787
0.00856460
0.01069059
0.01274962
0.01472305
0.01659028
0.01832964
0.01991963
0.02134034
0.02257476
0.02360972
0.02443649
0.02505069
0.02545185
0.02564252
0.02562722
0.02541148
0.02500110
0.02440169
0.02361878
0.02265811
0.02152628
0.02023131
0.01878314
0.01719383
0.01547728
0.01364874
0.01172398
0.00971837
0.00764610
0.00551974
0.00335012
0.00114682
-0.00108103
-0.00332367
-0.00556952
-0.00780426
-0.01001023
-0.01216640
-0.01424892
-0.01623215
-0.01809009
-0.01979789
-0.02133332
-0.02267789
-0.02381744
-0.02474233
-0.02544699
-0.02592923
-0.02618933
-0.02622915
-0.02605149
-0.02565974
-0.02505793
-0.02425103
-0.02324556
-0.02205008
-0.02067567
-0.01913602
-0.01744726
-0.01562736
-0.01369536
-0.01167034
-0.00957059
-0.00741288
-0.00521214
-0.00298150
-0.00073279
0.00152275
0.00377355
0.00600685
0.00820800
0.01036017
0.01244442
0.01444019
0.01632614
0.01808115
0.01968549
0.02112170
0.02237537
0.02343550
0.02429456
0.02494821
0.02539479
0.02563468
0.02566978
0.02550299
0.02513793
0.02457896
0.02383120
0.02290089
0.02179564
0.02052462
0.01909872
0.01753035
0.01583323
0.01402187
0.01211100
0.01011509
0.00804786
0.00592207
0.00374947
0.00154115
-0.00069205
-0.00293882
-0.00518672
-0.00742152
-0.00962676
-0.01178358
-0.01387093
-0.01586599
-0.01774506
-0.01948451
-0.02106186
-0.02245689
-0.02365241
-0.02463496
-0.02539503
-0.02592703
-0.02622896
-0.02630192
-0.02614944
-0.02577697
-0.02519132
-0.02440043
-0.02341322
-0.02223969
-0.02089105
-0.01937990
-0.01772035
-0.01592797
-0.01401953
-0.01201259
-0.00992500
-0.00777425
-0.00557694
-0.00334848
-0.00110291
0.00114692
0.00338890
0.00561105
0.00780081
0.00994435
0.01202615
0.01402881
0.01593322
0.01771912
0.01936595
0.02085390
0.02216495
0.02328383
0.02419878
0.02490189
0.02538912
0.02566004
0.02571718
0.02556541
0.02521117
0.02466192
0.02392567
0.02301084
0.02192621
0.02068107
0.01928541
0.01775003
0.01608663
0.01430762
0.01242594
0.01045468
0.00840677
0.00629467
0.00413036
0.00192539
-0.00030870
-0.00255989
-0.00481504
-0.00705931
-0.00927573
-0.01144504
-0.01354589
-0.01555535
-0.01744974
-0.01920570
-0.02080126
-0.02221687
-0.02343618
-0.02444656
-0.02523920
-0.02580889
-0.02615355
-0.02627366
-0.02617155
-0.02585097
-0.02531674
-0.02457465
-0.02363168
-0.02249626
-0.02117860
-0.01969105
-0.01804811
-0.01626634
-0.01436393
-0.01236004
-0.01027402
-0.00812461
-0.00592924
-0.00370363
-0.00146167
0.00078436
0.00302316
0.00524369
0.00743426
0.00958178
0.01167123
0.01368542
0.01560527
0.01741036
0.01907987
0.02059373
0.02193364
0.02308415
0.02403333
0.02477312
0.02529929
0.02561108
0.02571058
0.02560199
0.02529093
0.02478389
0.02408783
0.02321015
0.02215872
0.02094221
0.01957028
0.01805383
0.01640501
0.01463706
0.01276394
0.01079987
0.00875880
0.00665398
0.00449772
0.00230149
0.00007618
-0.00216721
-0.00441688
-0.00665939
-0.00887907
-0.01105760
-0.01317410
-0.01520550
-0.01712746
-0.01891547
-0.02054612
-0.02199837
-0.02325454
-0.02430100
-0.02512841
-0.02573155
-0.02610876
-0.02626120
-0.02619204
-0.02590571
-0.02540745
-0.02470306
-0.02379906
-0.02270299
-0.02142391
-0.01997280
-0.01836293
-0.01660982
-0.01473098
-0.01274530
-0.01067233
-0.00853131
-0.00634046
-0.00411632
-0.00187355
0.00037495
0.00261757
0.00484324
0.00704053
0.00919682
0.01129766
0.01332649
0.01526469
0.01709214
0.01878803
0.02033196
0.02170504
0.02289096
0.02387676
0.02465330
0.02521540
0.02556152
0.02569332
0.02561495
0.02533235
0.02485261
0.02418353
0.02333329
0.02231042
0.02112382
0.01978296
0.01829798
0.01667982
0.01494022
0.01309157
0.01114669
0.00911862
0.00702032
0.00486456
0.00266392
0.00043092
-0.00182165
-0.00408034
-0.00633058
-0.00855627
-0.01073957
-0.01286081
-0.01489878
-0.01683120
-0.01863542
-0.02028937
-0.02177240
-0.02306628
-0.02415582
-0.02502945
-0.02567936
-0.02610148
-0.02629508
-0.02626230
-0.02600756
-0.02553697
-0.02485788
-0.02397857
-0.02290817
-0.02165669
-0.02023521
-0.01865613
-0.01693330
-0.01508207
-0.01311918
-0.01106239
-0.00892999
-0.00674025
-0.00451082
-0.00225826
0.00000220
0.00225666
0.00449229
0.00669679
0.00885774
0.01096195
0.01299486
0.01494022
0.01678017
0.01849552
0.02006657
0.02147402
0.02270009
0.02372959
0.02455076
0.02515589
0.02554143
0.02570783
0.02565903
0.02540163
0.02494411
0.02429603
0.02346730
0.02246788
0.02130752
0.01999583
0.01854247
0.01695735
0.01525085
0.01343388
0.01151787
0.00951462
0.00743613
0.00529449
0.00310181
0.00087036
-0.00138710
-0.00365691
-0.00592400
-0.00817143
-0.01038018
-0.01252916
-0.01459556
-0.01655554
-0.01838526
-0.02006191
-0.02156489
-0.02287673
-0.02398370
-0.02487612
-0.02554815
-0.02599736
-0.02622399
-0.02623016
-0.02601924
-0.02559534
-0.02496323
-0.02412840
-0.02309755
-0.02187906
-0.02048347
-0.01892383
-0.01721567
-0.01537669
-0.01342608
-0.01138369
-0.00926900
-0.00710030
-0.00489405
-0.00266465
-0.00042459
0.00181498
0.00404342
0.00624961
0.00842111
0.01054351
0.01260010
0.01457211
0.01643925
0.01818064
0.01977591
0.02120628
0.02245555
0.02351076
0.02436248
0.02500481
0.02543503
0.02565307
0.02566095
0.02546222
0.02506166
0.02446501
0.02367906
0.02271168
0.02157206
0.02027075
0.01881966
0.01723181
0.01552099
0.01370125
0.01178636
0.00978938
0.00772239
0.00559650
0.00342207
0.00120930
-0.00103116
-0.00328736
-0.00554545
-0.00778917
-0.00999970
-0.01215583
-0.01423452
-0.01621177
-0.01806361
-0.01976722
-0.02130194
-0.02265003
-0.02379725
-0.02473301
-0.02545027
-0.02594514
-0.02621644
-0.02626512
-0.02609376
-0.02570626
-0.02510767
-0.02430424
-0.02330359
-0.02211492
-0.02074930
-0.01921975
-0.01754121
-0.01573027
-0.01380475
-0.01178311
-0.00968377
-0.00752449
-0.00532188
-0.00309112
-0.00084595
0.00140105
0.00363800
0.00585302
0.00803354
0.01016573
0.01223404
0.01422115
0.01610812
0.01787499
0.01950158
0.02096848
0.02225803
0.02335528
0.02424866
0.02493037
0.02539642
0.02564641
0.02568294
0.02551100
0.02513723
0.02456928
0.02381535
0.02288392
0.02178368
0.02052366
0.01911338
0.01756310
0.01588397
0.01408802
0.01218808
0.01019750
0.00812990
0.00599882
0.00381757
0.00159913
-0.00064365
-0.00289781
-0.00514973
-0.00738472
-0.00958653
-0.01173713
-0.01381666
-0.01580374
-0.01767602
-0.01941103
-0.02098715
-0.02238456
-0.02358613
-0.02457809
-0.02535038
-0.02589672
-0.02621438
-0.02630374
-0.02616772
-0.02581122
-0.02524067
-0.02446372
-0.02348906
-0.02232655
-0.02098726
-0.01948373
-0.01782997
-0.01604152
-0.01413518
-0.01212861
-0.01003988
-0.00788681
-0.00568649
-0.00345486
-0.00120655
0.00104506
0.00328746
0.00550851
0.00769574
0.00983576
0.01191368
0.01391294
0.01581530
0.01760126
0.01925079
0.02074423
0.02206336
0.02319239
0.02411876
0.02483376
0.02533263
0.02561452
0.02568193
0.02554006
0.02519600
0.02465797
0.02393463
0.02303468
0.02196668
0.02073908
0.01936047
0.01783990
0.01618722
0.01441327
0.01253003
0.01055046
0.00848829
0.00635771
0.00417301
0.00194836
-0.00030226
-0.00256499
-0.00482569
-0.00706960
-0.00928075
-0.01144164
-0.01353301
-0.01553392
-0.01742218
-0.01917515
-0.02077068
-0.02218827
-0.02341010
-0.02442199
-0.02521388
-0.02578002
-0.02611868
-0.02623159
-0.02612305
-0.02579908
-0.02526662
-0.02453300
-0.02360570
-0.02249248
-0.02120176
-0.01974319
-0.01812816
-0.01637020
-0.01448507
-0.01249052
-0.01040569
-0.00825034
-0.00604391
-0.00380467
-0.00154920
0.00070786
0.00295363
0.00517635
0.00736459
0.00950629
0.01158796
0.01359411
0.01550721
0.01730800
0.01897636
0.02049233
0.02183745
0.02299582
0.02395504
0.02470665
0.02524613
0.02557257
0.02568788
0.02559599
0.02530206
0.02481184
0.02413140
0.02326715
0.02222612
0.02101637
0.01964745
0.01813063
0.01647889
0.01470663
0.01282903
0.01086136
0.00881818
0.00671279
0.00455700
0.00236129
0.00013539
-0.00211083
-0.00436624
-0.00661747
-0.00884818
-0.01103873
-0.01316644
-0.01520639
-0.01713262
-0.01891968
-0.02054407
-0.02198565
-0.02322844
-0.02426112
-0.02507679
-0.02567241
-0.02604787
-0.02620499
-0.02614662
-0.02587603
-0.02539668
-0.02471243
-0.02382794
-0.02274938
-0.02148511
-0.02004608
-0.01844606
-0.01670137
-0.01483037
-0.01285255
-0.01078759
-0.00865445
-0.00647064
-0.00425185
-0.00201195
0.00023664
0.00248229
0.00471336
0.00691741
0.00908061
0.01118734
0.01322023
0.01516043
0.01698830
0.01868411
0.02022897
0.02160562
0.02279910
0.02379721
0.02459076
0.02517365
0.02554269
0.02569740
0.02563971
0.02537369
0.02490523
0.02424183
0.02339231
0.02236663
0.02117563
0.01983078
0.01834398
0.01672726
0.01499262
0.01315189
0.01121666
0.00919830
0.00710813
0.00495758
0.00275849
0.00052340
-0.00173416
-0.00399943
-0.00625627
-0.00848709
-0.01067290
-0.01279351
-0.01482788
-0.01675455
-0.01855217
-0.02020017
-0.02167935
-0.02297255
-0.02406515
-0.02494552
-0.02560526
-0.02603931
-0.02624578
-0.02622572
-0.02598276
-0.02552262
-0.02485272
-0.02398184
-0.02291981
-0.02167744
-0.02026647
-0.01869960
-0.01699058
-0.01515422
-0.01320629
-0.01116335
-0.00904248
-0.00686082
-0.00463528
-0.00238216
-0.00011696
0.00214565
0.00439162
0.00660721
0.00877855
0.01089115
0.01292958
0.01487726
0.01671655
0.01842911
0.01999649
0.02140092
0.02262616
0.02365830
0.02448639
0.02510288
0.02550370
0.02568813
0.02565842
0.02541927
0.02497728
0.02434044
0.02351776
0.02251897
0.02135441
0.02003499
0.01857212
0.01697771
0.01526401
0.01344345
0.01152835
0.00953075
0.00746220
0.00533379
0.00315633
0.00094069
-0.00130163
-0.00355793
-0.00581372
-0.00805229
-0.01025459
-0.01239937
-0.01446371
-0.01642381
-0.01825598
-0.01993776
-0.02144886
-0.02277199
-0.02389337
-0.02480282
-0.02549365
-0.02596224
-0.02620751
-0.02623034
-0.02603318
-0.02561975
-0.02499497
-0.02416515
-0.02313815
-0.02192373
-0.02053368
-0.01898187
-0.01728403
-0.01545737
-0.01351994
-0.01149003
-0.00938547
-0.00722310
-0.00501851
-0.00278593
-0.00053851
0.00171127
0.00395104
0.00616789
0.00834787
0.01047562
0.01253433
0.01450582
0.01637104
0.01811064
0.01970575
0.02113870
0.02239379
0.02345783
0.02432054
0.02497475
0.02541637
0.02564429
0.02566002
0.02546735
0.02507196
0.02448106
0.02370297
0.02274692
0.02162273
0.02034071
0.01891148
0.01734590
0.01565505
0.01385017
0.01194272
0.00994437
0.00786712
0.00572336
0.00352600
0.00128860
-0.00097443
-0.00324779
-0.00551511
-0.00775893
-0.00996074
-0.01210111
-0.01415989
-0.01611665
-0.01795100
-0.01964321
-0.02117466
-0.02252844
-0.02368974
-0.02464626
-0.02538842
-0.02590948
-0.02620551
-0.02627523
-0.02611988
-0.02574296
-0.02515007
-0.02434870
-0.02334812
-0.02215931
-0.02079483
-0.01926869
-0.01759619
-0.01579361
-0.01387791
-0.01186626
-0.00977568
-0.00762262
-0.00542274
-0.00319079
-0.00094064
0.00131436
0.00356108
0.00578610
0.00797524
0.01011325
0.01218364
0.01416874
0.01605001
0.01780860
0.01942601
0.02088481
0.02216936
0.02326634
0.02416519
0.02485822
0.02534066
0.02561042
0.02566788
0.02551558
0.02515795
0.02460113
0.02385278
0.02292199
0.02181916
0.02055577
0.01914415
0.01759714
0.01592765
0.01414828
0.01227097
0.01030685
0.00826620
0.00615878
0.00399426
0.00178289
-0.00046383
-0.00273249
-0.00500733
-0.00727012
-0.00950023
-0.01167524
-0.01377162
-0.01576575
-0.01763484
-0.01935786
-0.02091623
-0.02229417
-0.02347892
-0.02446050
-0.02523149
-0.02578661
-0.02612239
-0.02623697
-0.02613002
-0.02580290
-0.02525884
-0.02450328
-0.02354405
-0.02239149
-0.02105835
-0.01955946
-0.01791127
-0.01613116
-0.01423684
-0.01224571
-0.01017441
-0.00803857
-0.00585275
-0.00363068
-0.00138555
0.00086957
0.00312127
0.00535546
0.00755712
0.00971023
0.01179780
0.01380214
0.01570509
0.01748849
0.01913455
0.02062634
0.02194818
0.02308613
0.02402836
0.02476550
0.02529095
0.02560105
0.02569517
0.02557564
0.02524753
0.02471826
0.02399714
0.02309477
0.02202255
0.02079210
0.01941492
0.01790209
0.01626425
0.01451161
0.01265421
0.01070212
0.00866578
0.00655626
0.00438546
0.00216627
-0.00008734
-0.00236025
-0.00463621
-0.00689781
-0.00912650
-0.01130271
-0.01340592
-0.01541496
-0.01730840
-0.01906504
-0.02066458
-0.02208835
-0.02331994
-0.02434590
-0.02515610
-0.02574393
-0.02610624
-0.02624298
-0.02615673
-0.02585206
-0.02533504
-0.02461273
-0.02369300
-0.02258452
-0.02129691
-0.01984112
-0.01822970
-0.01647702
-0.01459928
-0.01261424
-0.01054071
-0.00839781
-0.00620421
-0.00397740
-0.00173323
0.00051433
0.00275291
0.00497119
0.00715809
0.00930188
0.01138928
0.01340496
0.01533137
0.01714898
0.01883712
0.02037499
0.02174293
0.02292369
0.02390339
0.02467224
0.02522468
0.02555920
0.02567778
0.02558502
0.02528737
0.02479234
0.02410800
0.02324270
0.02220509
0.02100427
0.01965009
0.01815327
0.01652551
0.01477928
0.01292759
0.01098344
0.00895950
0.00686774
0.00471939
0.00252516
0.00029574
-0.00195750
-0.00422169
-0.00648181
-0.00872020
-0.01091654
-0.01304815
-0.01509082
-0.01701985
-0.01881131
-0.02044326
-0.02189674
-0.02315641
-0.02421077
-0.02505200
-0.02567544
-0.02607893
-0.02626207
-0.02622572
-0.02597168
-0.02550272
-0.02482282
-0.02393767
-0.02285514
-0.02158566
-0.02014236
-0.01854088
-0.01679883
-0.01493507
-0.01296872
-0.01091830
-0.00880096
-0.00663209
-0.00442526
-0.00219252
0.00005490
0.00230578
0.00454810
0.00676825
0.00895064
0.01107761
0.01312970
0.01508632
0.01692652
0.01863002
0.02017810
0.02155432
0.02274508
0.02373984
0.02453115
0.02511441
0.02548757
0.02565077
0.02560599
0.02535684
0.02490833
0.02426683
0.02343997
0.02243661
0.02126668
0.01994106
0.01847129
0.01686930
0.01514713
0.01331669
0.01138960
0.00937721
0.00729069
0.00514131
0.00294074
0.00070149
-0.00156278
-0.00383696
-0.00610430
-0.00834648
-0.01054374
-0.01267520
-0.01471937
-0.01665463
-0.01845987
-0.02011507
-0.02160181
-0.02290373
-0.02400691
-0.02490008
-0.02557477
-0.02602532
-0.02624884
-0.02624511
-0.02601637
-0.02556720
-0.02490428
-0.02403622
-0.02297338
-0.02172769
-0.02031244
-0.01874209
-0.01703204
-0.01519831
-0.01325733
-0.01122558
-0.00911933
-0.00695442
-0.00474609
-0.00250895
-0.00025704
0.00199596
0.00423647
0.00645063
0.00862401
0.01074131
0.01278623
0.01474145
0.01658891
0.01831015
0.01988686
0.02130156
0.02253826
0.02358311
0.02442494
0.02505560
0.02547020
0.02566711
0.02564778
0.02541645
0.02497978
0.02434641
0.02352651
0.02253134
0.02137282
0.02006319
0.01861464
0.01703904
0.01534772
0.01355134
0.01165987
0.00968274
0.00762908
0.00550812
0.00332973
0.00110495
-0.00115345
-0.00343058
-0.00570918
-0.00796964
-0.01019031
-0.01234802
-0.01441893
-0.01637937
-0.01820682
-0.01988073
-0.02138316
-0.02269921
-0.02381711
-0.02472808
-0.02542604
-0.02590714
-0.02616937
-0.02621223
-0.02603655
-0.02564454
-0.02503991
-0.02422818
-0.02321698
-0.02201621
-0.02063813
-0.01909718
-0.01740962
-0.01559293
-0.01366520
-0.01164440
-0.00954782
-0.00739167
-0.00519091
-0.00295937
-0.00071006
0.00154434
0.00379094
0.00601607
0.00820498
0.01034158
0.01240854
0.01438755
0.01625975
0.01800635
0.01960923
0.02105154
0.02231817
0.02339620
0.02427511
0.02494699
0.02540654
0.02565114
0.02568079
0.02549800
0.02510774
0.02451722
0.02373565
0.02277386
0.02164393
0.02035859
0.01893076
0.01737303
0.01569723
0.01391430
0.01203417
0.01006605
0.00801882
0.00590160
0.00372438
0.00149864
-0.00076219
-0.00304245
-0.00532425
-0.00758770
-0.00981137
-0.01197298
-0.01405012
-0.01602091
-0.01786469
-0.01956248
-0.02109723
-0.02245403
-0.02362003
-0.02458445
-0.02533844
-0.02587511
-0.02618950
-0.02627879
-0.02614241
-0.02578227
-0.02520292
-0.02441156
-0.02341800
-0.02223438
-0.02087478
-0.01935466
-0.01769034
-0.01589843
-0.01399533
-0.01199692
-0.00991840
-0.00777431
-0.00557867
-0.00334527
-0.00108798
0.00117895
0.00344064
0.00568150
0.00788517
0.01003464
0.01211249
0.01410110
0.01598296
0.01774098
0.01935876
0.02082085
0.02211300
0.02322242
0.02413801
0.02485068
0.02535353
0.02564218
0.02571492
0.02557287
0.02521994
0.02466275
0.02391028
0.02297353
0.02186491
0.02059772
0.01918552
0.01764160
0.01597861
0.01420828
0.01234137
0.01038781
0.00835699
0.00625819
0.00410107
0.00189621
-0.00034445
-0.00260724
-0.00487651
-0.00713461
-0.00936200
-0.01153757
-0.01363910
-0.01564384
-0.01752923
-0.01927354
-0.02085660
-0.02226039
-0.02346949
-0.02447147
-0.02525703
-0.02581999
-0.02615714
-0.02626803
-0.02615461
-0.02582090
-0.02527273
-0.02451749
-0.02356396
-0.02242230
-0.02110397
-0.01962176
-0.01798973
-0.01622310
-0.01433803
-0.01235133
-0.01028004
-0.00814103
-0.00595063
-0.00372434
-0.00147672
0.00077855
0.00302833
0.00525966
0.00745917
0.00961262
0.01170447
0.01371770
0.01563391
0.01743368
0.01909726
0.02060540
0.02194033
0.02308666
0.02403214
0.02476815
0.02528987
0.02559614
0.02568899
0.02557304
0.02525477
0.02474180
0.02404237
0.02316496
0.02211813
0.02091060
0.01955135
0.01804989
0.01641642
0.01466195
0.01279822
0.01083757
0.00879275
0.00667663
0.00450213
0.00228216
0.00002980
-0.00224136
-0.00451682
-0.00678068
-0.00901533
-0.01120124
-0.01331712
-0.01534031
-0.01724755
-0.01901592
-0.02062387
-0.02205225
-0.02328515
-0.02431038
-0.02511965
-0.02570837
-0.02607516
-0.02622109
-0.02614900
-0.02586279
-0.02536702
-0.02466677
-0.02376774
-0.02267666
-0.02140182
-0.01995352
-0.01834444
-0.01658974
-0.01470683
-0.01271483
-0.01063374
-0.00848361
-0.00628361
-0.00405133
-0.00180244
0.00044935
0.00269189
0.00491394
0.00710430
0.00925092
0.01134020
0.01335655
0.01528236
0.01709838
0.01878447
0.02032062
0.02168806
0.02287035
0.02385421
0.02463012
0.02519244
0.02553930
0.02567206
0.02559469
0.02531304
0.02483418
0.02416591
0.02331639
0.02229411
0.02110788
0.01976700
0.01828145
0.01666193
0.01491992
0.01306753
0.01111736
0.00908223
0.00697500
0.00480851
0.00259564
0.00034949
-0.00191627
-0.00418699
-0.00644670
-0.00867783
-0.01086120
-0.01297616
-0.01500109
-0.01691401
-0.01869344
-0.02031914
-0.02177294
-0.02303929
-0.02410557
-0.02496226
-0.02560272
-0.02602294
-0.02622116
-0.02619749
-0.02595369
-0.02549304
-0.02482040
-0.02394236
-0.02286749
-0.02160647
-0.02017217
-0.01857953
-0.01684521
-0.01498705
-0.01302342
-0.01097257
-0.00885193
-0.00667776
-0.00446494
-0.00222702
0.00002335
0.00227391
0.00451213
0.00672464
0.00889670
0.01101205
0.01305292
0.01500042
0.01683509
0.01853762
0.02008969
0.02147463
0.02267801
0.02368804
0.02449576
0.02509497
0.02548218
0.02565632
0.02561857
0.02537215
0.02492218
0.02427553
0.02344079
0.02242803
0.02124865
0.01991499
0.01843999
0.01683669
0.01511783
0.01329541
0.01138057
0.00938357
0.00731398
0.00518123
0.00299512
0.00076654
-0.00149194
-0.00376557
-0.00603725
-0.00828753
-0.01049504
-0.01263703
-0.01469023
-0.01663168
-0.01843955
-0.02009390
-0.02157711
-0.02287425
-0.02397312
-0.02486419
-0.02554038
-0.02599688
-0.02623095
-0.02624180
-0.02603058
-0.02560041
-0.02495646
-0.02410604
-0.02305856
-0.02182552
-0.02042020
-0.01885745
-0.01715319
-0.01532401
-0.01338671
-0.01135793
-0.00925383
-0.00708997
-0.00488125
-0.00264199
-0.00038619
0.00187231
0.00411952
0.00634103
0.00852181
0.01064609
0.01269734
0.01465830
0.01651125
0.01823825
0.01982162
0.02124437
0.02249084
0.02354721
0.02440205
0.02504676
0.02547592
0.02568737
0.02568226
0.02546471
0.02504147
0.02442138
0.02361473
0.02263270
0.02148681
0.02018846
0.01874873
0.01717820
0.01548705
0.01368517
0.01178247
0.00978913
0.00771588
0.00557428
0.00337687
0.00113735
-0.00112939
-0.00340724
-0.00567889
-0.00792597
-0.01012914
-0.01226832
-0.01432300
-0.01627254
-0.01809667
-0.01977589
-0.02129201
-0.02262861
-0.02377143
-0.02470873
-0.02543144
-0.02593321
-0.02621043
-0.02626202
-0.02608928
-0.02569572
-0.02508687
-0.02427019
-0.02325496
-0.02205222
-0.02067472
-0.01913671
-0.01745378
-0.01564247
-0.01371989
-0.01170326
-0.00960943
-0.00745454
-0.00525380
-0.00302143
-0.00077086
0.00148492
0.00373289
0.00595950
0.00815021
0.01028920
0.01235929
0.01434218
0.01621883
0.01797012
0.01957757
0.02102411
0.02229467
0.02337672
0.02426046
0.02493891
0.02540776
0.02566509
0.02571110
0.02554785
0.02517904
0.02460994
0.02384737
0.02289971
0.02177691
0.02049040
0.01905284
0.01747784
0.01577947
0.01397177
0.01206829
0.01008178
0.00802402
0.00590591
0.00373783
0.00153014
-0.00070612
-0.00295867
-0.00521335
-0.00745385
-0.00966166
-0.01181628
-0.01389575
-0.01587740
-0.01773868
-0.01945802
-0.02101555
-0.02239374
-0.02357778
-0.02455572
-0.02531853
-0.02585991
-0.02617619
-0.02626606
-0.02613051
-0.02577265
-0.02519773
-0.02441306
-0.02342794
-0.02225359
-0.02090293
-0.01939030
-0.01773111
-0.01594144
-0.01403768
-0.01203617
-0.00995295
-0.00780364
-0.00560341
-0.00336708
-0.00110924
0.00115553
0.00341244
0.00564640
0.00784187
0.00998283
0.01205288
0.01403529
0.01591325
0.01767002
0.01928925
0.02075531
0.02205353
0.02317067
0.02409521
0.02481777
0.02533136
0.02563170
0.02571734
0.02558969
0.02525287
0.02471351
0.02398031
0.02306360
0.02197478
0.02072586
0.01932897
0.01779607
0.01613870
0.01436796
0.01249458
0.01052910
0.00848216
0.00636481
0.00418880
0.00196687
-0.00028706
-0.00255778
-0.00482874
-0.00708215
-0.00929909
-0.01145982
-0.01354405
-0.01553130
-0.01740136
-0.01913471
-0.02071293
-0.02211913
-0.02333831
-0.02435763
-0.02516662
-0.02575731
-0.02612429
-0.02626466
-0.02617804
-0.02586647
-0.02533432
-0.02458826
-0.02363716
-0.02249199
-0.02116565
-0.01967279
-0.01802946
-0.01625276
-0.01436033
-0.01236991
-0.01029879
-0.00816347
-0.00597940
-0.00376084
-0.00152106
0.00072737
0.00297216
0.00520067
0.00739947
0.00955386
0.01164765
0.01366314
0.01558144
0.01738294
0.01904803
0.02055790
0.02189543
0.02304583
0.02399731
0.02474137
0.02527291
0.02559013
0.02569416
0.02558867
0.02527933
0.02477332
0.02407889
0.02320502
0.02216116
0.02095711
0.01960287
0.01810869
0.01648500
0.01474242
0.01289178
0.01094414
0.00891084
0.00680353
0.00463439
0.00241621
0.00016267
-0.00211150
-0.00439033
-0.00665649
-0.00889129
-0.01107481
-0.01318620
-0.01520403
-0.01710690
-0.01887393
-0.02048546
-0.02192360
-0.02317271
-0.02421980
-0.02505473
-0.02567031
-0.02606222
-0.02622881
-0.02617091
-0.02589156
-0.02539570
-0.02469003
-0.02378286
-0.02268397
-0.02140460
-0.01995741
-0.01835637
-0.01661666
-0.01475443
-0.01278654
-0.01073017
-0.00860244
-0.00642002
-0.00419887
-0.00195408
0.00030016
0.00255036
0.00478338
0.00698600
0.00914447
0.01124404
0.01326876
0.01520138
0.01702358
0.01871642
0.02026103
0.02163940
0.02283528
0.02383494
0.02462779
0.02520677
0.02556843
0.02571278
0.02564291
0.02536439
0.02488476
0.02421289
0.02335856
0.02233205
0.02114396
0.01980511
0.01832644
0.01671904
0.01499408
0.01316275
0.01123621
0.00922549
0.00714152
0.00499523
0.00279782
0.00056109
-0.00170206
-0.00397716
-0.00624781
-0.00849542
-0.01069930
-0.01283701
-0.01488498
-0.01681945
-0.01861747
-0.02025789
-0.02172227
-0.02299547
-0.02406588
-0.02492538
-0.02556890
-0.02599389
-0.02619966
-0.02618686
-0.02595714
-0.02551305
-0.02485831
-0.02399816
-0.02293985
-0.02169309
-0.02027028
-0.01868644
-0.01695881
-0.01510616
-0.01314787
-0.01110298
-0.00898935
-0.00682310
-0.00461839
-0.00238765
-0.00014220
0.00210696
0.00434821
0.00656845
0.00875258
0.01088331
0.01294138
0.01490621
0.01675681
0.01847283
0.02003552
0.02142859
0.02263864
0.02365540
0.02447153
0.02508230
0.02548510
0.02567907
0.02566472
0.02544394
0.02501999
0.02439780
0.02358416
0.02258790
0.02141988
0.02009275
0.01862041
0.01701736
0.01529795
0.01347564
0.01156256
0.00956928
0.00750504
0.00537828
0.00319742
0.00097186
-0.00128710
-0.00356556
-0.00584660
-0.00811026
-0.01033404
-0.01249367
-0.01456419
-0.01652106
-0.01834132
-0.02000446
-0.02149303
-0.02279288
-0.02389313
-0.02478587
-0.02546568
-0.02592915
-0.02617448
-0.02620120
-0.02601006
-0.02560316
-0.02498414
-0.02415846
-0.02313370
-0.02191966
-0.02052846
-0.01897431
-0.01727320
-0.01544243
-0.01350003
-0.01146417
-0.00935266
-0.00718251
-0.00496972
-0.00272918
-0.00047486
0.00177995
0.00402220
0.00623863
0.00841537
0.01053756
0.01258922
0.01455321
0.01641152
0.01814566
0.01973730
0.02116892
0.02242456
0.02349050
0.02435575
0.02501240
0.02545576
0.02568425
0.02569911
0.02550406
0.02510477
0.02450849
0.02372361
0.02275944
0.02162599
0.02033390
0.01889437
0.01731912
0.01562030
0.01381033
0.01190173
0.00990694
0.00783810
0.00570704
0.00352531
0.00130448
-0.00094355
-0.00320596
-0.00546854
-0.00771519
-0.00992772
-0.01208578
-0.01416721
-0.01614865
-0.01800641
-0.01971750
-0.02126069
-0.02261741
-0.02377245
-0.02471435
-0.02543544
-0.02593158
-0.02620167
-0.02624709
-0.02607111
-0.02567845
-0.02507502
-0.02426782
-0.02326509
-0.02207650
-0.02071332
-0.01918859
-0.01751703
-0.01571478
-0.01379901
-0.01178732
-0.00969717
-0.00754536
-0.00534770
-0.00311887
-0.00087254
0.00137826
0.00362065
0.00584139
0.00802634
0.01016019
0.01222636
0.01420709
0.01608390
0.01783811
0.01945149
0.02090693
0.02218907
0.02328470
0.02418318
0.02487649
0.02535936
0.02562915
0.02568575
0.02553141
0.02517057
0.02460962
0.02385674
0.02292154
0.02181482
0.02054815
0.01913356
0.01758316
0.01590888
0.01412231
0.01223464
0.01025680
0.00819966
0.00607438
0.00389277
0.00166757
-0.00058724
-0.00285634
-0.00512308
-0.00736961
-0.00957710
-0.01172605
-0.01379663
-0.01576902
-0.01762366
-0.01934158
-0.02090467
-0.02229595
-0.02349985
-0.02450261
-0.02529261
-0.02586074
-0.02620075
-0.02630948
-0.02618698
-0.02583652
-0.02526434
-0.02447941
-0.02349290
-0.02231775
-0.02096818
-0.01945923
-0.01780640
-0.01602539
-0.01413193
-0.01214162
-0.01006990
-0.00793199
-0.00574280
-0.00351695
-0.00126874
0.00098780
0.00323873
0.00547004
0.00766736
0.00981562
0.01189889
0.01390014
0.01580140
0.01758397
0.01922897
0.02071807
0.02203430
0.02316292
0.02409214
0.02481363
0.02532269
0.02561812
0.02570180
0.02557801
0.02525270
0.02473279
0.02402565
0.02313882
0.02207999
0.02085722
0.01947930
0.01795613
0.01629896
0.01452046
0.01263449
0.01065571
0.00859900
0.00647880
0.00430875
0.00210141
-0.00013158
-0.00237897
-0.00462920
-0.00686946
-0.00908485
-0.01125780
-0.01336783
-0.01539196
-0.01730543
-0.01908300
-0.02070036
-0.02213568
-0.02337076
-0.02439197
-0.02519053
-0.02576227
-0.02610695
-0.02622727
-0.02612784
-0.02581416
-0.02529205
-0.02456740
-0.02364634
-0.02253575
-0.02124397
-0.01978137
-0.01816084
-0.01639785
-0.01451014
-0.01251701
-0.01043839
-0.00829381
-0.00610151
-0.00387783
-0.00163706
0.00060836
0.00284714
0.00506825
0.00725998
0.00940909
0.01150033
0.01351630
0.01543786
0.01724482
0.01891695
0.02043509
0.02178210
0.02294368
0.02390873
0.02466945
0.02522115
0.02556179
0.02569149
0.02561211
0.02532692
0.02484051
0.02415883
0.02328931
0.02224105
0.02102482
0.01965298
0.01813908
0.01649743
0.01474239
0.01288778
0.01094641
0.00892976
0.00684807
0.00471072
0.00252684
0.00030613
-0.00194027
-0.00419912
-0.00645457
-0.00868810
-0.01087874
-0.01300374
-0.01503938
-0.01696203
-0.01874910
-0.02037994
-0.02183642
-0.02310331
-0.02416837
-0.02502219
-0.02565798
-0.02607123
-0.02625950
-0.02622227
-0.02596093
-0.02547887
-0.02478167
-0.02387719
-0.02277571
-0.02148975
-0.02003390
-0.01842434
-0.01667830
-0.01481345
-0.01284726
-0.01079654
-0.00867709
-0.00650357
-0.00428965
-0.00204828
0.00020787
0.00246586
0.00471199
0.00693149
0.00910823
0.01122476
0.01326255
0.01520238
0.01702497
0.01871156
0.02024464
0.02160851
0.02278976
0.02377757
0.02456389
0.02514337
0.02551321
0.02567297
0.02562426
0.02537051
0.02491672
0.02426933
0.02343607
0.02242591
0.02124892
0.01991617
0.01843954
0.01683146
0.01510463
0.01327171
0.01134505
0.00933653
0.00725751
0.00511894
0.00293172
0.00070708
-0.00154286
-0.00380461
-0.00606282
-0.00830012
-0.01049705
-0.01263239
-0.01468364
-0.01662781
-0.01844227
-0.02010559
-0.02159841
-0.02290398
-0.02400857
-0.02490162
-0.02557562
-0.02602588
-0.02625025
-0.02624872
-0.02602326
-0.02557766
-0.02491753
-0.02405037
-0.02298570
-0.02173508
-0.02031207
-0.01873198
-0.01701155
-0.01516831
-0.01322008
-0.01118428
-0.00907748
-0.00691510
-0.00471128
-0.00247915
-0.00023113
0.00202042
0.00426271
0.00648191
0.00866284
0.01078882
0.01284180
0.01480275
0.01665225
0.01837114
0.01994130
0.02134622
0.02257160
0.02360558
0.02443898
0.02506528
0.02548049
0.02568302
0.02567351
0.02545470
0.02503129
0.02440985
0.02359872
0.02260785
0.02144856
0.02013320
0.01867476
0.01708643
0.01538113
0.01357118
0.01166806
0.00968239
0.00762409
0.00550279
0.00332831
0.00111126
-0.00113634
-0.00340062
-0.00566552
-0.00791278
-0.01012213
-0.01227172
-0.01433880
-0.01630046
-0.01813445
-0.01981990
-0.02133798
-0.02267229
-0.02380918
-0.02473779
-0.02545001
-0.02594030
-0.02620552
-0.02624476
-0.02605919
-0.02565205
-0.02502863
-0.02419630
-0.02316454
-0.02194489
-0.02055084
-0.01899752
-0.01730136
-0.01547959
-0.01354972
-0.01152899
-0.00943398
-0.00728027
-0.00508233
-0.00285365
-0.00060705
0.00164494
0.00388950
0.00611302
0.00830069
0.01043627
0.01250213
0.01447944
0.01634874
0.01809057
0.01968624
0.02111861
0.02237274
0.02343642
0.02430040
0.02495842
0.02540711
0.02564560
0.02567514
0.02549876
0.02512086
0.02454703
0.02378397
0.02283944
0.02172231
0.02044265
0.01901166
0.01744156
0.01574540
0.01393666
0.01202894
0.01003559
0.00796940
0.00584254
0.00366664
0.00145307
-0.00078661
-0.00304007
-0.00529366
-0.00753196
-0.00973748
-0.01189071
-0.01397036
-0.01595394
-0.01781852
-0.01954165
-0.02110226
-0.02248149
-0.02366332
-0.02463499
-0.02538718
-0.02591389
-0.02621225
-0.02628214
-0.02612585
-0.02574772
-0.02515394
-0.02435234
-0.02335238
-0.02216506
-0.02080292
-0.01927994
-0.01761134
-0.01581329
-0.01390256
-0.01189607
-0.00981053
-0.00766203
-0.00546587
-0.00323651
-0.00098767
0.00126737
0.00351540
0.00574282
0.00793526
0.01007733
0.01215244
0.01414290
0.01603027
0.01779577
0.01942092
0.02088821
0.02218175
0.02328782
0.02419537
0.02489620
0.02538508
0.02565971
0.02572042
0.02556999
0.02521325
0.02465680
0.02390876
0.02297846
0.02187631
0.02061355
0.01920213
0.01765447
0.01598324
0.01420110
0.01232047
0.01035335
0.00831118
0.00620489
0.00404505
0.00184223
-0.00039252
-0.00264716
-0.00490812
-0.00715979
-0.00938431
-0.01156154
-0.01366933
-0.01568411
-0.01758173
-0.01933842
-0.02093190
-0.02234232
-0.02355304
-0.02455118
-0.02532781
-0.02587778
-0.02619943
-0.02629393
-0.02616472
-0.02581694
-0.02525696
-0.02449218
-0.02353097
-0.02238279
-0.02105836
-0.01956994
-0.01793133
-0.01615787
-0.01426616
-0.01227362
-0.01019793
-0.00805646
-0.00586578
-0.00364130
-0.00139721
0.00085332
0.00309777
0.00532362
0.00751781
0.00966612
0.01175283
0.01376067
0.01567099
0.01746434
0.01912118
0.02062276
0.02195202
0.02309428
0.02403789
0.02477441
0.02529873
0.02560881
0.02570537
0.02559144
0.02527192
0.02475327
0.02404319
0.02315047
0.02208487
0.02085700
0.01947823
0.01796046
0.01631594
0.01455691
0.01269543
0.01074307
0.00871092
0.00660969
0.00444991
0.00224247
-0.00000090
-0.00226707
-0.00454105
-0.00680568
-0.00904169
-0.01122786
-0.01334162
-0.01535976
-0.01725934
-0.01901851
-0.02061737
-0.02203855
-0.02326759
-0.02429308
-0.02510658
-0.02570235
-0.02607707
-0.02622947
-0.02616009
-0.02587116
-0.02536655
-0.02465188
-0.02373460
-0.02262413
-0.02133187
-0.01987115
-0.01825695
-0.01650555
-0.01463404
-0.01265982
-0.01060007
-0.00847137
-0.00628943
-0.00406905
-0.00182418
0.00043174
0.00268543
0.00492334
0.00713124
0.00929393
0.01139510
0.01341741
0.01534269
0.01715239
0.01882813
0.02035226
0.02170853
0.02288260
0.02386253
0.02463903
0.02520564
0.02555872
0.02569736
0.02562318
0.02534004
0.02485383
0.02417218
0.02330420
0.02226029
0.02105182
0.01969098
0.01819040
0.01656293
0.01482130
0.01297787
0.01104440
0.00903200
0.00695118
0.00481209
0.00262492
0.00040042
-0.00184948
-0.00411114
-0.00636879
-0.00860430
-0.01079727
-0.01292539
-0.01496516
-0.01689272
-0.01868492
-0.02032028
-0.02177985
-0.02304785
-0.02411198
-0.02496340
-0.02559646
-0.02600827
-0.02619811
-0.02616698
-0.02591725
-0.02545250
-0.02477759
-0.02389892
-0.02282470
-0.02156528
-0.02013323
-0.01854332
-0.01681213
-0.01495752
-0.01299792
-0.01095150
-0.00883556
-0.00666603
-0.00445732
-0.00222249
0.00002634
0.00227724
0.00451783
0.00673452
0.00891213
0.01103371
0.01308070
0.01503347
0.01687203
0.01857689
0.02012987
0.02151478
0.02271790
0.02372818
0.02453721
0.02513906
0.02553005
0.02570849
0.02567462
0.02543054
0.02498035
0.02433030
0.02348883
0.02246658
0.02127611
0.01993142
0.01844730
0.01683854
0.01511914
0.01330171
0.01139711
0.00941445
0.00736156
0.00524565
0.00307433
0.00085665
-0.00139603
-0.00366933
-0.00594567
-0.00820443
-0.01042258
-0.01257565
-0.01463885
-0.01658821
-0.01840157
-0.02005928
-0.02154463
-0.02284383
-0.02394583
-0.02484190
-0.02552526
-0.02599074
-0.02623461
-0.02625467
-0.02605049
-0.02562376
-0.02497871
-0.02412234
-0.02306460
-0.02181821
-0.02039827
-0.01882166
-0.01710627
-0.01527023
-0.01333118
-0.01130577
-0.00920933
-0.00705588
-0.00485834
-0.00262899
-0.00037996
0.00187618
0.00412592
0.00635452
0.00854578
0.01068217
0.01274505
0.01471511
0.01657290
0.01829943
0.01987680
0.02128872
0.02252100
0.02356188
0.02440225
0.02503575
0.02545868
0.02566989
0.02567056
0.02546390
0.02505494
0.02445018
0.02365746
0.02268569
0.02154473
0.02024525
0.01879860
0.01721667
0.01551170
0.01369614
0.01178242
0.00978280
0.00770930
0.00557368
0.00338763
0.00116299
-0.00108785
-0.00335148
-0.00561307
-0.00785600
-0.01006174
-0.01220991
-0.01427865
-0.01624521
-0.01808679
-0.01978143
-0.02130893
-0.02265162
-0.02379495
-0.02472774
-0.02544222
-0.02593376
-0.02620050
-0.02624283
-0.02606303
-0.02566492
-0.02505380
-0.02423642
-0.02322119
-0.02201836
-0.02064009
-0.01910051
-0.01741542
-0.01560188
-0.01367760
-0.01166027
-0.00956696
-0.00741361
-0.00521490
-0.00298427
-0.00073435
0.00152247
0.00377334
0.00600433
0.00819999
0.01034319
0.01241529
0.01439668
0.01626749
0.01800848
0.01960186
0.02103196
0.02228569
0.02335262
0.02422488
0.02489682
0.02536466
0.02562606
0.02567997
0.02552663
0.02516772
0.02460669
0.02384915
0.02290312
0.02177907
0.02048975
0.01904969
0.01747445
0.01577972
0.01398052
0.01209044
0.01012128
0.00808304
0.00598427
0.00383284
0.00163690
-0.00059417
-0.00284878
-0.00511257
-0.00736812
-0.00959512
-0.01177092
-0.01387141
-0.01587203
-0.01774886
-0.01947952
-0.02104397
-0.02242499
-0.02360836
-0.02458293
-0.02534039
-0.02587515
-0.02618401
-0.02626611
-0.02612272
-0.02575729
-0.02517540
-0.02438471
-0.02339494
-0.02221761
-0.02086587
-0.01935408
-0.01769748
-0.01591179
-0.01401287
-0.01201646
-0.00993802
-0.00779267
-0.00559522
-0.00336027
-0.00110238
0.00116383
0.00342345
0.00566122
0.00786141
0.01000776
0.01208355
0.01407163
0.01595463
0.01771519
0.01933632
0.02080179
0.02209664
0.02320761
0.02412361
0.02483606
0.02533918
0.02562997
0.02570823
0.02557627
0.02523857
0.02470147
0.02397270
0.02306113
0.02197647
0.02072914
0.01933019
0.01779125
0.01612445
0.01434237
0.01245786
0.01048389
0.00843327
0.00631857
0.00415196
0.00194536
-0.00028934
-0.00253987
-0.00479303
-0.00703421
-0.00924689
-0.01141243
-0.01351013
-0.01551759
-0.01741145
-0.01916835
-0.02076600
-0.02218429
-0.02340619
-0.02441834
-0.02521135
-0.02577968
-0.02612121
-0.02623663
-0.02612876
-0.02580199
-0.02526185
-0.02451487
-0.02356865
-0.02243214
-0.02111595
-0.01963260
-0.01799662
-0.01622431
-0.01433334
-0.01234208
-0.01026884
-0.00813113
-0.00594513
-0.00372545
-0.00148522
0.00076346
0.00300881
0.00523857
0.00743927
0.00959568
0.01169062
0.01370516
0.01561924
0.01741253
0.01906540
0.02055998
0.02188089
0.02301574
0.02395533
0.02469341
0.02522630
0.02555236
0.02567146
0.02558468
0.02529417
0.02480323
0.02411663
0.02324091
0.02218469
0.02095876
0.01957596
0.01805066
0.01639813
0.01463370
0.01277193
0.01082601
0.00880738
0.00672585
0.00459005
0.00240823
0.00018927
-0.00205627
-0.00431532
-0.00657178
-0.00880638
-0.01099709
-0.01311993
-0.01515005
-0.01706296
-0.01883572
-0.02044789
-0.02188221
-0.02312482
-0.02416515
-0.02499559
-0.02561090
-0.02600774
-0.02618418
-0.02613953
-0.02587438
-0.02539080
-0.02469277
-0.02378660
-0.02268127
-0.02138855
-0.01992292
-0.01830117
-0.01654174
-0.01466390
-0.01268689
-0.01062913
-0.00850759
-0.00633749
-0.00413229
-0.00190400
0.00033623
0.00257737
0.00480773
0.00701426
0.00918211
0.01129438
0.01333230
0.01527568
0.01710366
0.01879558
0.02033201
0.02169559
0.02287182
0.02384952
0.02462102
0.02518208
0.02553150
0.02567069
0.02560297
0.02533314
0.02486692
0.02421074
0.02337161
0.02235717
0.02117583
0.01983701
0.01835121
0.01673007
0.01498622
0.01313305
0.01118432
0.00915376
0.00705472
0.00490003
0.00270194
0.00047237
-0.00177660
-0.00403220
-0.00628038
-0.00850521
-0.01068869
-0.01281068
-0.01484926
-0.01678141
-0.01858394
-0.02023452
-0.02171276
-0.02300108
-0.02408529
-0.02495497
-0.02560329
-0.02602677
-0.02622469
-0.02619852
-0.02595139
-0.02548777
-0.02481333
-0.02393501
-0.02286131
-0.02160253
-0.02017106
-0.01858142
-0.01685003
-0.01499484
-0.01303459
-0.01098805
-0.00887322
-0.00670671
-0.00450337
-0.00227629
-0.00003715
0.00220309
0.00443338
0.00664169
0.00881427
0.01093521
0.01298639
0.01494787
0.01679859
0.01851739
0.02008415
0.02148086
0.02269241
0.02370720
0.02451725
0.02511805
0.02550806
0.02568816
0.02566097
0.02543038
0.02500119
0.02437901
0.02357035
0.02258283
0.02142540
0.02010845
0.01864385
0.01704464
0.01532466
0.01349791
0.01157804
0.00957780
0.00750880
0.00538150
0.00320560
0.00099065
-0.00125310
-0.00351382
-0.00577734
-0.00802664
-0.01024173
-0.01239998
-0.01447689
-0.01644715
-0.01828591
-0.01997007
-0.02147934
-0.02279709
-0.02391063
-0.02481123
-0.02549364
-0.02595545
-0.02619629
-0.02621721
-0.02602013
-0.02560772
-0.02498355
-0.02415246
-0.02312116
-0.02189871
-0.02049696
-0.01893057
-0.01721676
-0.01537468
-0.01342445
-0.01138613
-0.00927869
-0.00711925
-0.00492265
-0.00270149
-0.00046661
0.00177202
0.00400428
0.00621881
0.00840217
0.01053835
0.01260876
0.01459272
0.01646841
0.01821402
0.01980903
0.02123534
0.02247808
0.02352606
0.02437169
0.02501061
0.02544103
0.02566299
0.02567779
0.02548758
0.02509530
0.02450491
0.02372182
0.02275338
0.02160924
0.02030146
0.01884425
0.01725333
0.01554498
0.01373500
0.01183769
0.00986515
0.00782703
0.00573083
0.00358273
0.00138887
-0.00084321
-0.00310315
-0.00537676
-0.00764551
-0.00988666
-0.01207420
-0.01418020
-0.01617659
-0.01803699
-0.01973818
-0.02126126
-0.02259208
-0.02372100
-0.02464221
-0.02535264
-0.02585076
-0.02613566
-0.02620641
-0.02606197
-0.02570164
-0.02512583
-0.02433704
-0.02334087
-0.02214659
-0.02076737
-0.01921995
-0.01752374
-0.01569966
-0.01376872
-0.01175077
-0.00966357
-0.00752228
-0.00533960
-0.00312631
-0.00089228
0.00135245
0.00359660
0.00582682
0.00802740
0.01018027
0.01226559
0.01426259
0.01615052
0.01790966
0.01952206
0.02097204
0.02224639
0.02333429
0.02422705
0.02491783
0.02540145
0.02567427
0.02573441
0.02558192
0.02521919
0.02465121
0.02388571
0.02293305
0.02180581
0.02051819
0.01908514
0.01752156
0.01584153
0.01405774
0.01218131
0.01022190
0.00818815
0.00608835
0.00393126
0.00172683
-0.00051314
-0.00277462
-0.00504126
-0.00729453
-0.00951417
-0.01167866
-0.01376594
-0.01575397
-0.01762132
-0.01934765
-0.02091411
-0.02230362
-0.02350120
-0.02449412
-0.02527221
-0.02582794
-0.02615663
-0.02625651
-0.02612866
-0.02577691
-0.02520762
-0.02442936
-0.02345260
-0.02228926
-0.02095248
-0.01945623
-0.01781514
-0.01604426
-0.01415895
-0.01217469
-0.01010698
-0.00797119
-0.00578244
-0.00355549
-0.00130479
0.00095550
0.00321129
0.00544829
0.00765173
0.00980601
0.01189454
0.01389968
0.01580296
0.01758543
0.01922832
0.02071378
0.02202565
0.02315015
0.02407643
0.02479686
0.02530699
0.02560531
0.02569286
0.02557260
0.02524904
0.02472777
0.02401527
0.02311894
0.02204715
0.02080946
0.01941674
0.01788119
0.01621615
0.01443571
0.01255423
0.01058571
0.00854334
0.00643916
0.00428411
0.00208832
-0.00013823
-0.00238483
-0.00463921
-0.00688670
-0.00910984
-0.01128826
-0.01339919
-0.01541826
-0.01732071
-0.01908271
-0.02068256
-0.02210173
-0.02332538
-0.02434255
-0.02514584
-0.02573082
-0.02609533
-0.02623874
-0.02616156
-0.02586520
-0.02535219
-0.02462660
-0.02369462
-0.02256510
-0.02124986
-0.01976369
-0.01812398
-0.01634985
-0.01446122
-0.01247760
-0.01041715
-0.00829595
-0.00612777
-0.00392427
-0.00169573
0.00054802
0.00279648
0.00503749
0.00725650
0.00943633
0.01155736
0.01359820
0.01553670
0.01735112
0.01902119
0.02052913
0.02186016
0.02300279
0.02394863
0.02469209
0.02522980
0.02556016
0.02568296
0.02559924
0.02531128
0.02482286
0.02413946
0.02326849
0.02221939
0.02100342
0.01963336
0.01812288
0.01648593
0.01473609
0.01288605
0.01094732
0.00893030
0.00684456
0.00469939
0.00250454
0.00027095
-0.00198865
-0.00425931
-0.00652366
-0.00876214
-0.01095338
-0.01307485
-0.01510363
-0.01701720
-0.01879419
-0.02041496
-0.02186208
-0.02312058
-0.02417810
-0.02502490
-0.02565377
-0.02605997
-0.02624108
-0.02619698
-0.02592969
-0.02544343
-0.02474445
-0.02384106
-0.02274350
-0.02146376
-0.02001546
-0.01841354
-0.01667395
-0.01481334
-0.01284862
-0.01079665
-0.00867386
-0.00649605
-0.00427820
-0.00203448
0.00022153
0.00247665
0.00471762
0.00693068
0.00910117
0.01121326
0.01324976
0.01519229
0.01702167
0.01871846
0.02026378
0.02164012
0.02283216
0.02382741
0.02461671
0.02519429
0.02555776
0.02570771
0.02564718
0.02538115
0.02491598
0.02425902
0.02341834
0.02240268
0.02122145
0.01988485
0.01840390
0.01679044
0.01505696
0.01321633
0.01128146
0.00926496
0.00717886
0.00503460
0.00284318
0.00061559
-0.00163657
-0.00390043
-0.00616111
-0.00840138
-0.01060143
-0.01273915
-0.01479081
-0.01673200
-0.01853883
-0.02018914
-0.02166357
-0.02294630
-0.02402539
-0.02489272
-0.02554352
-0.02597568
-0.02618898
-0.02618438
-0.02596357
-0.02552889
-0.02488349
-0.02403188
-0.02298048
-0.02173829
-0.02031718
-0.01873204
-0.01700035
-0.01514154
-0.01317594
-0.01112371
-0.00900382
-0.00683327
-0.00462675
-0.00239678
-0.00015425
0.00209064
0.00432736
0.00654397
0.00872640
0.01085800
0.01291973
0.01489066
0.01674895
0.01847307
0.02004295
0.02144111
0.02265337
0.02366923
0.02448180
0.02508741
0.02548498
0.02567538
0.02566072
0.02544401
0.02502893
0.02441992
0.02362246
0.02264338
0.02149119
0.02017623
0.01871061
0.01710786
0.01538244
0.01354905
0.01162203
0.00961475
0.00753942
0.00540704
0.00322782
0.00101173
-0.00123068
-0.00348745
-0.00574456
-0.00798543
-0.01019090
-0.01233944
-0.01440783
-0.01637209
-0.01820848
-0.01989459
-0.02141031
-0.02273846
-0.02386524
-0.02478031
-0.02547665
-0.02595019
-0.02619939
-0.02622484
-0.02602895
-0.02561572
-0.02499075
-0.02416128
-0.02313626
-0.02192645
-0.02054438
-0.01900415
-0.01732115
-0.01551157
-0.01359189
-0.01157839
-0.00948677
-0.00733191
-0.00512788
-0.00288815
-0.00062599
0.00164501
0.00391047
0.00615483
0.00836113
0.01051106
0.01258530
0.01456404
0.01642766
0.01815753
0.01973662
0.02115010
0.02238560
0.02343333
0.02428589
0.02493803
0.02538627
0.02562859
0.02566426
0.02549378
0.02511903
0.02454353
0.02377274
0.02281431
0.02167816
0.02037642
0.01892303
0.01733315
0.01562247
0.01380639
0.01189934
0.00991436
0.00786286
0.00575487
0.00359952
0.00140581
-0.00081653
-0.00305617
-0.00529954
-0.00753043
-0.00973003
-0.01187730
-0.01394964
-0.01592388
-0.01777718
-0.01948805
-0.02103702
-0.02240719
-0.02358441
-0.02455726
-0.02531688
-0.02585667
-0.02617209
-0.02626058
-0.02612156
-0.02575661
-0.02516979
-0.02436787
-0.02336050
-0.02216016
-0.02078192
-0.01924288
-0.01756143
-0.01575636
-0.01384604
-0.01184764
-0.00977668
-0.00764687
-0.00547029
-0.00325793
-0.00102039
0.00123125
0.00348468
0.00572575
0.00793819
0.01010360
0.01220190
0.01421196
0.01611248
0.01788290
0.01950426
0.02095989
0.02223587
0.02332121
0.02420777
0.02489004
0.02536479
0.02563072
0.02568815
0.02553883
0.02518594
0.02463410
0.02388953
0.02296016
0.02185568
0.02058745
0.01916828
0.01761198
0.01593290
0.01414532
0.01226294
0.01029845
0.00826337
0.00616806
0.00402209
0.00183475
-0.00038423
-0.00262392
-0.00487148
-0.00711169
-0.00932669
-0.01149608
-0.01359740
-0.01560681
-0.01750008
-0.01925365
-0.02084563
-0.02225669
-0.02347069
-0.02447499
-0.02526055
-0.02582165
-0.02615560
-0.02626219
-0.02614335
-0.02580277
-0.02524576
-0.02447923
-0.02351175
-0.02235373
-0.02101744
-0.01951704
-0.01786829
-0.01608819
-0.01419442
-0.01220462
-0.01013583
-0.00800398
-0.00582359
-0.00360784
-0.00136885
0.00088170
0.00313187
0.00536873
0.00757773
0.00974240
0.01184432
0.01386348
0.01577904
0.01757018
0.01921717
0.02070225
0.02201037
0.02312962
0.02405129
0.02476960
0.02528133
0.02558519
0.02568139
0.02557127
0.02525722
0.02474277
0.02403294
0.02313457
0.02205665
0.02081043
0.01940924
0.01786803
0.01620259
0.01442870
0.01256114
0.01061306
0.00859550
0.00651750
0.00438660
0.00220976
-0.00000543
-0.00224955
-0.00451026
-0.00677159
-0.00901377
-0.01121364
-0.01334558
-0.01538280
-0.01729891
-0.01906942
-0.02067294
-0.02209197
-0.02331329
-0.02432765
-0.02512924
-0.02571484
-0.02608296
-0.02623312
-0.02616548
-0.02588081
-0.02538077
-0.02466854
-0.02374946
-0.02263164
-0.02132630
-0.01984776
-0.01821304
-0.01644110
-0.01455179
-0.01256481
-0.01049874
-0.00837034
-0.00619423
-0.00398309
-0.00174816
0.00049989
0.00275008
0.00499013
0.00720589
0.00938096
0.01149684
0.01353336
0.01546953
0.01728445
0.01895835
0.02047338
0.02181431
0.02296878
0.02392740
0.02468353
0.02523292
0.02557338
0.02570443
0.02562713
0.02534404
0.02485932
0.02417888
0.02331054
0.02226409
0.02105109
0.01968461
0.01817869
0.01654768
0.01480555
0.01296537
0.01103884
0.00903622
0.00696652
0.00483804
0.00265913
0.00043903
-0.00181119
-0.00407799
-0.00634486
-0.00859232
-0.01079823
-0.01293849
-0.01498805
-0.01692205
-0.01871692
-0.02035143
-0.02180742
-0.02307023
-0.02412874
-0.02497518
-0.02560464
-0.02601454
-0.02620406
-0.02617374
-0.02592523
-0.02546135
-0.02478625
-0.02390582
-0.02282802
-0.02156321
-0.02012426
-0.01852647
-0.01678713
-0.01492486
-0.01295887
-0.01090804
-0.00879023
-0.00662165
-0.00441668
-0.00218799
0.00005303
0.00229551
0.00452828
0.00673899
0.00891345
0.01103527
0.01308589
0.01504498
0.01689124
0.01860342
0.02016148
0.02154758
0.02274701
0.02374863
0.02454506
0.02513240
0.02550977
0.02567857
0.02564182
0.02540351
0.02496827
0.02434116
0.02352787
0.02253494
0.02137017
0.02004294
0.01856435
0.01694719
0.01520556
0.01335437
0.01140870
0.00938311
0.00729116
0.00514518
0.00295638
0.00073524
-0.00150770
-0.00376102
-0.00601154
-0.00824362
-0.01043884
-0.01257608
-0.01463202
-0.01658216
-0.01840198
-0.02006827
-0.02156038
-0.02286112
-0.02395738
-0.02484017
-0.02550433
-0.02594785
-0.02617104
-0.02617574
-0.02596465
-0.02554101
-0.02490859
-0.02407202
-0.02303736
-0.02181273
-0.02040882
-0.01883918
-0.01712018
-0.01527050
-0.01331032
-0.01126032
-0.00914055
-0.00696948
-0.00476337
-0.00253607
-0.00029925
0.00193689
0.00416262
0.00636757
0.00853971
0.01066458
0.01272504
0.01470145
0.01657233
0.01831549
0.01990931
0.02133405
0.02257296
0.02361312
0.02444576
0.02506619
0.02547332
0.02566891
0.02565680
0.02544207
0.02503052
0.02442831
0.02364196
0.02267851
0.02154584
0.02025297
0.01881023
0.01722927
0.01552288
0.01370448
0.01178769
0.00978580
0.00771137
0.00557615
0.00339119
0.00116732
-0.00108418
-0.00335085
-0.00561830
-0.00786972
-0.01008570
-0.01224446
-0.01432243
-0.01629522
-0.01813873
-0.01983034
-0.02134991
-0.02268063
-0.02380933
-0.02472662
-0.02542648
-0.02590586
-0.02616391
-0.02620151
-0.02602077
-0.02562487
-0.02501808
-0.02420602
-0.02319602
-0.02199745
-0.02062195
-0.01908340
-0.01739772
-0.01558232
-0.01365540
-0.01163526
-0.00953951
-0.00738460
-0.00518556
-0.00295598
-0.00070844
0.00154498
0.00379199
0.00601944
0.00821278
0.01035577
0.01243053
0.01441785
0.01629780
0.01805046
0.01965682
0.02109949
0.02236339
0.02343617
0.02430843
0.02497369
0.02542823
0.02567083
0.02570243
0.02552589
0.02514577
0.02456814
0.02380049
0.02285166
0.02173170
0.02045174
0.01902370
0.01746005
0.01577341
0.01397628
0.01208076
0.01009844
0.00804040
0.00591743
0.00374037
0.00152057
-0.00072961
-0.00299635
-0.00526404
-0.00751514
-0.00973024
-0.01188837
-0.01396753
-0.01594535
-0.01779985
-0.01951015
-0.02105717
-0.02242409
-0.02359676
-0.02456379
-0.02531658
-0.02584914
-0.02615796
-0.02624176
-0.02610134
-0.02573948
-0.02516093
-0.02437245
-0.02338284
-0.02220297
-0.02084573
-0.01932577
-0.01765924
-0.01586329
-0.01395550
-0.01195336
-0.00987369
-0.00773227
-0.00554368
-0.00332134
-0.00107776
0.00117491
0.00342431
0.00565724
0.00785915
0.01001378
0.01210319
0.01410794
0.01600775
0.01778223
0.01941183
0.02087876
0.02216774
0.02326659
0.02416641
0.02486155
0.02534926
0.02562913
0.02570252
0.02557202
0.02524104
0.02471369
0.02399484
0.02309036
0.02200751
0.02075526
0.01934450
0.01778805
0.01610037
0.01429699
0.01239384
0.01040648
0.00834939
0.00623555
0.00407632
0.00188174
-0.00033886
-0.00257591
-0.00481861
-0.00705394
-0.00926600
-0.01143575
-0.01354116
-0.01555798
-0.01746079
-0.01922441
-0.02082531
-0.02224285
-0.02346028
-0.02446518
-0.02524951
-0.02580923
-0.02614351
-0.02625394
-0.02614369
-0.02581689
-0.02527831
-0.02453336
-0.02358845
-0.02245142
-0.02113209
-0.01964263
-0.01799769
-0.01621419
-0.01431079
-0.01230708
-0.01022263
-0.00807609
-0.00588450
-0.00366291
-0.00142439
0.00081946
0.00305783
0.00527972
0.00747302
0.00962379
0.01171583
0.01373073
0.01564837
0.01744773
0.01910798
0.02060970
0.02193589
0.02307274
0.02401012
0.02474155
0.02526393
0.02557690
0.02568216
0.02558282
0.02528288
0.02478694
0.02410016
0.02322853
0.02217911
0.02096044
0.01958273
0.01805790
0.01639941
0.01462175
0.01273991
0.01076871
0.00872220
0.00661333
0.00445385
0.00225459
0.00002600
-0.00222109
-0.00447460
-0.00672050
-0.00894225
-0.01112067
-0.01323416
-0.01525934
-0.01717206
-0.01894850
-0.02056640
-0.02200605
-0.02325108
-0.02428888
-0.02511063
-0.02571099
-0.02608756
-0.02624030
-0.02617091
-0.02588240
-0.02537893
-0.02466579
-0.02374974
-0.02263925
-0.02134493
-0.01987967
-0.01825862
-0.01649887
-0.01461891
-0.01263781
-0.01057439
-0.00844643
-0.00627013
-0.00405978
-0.00182798
0.00041399
0.00265533
0.00488489
0.00709025
0.00925706
0.01136870
0.01340629
0.01534924
0.01717605
0.01886540
0.02039737
0.02175443
0.02292232
0.02389049
0.02465220
0.02520419
0.02554617
0.02568006
0.02560936
0.02533852
0.02487260
0.02421720
0.02337855
0.02236380
0.02118132
0.01984090
0.01835386
0.01673283
0.01499140
0.01314356
0.01120314
0.00918328
0.00709613
0.00495282
0.00276373
0.00053914
-0.00171007
-0.00397153
-0.00623068
-0.00847028
-0.01067032
-0.01280836
-0.01486025
-0.01680118
-0.01860694
-0.02025514
-0.02172620
-0.02300420
-0.02407709
-0.02493671
-0.02557831
-0.02599994
-0.02620164
-0.02618485
-0.02595191
-0.02550587
-0.02485061
-0.02399122
-0.02293442
-0.02168913
-0.02026676
-0.01868132
-0.01694924
-0.01508883
-0.01311951
-0.01106093
-0.00893211
-0.00675067
-0.00453245
-0.00229144
-0.00004004
0.00221029
0.00444824
0.00666181
0.00883754
0.01096005
0.01301187
0.01497369
0.01682498
0.01854487
0.02011320
0.02151153
0.02272410
0.02373847
0.02454586
0.02514116
0.02552268
0.02569160
0.02565142
0.02540733
0.02496569
0.02433364
0.02351892
0.02252982
0.02137524
0.02006474
0.01860867
0.01701815
0.01530492
0.01348120
0.01155942
0.00955194
0.00747095
0.00532839
0.00313607
0.00090600
-0.00134920
-0.00361581
-0.00587856
-0.00812030
-0.01032190
-0.01246242
-0.01451957
-0.01647042
-0.01829226
-0.01996356
-0.02146487
-0.02277947
-0.02389391
-0.02479809
-0.02548519
-0.02595128
-0.02619484
-0.02621628
-0.02601753
-0.02560176
-0.02497341
-0.02413834
-0.02310414
-0.02188046
-0.02047926
-0.01891489
-0.01720390
-0.01536456
-0.01341614
-0.01137805
-0.00926900
-0.00710620
-0.00490497
-0.00267858
-0.00043858
0.00180453
0.00404043
0.00625795
0.00844420
0.01058391
0.01265923
0.01464995
0.01653422
0.01828958
0.01989427
0.02132846
0.02257541
0.02362224
0.02446028
0.02508498
0.02549547
0.02569378
0.02568401
0.02547153
0.02506237
0.02446286
0.02367961
0.02271968
0.02159090
0.02030221
0.01886389
0.01728761
0.01558618
0.01377319
0.01186240
0.00986726
0.00780043
0.00567362
0.00349774
0.00128328
-0.00095893
-0.00321697
-0.00547702
-0.00772280
-0.00993534
-0.01209314
-0.01417281
-0.01614998
-0.01800054
-0.01970178
-0.02123351
-0.02257885
-0.02372459
-0.02466120
-0.02538247
-0.02588490
-0.02616704
-0.02622888
-0.02607144
-0.02569671
-0.02510781
-0.02430939
-0.02330817
-0.02211338
-0.02073703
-0.01919393
-0.01750132
-0.01567814
-0.01374420
-0.01171914
-0.00962151
-0.00746817
-0.00527393
-0.00305168
-0.00081284
0.00143183
0.00367134
0.00589360
0.00808472
0.01022868
0.01230736
0.01430101
0.01618892
0.01795047
0.01956601
0.02101786
0.02229089
0.02337297
0.02425506
0.02493103
0.02539739
0.02565287
0.02569808
0.02553530
0.02516833
0.02460250
0.02384478
0.02290380
0.02178988
0.02051482
0.01909160
0.01753390
0.01585551
0.01406979
0.01218921
0.01022505
0.00818747
0.00608572
0.00392880
0.00172606
-0.00051187
-0.00277249
-0.00504081
-0.00729915
-0.00952726
-0.01170277
-0.01380193
-0.01580056
-0.01767505
-0.01940332
-0.02096562
-0.02234505
-0.02352786
-0.02450346
-0.02526423
-0.02580522
-0.02612375
-0.02621916
-0.02609253
-0.02574664
-0.02518593
-0.02441669
-0.02344709
-0.02228730
-0.02094948
-0.01944758
-0.01779705
-0.01601444
-0.01411684
-0.01212139
-0.01004483
-0.00790316
-0.00571144
-0.00348391
-0.00123411
0.00102471
0.00327916
0.00551529
0.00771823
0.00987195
0.01195926
0.01396194
0.01586119
0.01763808
0.01927422
0.02075241
0.02205721
0.02317548
0.02409671
0.02481317
0.02531994
0.02561478
0.02569789
0.02557163
0.02524029
0.02470977
0.02398746
0.02308202
0.02200326
0.02076206
0.01937015
0.01783993
0.01618420
0.01441585
0.01254758
0.01059159
0.00855947
0.00646216
0.00431017
0.00211389
-0.00011584
-0.00236718
-0.00462665
-0.00687867
-0.00910525
-0.01128606
-0.01339871
-0.01541941
-0.01732394
-0.01908864
-0.02069154
-0.02211334
-0.02333812
-0.02435375
-0.02515198
-0.02572814
-0.02608062
-0.02621022
-0.02611945
-0.02581206
-0.02529268
-0.02456675
-0.02364075
-0.02252251
-0.02122166
-0.01974997
-0.01812151
-0.01635254
-0.01446110
-0.01246638
-0.01038781
-0.00824427
-0.00605326
-0.00383049
-0.00158972
0.00065699
0.00289863
0.00512436
0.00732259
0.00948008
0.01158138
0.01360861
0.01554176
0.01735937
0.01903965
0.02056169
0.02190678
0.02305943
0.02400815
0.02474575
0.02526918
0.02557898
0.02567850
0.02557300
0.02526875
0.02477243
0.02409075
0.02323039
0.02219824
0.02100175
0.01964937
0.01815085
0.01651744
0.01476170
0.01289724
0.01093819
0.00889868
0.00679236
0.00463214
0.00243016
0.00019815
-0.00205210
-0.00430796
-0.00655532
-0.00877798
-0.01095739
-0.01307269
-0.01510125
-0.01701945
-0.01880375
-0.02043190
-0.02188396
-0.02314322
-0.02419666
-0.02503514
-0.02565312
-0.02604821
-0.02622044
-0.02617165
-0.02590495
-0.02542442
-0.02473504
-0.02384295
-0.02275576
-0.02148303
-0.02003653
-0.01843041
-0.01668101
-0.01480650
-0.01282611
-0.01075934
-0.00862512
-0.00644105
-0.00422302
-0.00198501
0.00026060
0.00250250
0.00472963
0.00693035
0.00909161
0.01119848
0.01323387
0.01517874
0.01701273
0.01871495
0.02026511
0.02164461
0.02283747
0.02383111
0.02461675
0.02518942
0.02554768
0.02569315
0.02562976
0.02536314
0.02489999
0.02424764
0.02341383
0.02240668
0.02123474
0.01990724
0.01843415
0.01682636
0.01509557
0.01325420
0.01131508
0.00929119
0.00719544
0.00504047
0.00283872
0.00060262
-0.00165502
-0.00392056
-0.00617902
-0.00841368
-0.01060591
-0.01273518
-0.01477946
-0.01671589
-0.01852160
-0.02017476
-0.02165553
-0.02294689
-0.02403520
-0.02491051
-0.02556642
-0.02599978
-0.02621010
-0.02619891
-0.02596923
-0.02552517
-0.02487172
-0.02401485
-0.02296183
-0.02172157
-0.02030508
-0.01872565
-0.01699895
-0.01514265
-0.01317593
-0.01111863
-0.00899035
-0.00680962
-0.00459323
-0.00235588
-0.00011034
0.00213215
0.00436105
0.00656553
0.00873356
0.01085105
0.01290153
0.01486614
0.01672416
0.01845395
0.02003419
0.02144514
0.02266988
0.02369519
0.02451204
0.02511562
0.02550492
0.02568202
0.02565119
0.02541804
0.02498881
0.02436995
0.02356804
0.02258999
0.02144338
0.02013690
0.01868068
0.01708641
0.01536716
0.01353699
0.01161034
0.00960137
0.00752342
0.00538867
0.00320818
0.00099228
-0.00124873
-0.00350366
-0.00575950
-0.00800071
-0.01020877
-0.01236223
-0.01443731
-0.01640885
-0.01825160
-0.01994165
-0.02145770
-0.02278206
-0.02390126
-0.02480605
-0.02549111
-0.02595434
-0.02619595
-0.02621773
-0.02602235
-0.02561310
-0.02499393
-0.02416983
-0.02314734
-0.02193515
-0.02054450
-0.01898937
-0.01728621
-0.01545341
-0.01351039
-0.01147664
-0.00937076
-0.00720971
-0.00500844
-0.00277995
-0.00053577
0.00171322
0.00395591
0.00617992
0.00837097
0.01051245
0.01258556
0.01456982
0.01644392
0.01818682
0.01977887
0.02120280
0.02244440
0.02349284
0.02434067
0.02498347
0.02541932
0.02564817
0.02567140
0.02549141
0.02511153
0.02453607
0.02377061
0.02282219
0.02169958
0.02041327
0.01897533
0.01739904
0.01569830
0.01388704
0.01197866
0.00998567
0.00791950
0.00579075
0.00360958
0.00138643
-0.00086724
-0.00313824
-0.00541112
-0.00766796
-0.00988845
-0.01205040
-0.01413049
-0.01610522
-0.01795188
-0.01964948
-0.02117946
-0.02252610
-0.02367669
-0.02462142
-0.02535308
-0.02586673
-0.02615929
-0.02622939
-0.02607719
-0.02570456
-0.02511525
-0.02431517
-0.02331267
-0.02211861
-0.02074637
-0.01921151
-0.01753128
-0.01572393
-0.01380795
-0.01180136
-0.00972105
-0.00758239
-0.00539919
-0.00318383
-0.00094776
0.00129785
0.00354139
0.00577010
0.00796952
0.01012320
0.01221275
0.01421816
0.01611845
0.01789251
0.01952007
0.02098265
0.02226434
0.02335242
0.02423763
0.02491425
0.02537977
0.02563449
0.02568090
0.02552316
0.02516648
0.02461686
0.02388080
0.02296532
0.02187806
0.02062746
0.01922300
0.01767526
0.01599602
0.01419806
0.01229497
0.01030076
0.00822953
0.00609518
0.00391119
0.00169062
-0.00055365
-0.00280861
-0.00506062
-0.00729494
-0.00949528
-0.01164359
-0.01372009
-0.01570354
-0.01757184
-0.01930289
-0.02087546
-0.02227017
-0.02347035
-0.02446263
-0.02523728
-0.02578826
-0.02611297
-0.02621176
-0.02608742
-0.02574458
-0.02518926
-0.02442861
-0.02347078
-0.02232501
-0.02100182
-0.01951324
-0.01787289
-0.01609604
-0.01419935
-0.01220049
-0.01011758
-0.00796857
-0.00577063
-0.00353976
-0.00129058
0.00096356
0.00321022
0.00543722
0.00763195
0.00978069
0.01186805
0.01387678
0.01578789
0.01758113
0.01923591
0.02073229
0.02205215
0.02318020
0.02410479
0.02481836
0.02531743
0.02560230
0.02567634
0.02554516
0.02521574
0.02469563
0.02399242
0.02311347
0.02206589
0.02085686
0.01949402
0.01798583
0.01634204
0.01457377
0.01269350
0.01071490
0.00865239
0.00652073
0.00433467
0.00210870
-0.00014298
-0.00240627
-0.00466684
-0.00690963
-0.00911848
-0.01127577
-0.01336238
-0.01535788
-0.01724105
-0.01899060
-0.02058603
-0.02200856
-0.02324188
-0.02427274
-0.02509120
-0.02569062
-0.02606741
-0.02622059
-0.02615126
-0.02586224
-0.02535775
-0.02464333
-0.02372591
-0.02261412
-0.02131848
-0.01985160
-0.01822825
-0.01646510
-0.01458027
-0.01259264
-0.01052111
-0.00838378
-0.00619740
-0.00397699
-0.00173588
0.00051394
0.00276117
0.00499433
0.00720096
0.00936689
0.01147587
0.01350950
0.01544771
0.01726945
0.01895377
0.02048094
0.02183346
0.02299691
0.02396046
0.02471693
0.02526260
0.02559669
0.02572072
0.02563786
0.02535245
0.02486966
0.02419543
0.02333656
0.02230096
0.02109790
0.01973809
0.01823368
0.01659794
0.01484483
0.01298841
0.01104226
0.00901901
0.00693016
0.00478614
0.00259680
0.00037204
-0.00187729
-0.00413857
-0.00639672
-0.00863384
-0.01082927
-0.01296002
-0.01500167
-0.01692948
-0.01871964
-0.02035039
-0.02180299
-0.02306228
-0.02411686
-0.02495889
-0.02558362
-0.02598877
-0.02617385
-0.02613971
-0.02588820
-0.02542224
-0.02474595
-0.02386511
-0.02278756
-0.02152353
-0.02008577
-0.01848940
-0.01675151
-0.01489046
-0.01292508
-0.01087387
-0.00875428
-0.00658226
-0.00437214
-0.00213685
0.00011165
0.00236164
0.00460090
0.00681603
0.00899201
0.01111198
0.01315739
0.01510850
0.01694500
0.01864694
0.02019552
0.02157393
0.02276792
0.02376615
0.02456040
0.02514539
0.02551864
0.02568007
0.02563173
0.02537746
0.02492267
0.02427417
0.02344008
0.02242970
0.02125343
0.01992256
0.01844905
0.01684525
0.01512355
0.01329613
0.01137470
0.00937046
0.00729415
0.00515631
0.00296768
0.00073967
-0.00151512
-0.00378246
-0.00604616
-0.00828797
-0.01048775
-0.01262384
-0.01467365
-0.01661440
-0.01842398
-0.02008170
-0.02156896
-0.02286978
-0.02397107
-0.02486272
-0.02553747
-0.02599069
-0.02622013
-0.02622556
-0.02600866
-0.02557286
-0.02492337
-0.02406725
-0.02301353
-0.02177327
-0.02035953
-0.01878722
-0.01707271
-0.01523338
-0.01328706
-0.01125135
-0.00914312
-0.00697814
-0.00477088
-0.00253462
-0.00028181
0.00197541
0.00422457
0.00645222
0.00864341
0.01078148
0.01284799
0.01482314
0.01668637
0.01841715
0.01999598
0.02140525
0.02262997
0.02365833
0.02448188
0.02509548
0.02549700
0.02568690
0.02566765
0.02544334
0.02501927
0.02440177
0.02359815
0.02261671
0.02146685
0.02015911
0.01870507
0.01711724
0.01540863
0.01359243
0.01168151
0.00968813
0.00762371
0.00549895
0.00332410
0.00110950
-0.00113371
-0.00339291
-0.00565335
-0.00789781
-0.01010650
-0.01225743
-0.01432702
-0.01629110
-0.01812597
-0.01980952
-0.02132214
-0.02264747
-0.02377267
-0.02468845
-0.02538872
-0.02587010
-0.02613132
-0.02617267
-0.02599566
-0.02560288
-0.02499812
-0.02418664
-0.02317555
-0.02197422
-0.02059446
-0.01905051
-0.01735875
-0.01553715
-0.01360451
-0.01157963
-0.00948053
-0.00732387
-0.00512463
-0.00289619
-0.00065066
0.00160043
0.00384535
0.00607143
0.00826436
0.01040788
0.01248377
0.01447220
0.01635244
0.01810378
0.01970651
0.02114292
0.02239801
0.02346003
0.02432065
0.02497478
0.02542018
0.02565699
0.02568708
0.02551362
0.02514068
0.02457316
0.02381674
0.02287812
0.02176525
0.02048750
0.01905579
0.01748249
0.01578116
0.01396614
0.01205201
0.01005308
0.00798295
0.00585430
0.00367891
0.00146793
-0.00076758
-0.00301602
-0.00526450
-0.00749823
-0.00970014
-0.01185079
-0.01392860
-0.01591054
-0.01777296
-0.01949269
-0.02104817
-0.02242041
-0.02359377
-0.02455638
-0.02530023
-0.02582090
-0.02611707
-0.02618990
-0.02604237
-0.02567876
-0.02510435
-0.02432530
-0.02334884
-0.02218352
-0.02083960
-0.01932931
-0.01766695
-0.01586882
-0.01395277
-0.01193760
-0.00984231
-0.00768530
-0.00548375
-0.00325321
-0.00100751
0.00124094
0.00348057
0.00569986
0.00788650
0.01002664
0.01210442
0.01410192
0.01599942
0.01777621
0.01941152
0.02088578
0.02218166
0.02328505
0.02418558
0.02487686
0.02535617
0.02562395
0.02568299
0.02553762
0.02519306
0.02465492
0.02392907
0.02302178
0.02194002
0.02069198
0.01928741
0.01773785
0.01605659
0.01425834
0.01235860
0.01037295
0.00831628
0.00620228
0.00404310
0.00184953
-0.00036854
-0.00260128
-0.00483793
-0.00706580
-0.00926952
-0.01143066
-0.01352780
-0.01553713
-0.01743355
-0.01919196
-0.02078870
-0.02220294
-0.02341760
-0.02442000
-0.02520190
-0.02575915
-0.02609097
-0.02619907
-0.02608684
-0.02575864
-0.02521946
-0.02447492
-0.02353152
-0.02239714
-0.02108152
-0.01959671
-0.01795711
-0.01617935
-0.01428173
-0.01228342
-0.01020355
-0.00806033
-0.00587043
-0.00364859
-0.00140783
0.00084018
0.00308425
0.00531277
0.00751282
0.00966956
0.01176588
0.01378265
0.01569927
0.01749461
0.01914820
0.02064132
0.02195796
0.02308547
0.02401475
0.02474016
0.02525895
0.02557064
0.02567633
0.02557810
0.02527871
0.02478158
0.02409103
0.02321267
0.02215389
0.02092423
0.01953546
0.01800140
0.01633738
0.01455950
0.01268363
0.01072463
0.00869562
0.00660775
0.00447033
0.00229147
0.00007906
-0.00215807
-0.00440895
-0.00665957
-0.00889231
-0.01108596
-0.01321631
-0.01525723
-0.01718206
-0.01896520
-0.02058353
-0.02201762
-0.02325239
-0.02427726
-0.02508585
-0.02567525
-0.02604507
-0.02619650
-0.02613153
-0.02585254
-0.02536220
-0.02466382
-0.02376192
-0.02266297
-0.02137597
-0.01991294
-0.01828890
-0.01652157
-0.01463063
-0.01263669
-0.01056022
-0.00842052
-0.00623495
-0.00401861
-0.00178437
0.00045657
0.00269386
0.00491698
0.00711428
0.00927220
0.01137485
0.01340406
0.01533984
0.01716125
0.01884739
0.02037861
0.02173749
0.02290960
0.02388396
0.02465307
0.02521268
0.02556130
0.02569968
0.02563021
0.02535656
0.02488346
0.02421672
0.02336330
0.02233156
0.02113140
0.01977424
0.01827287
0.01664106
0.01489299
0.01304269
0.01110339
0.00908724
0.00700509
0.00486680
0.00268172
0.00045948
-0.00178909
-0.00405116
-0.00631120
-0.00855073
-0.01074846
-0.01288085
-0.01492313
-0.01685044
-0.01863915
-0.02026806
-0.02171923
-0.02297851
-0.02403559
-0.02488365
-0.02551871
-0.02593885
-0.02614345
-0.02613260
-0.02590689
-0.02546745
-0.02481638
-0.02395740
-0.02289654
-0.02164273
-0.02020817
-0.01860832
-0.01686144
-0.01498778
-0.01300855
-0.01094469
-0.00881585
-0.00663951
-0.00443064
-0.00220176
0.00003653
0.00227464
0.00450285
0.00671026
0.00888382
0.01100781
0.01306377
0.01503095
0.01688713
0.01860989
0.02017783
0.02157192
0.02277647
0.02377976
0.02457428
0.02515651
0.02552632
0.02568624
0.02564061
0.02539486
0.02495492
0.02432703
0.02351767
0.02253381
0.02138322
0.02007476
0.01861862
0.01702630
0.01531043
0.01348434
0.01156159
0.00955543
0.00747845
0.00534237
0.00315818
0.00093657
-0.00131149
-0.00357392
-0.00583680
-0.00808376
-0.01029575
-0.01245109
-0.01452601
-0.01649556
-0.01833476
-0.02001986
-0.02152956
-0.02284595
-0.02395517
-0.02484758
-0.02551757
-0.02596305
-0.02618470
-0.02618518
-0.02596845
-0.02553931
-0.02490320
-0.02406628
-0.02303579
-0.02182041
-0.02043070
-0.01887936
-0.01718120
-0.01535290
-0.01341244
-0.01137838
-0.00926905
-0.00710187
-0.00489285
-0.00265638
-0.00040543
0.00184796
0.00409195
0.00631412
0.00850070
0.01063607
0.01270262
0.01468093
0.01655040
0.01829017
0.01988017
0.02130215
0.02254065
0.02358353
0.02442231
0.02505202
0.02547081
0.02567940
0.02568038
0.02547768
0.02507613
0.02448129
0.02369947
0.02273792
0.02160509
0.02031080
0.01886634
0.01728429
0.01557817
0.01376199
0.01184960
0.00985421
0.00778805
0.00566226
0.00348720
0.00127292
-0.00097001
-0.00322973
-0.00549226
-0.00774099
-0.00995654
-0.01211693
-0.01419831
-0.01617594
-0.01802539
-0.01972377
-0.02125083
-0.02258975
-0.02372748
-0.02465483
-0.02536599
-0.02585800
-0.02612999
-0.02618255
-0.02601726
-0.02563653
-0.02504368
-0.02424331
-0.02324179
-0.02204778
-0.02067254
-0.01913008
-0.01743693
-0.01561158
-0.01367373
-0.01164330
-0.00953960
-0.00738048
-0.00518194
-0.00295798
-0.00072093
0.00151800
0.00374789
0.00595727
0.00813332
0.01026141
0.01232488
0.01430523
0.01618272
0.01793709
0.01954861
0.02099895
0.02227207
0.02335480
0.02423716
0.02491239
0.02537678
0.02562926
0.02567098
0.02550493
0.02513553
0.02456854
0.02381090
0.02287078
0.02175763
0.02048218
0.01905635
0.01749305
0.01580585
0.01400858
0.01211488
0.01013785
0.00808979
0.00598217
0.00382586
0.00163149
-0.00058990
-0.00282628
-0.00506389
-0.00728684
-0.00947686
-0.01161331
-0.01367362
-0.01563401
-0.01747036
-0.01915931
-0.02067927
-0.02201138
-0.02314016
-0.02405394
-0.02474493
-0.02520908
-0.02544564
-0.02545666
-0.02524645
-0.02482109
-0.02418813
-0.02335636
-0.02233582
-0.02113787
-0.01977537
-0.01826273
-0.01661602
-0.01485286
-0.01299219
-0.01105392
-0.00905857
-0.00702673
-0.00497879
-0.00293459
-0.00091329
0.00106661
0.00298722
0.00483111
0.00658117
0.00822062
0.00973310
0.01110300
0.01231592
0.01335925
0.01422284
0.01489958
0.01538592
0.01568218
0.01579256
0.01572495
0.01549049
0.01510295
0.01457802
0.01393255
0.01318396
0.01234965
0.01144669
0.01049154
0.00950006
0.00848744
0.00746827
0.00645654
0.00546554
0.00450776
0.00359461
0.00273616
0.00194086
0.00121525
0.00056382
-0.00001109
-0.00050920
-0.00093215
-0.00128318
-0.00156678
-0.00178839
-0.00195392
-0.00206952
-0.00214129
-0.00217504
-0.00217621
-0.00214979
-0.00210031
-0.00203182
-0.00194795
-0.00185197
-0.00174678
-0.00163499
-0.00151894
-0.00140071
-0.00128214
-0.00116486
-0.00105025
-0.00093950
-0.00083362
-0.00073344
-0.00063973
-0.00055318
-0.00047453
-0.00040455
-0.00034410
-0.00029405
-0.00025517
