-5.466964
-5.464663
-5.458416
-5.465321
-5.458416
-5.463348
-5.458416
-5.461046
-5.465321
-5.462690
-5.450197
-5.458416
-5.453156
-5.466964
-5.455786
-5.465321
-5.464334
-5.463348
-5.462690
-5.457430
-5.465978
-5.471567
-5.474197
-5.478143
-5.485375
-5.490307
-5.498198
-5.489321
-5.508390
-5.508718
-5.501157
-5.508061
-5.502143
-5.507732
-5.513979
-5.515623
-5.502800
-5.491951
-5.493924
-5.492938
-5.483732
-5.472225
-5.459074
-5.437375
-5.425210
-5.412388
-5.398908
-5.375894
-5.349592
-5.330194
-5.311783
-5.291070
-5.263124
-5.247015
-5.223014
-5.200329
-5.180603
-5.149369
-5.133259
-5.125040
-5.122738
-5.112217
-5.111889
-5.097094
-5.103670
-5.116163
-5.129972
-5.151013
-5.163177
-5.198685
-5.219069
-5.259837
-5.281536
-5.333153
-5.368003
-5.413703
-5.456443
-5.511677
-5.553432
-5.588611
-5.650091
-5.682640
-5.738860
-5.776669
-5.815135
-5.849328
-5.892069
-5.931521
-5.949604
-5.977550
-5.997934
-6.014372
-6.027853
-6.035743
-6.040346
-6.025222
-6.023578
-6.019962
-6.003852
-5.982810
-5.950262
-5.912124
-5.896014
-5.847355
-5.824670
-5.773710
-5.739518
-5.690202
-5.646803
-5.587624
-5.549815
-5.500170
-5.446251
-5.384113
-5.328550
-5.285481
-5.242412
-5.198685
-5.151013
-5.102026
-5.061258
-5.026736
-4.988927
-4.953420
-4.933365
-4.914296
-4.883720
-4.881747
-4.877802
-4.875501
-4.872213
-4.883062
-4.886350
-4.914296
-4.936653
-4.963612
-4.992544
-5.012270
-5.059614
-5.092491
-5.147068
-5.194740
-5.242083
-5.283509
-5.330194
-5.381812
-5.441320
-5.485704
-5.543897
-5.604392
-5.655352
-5.701051
-5.753983
-5.795409
-5.826643
-5.866753
-5.917056
-5.944015
-5.976235
-6.003523
-6.020948
-6.032126
-6.042318
-6.057113
-6.059743
-6.043304
-6.036729
-6.027524
-6.015030
-5.991358
-5.955194
-5.940727
-5.894699
-5.872671
-5.832232
-5.798039
-5.751682
-5.703352
-5.660612
-5.615241
-5.558363
-5.507732
-5.454800
-5.401538
-5.345647
-5.301591
-5.250960
-5.191452
-5.151999
-5.113533
-5.071121
-5.031997
-4.985640
-4.965913
-4.940598
-4.917912
-4.894241
-4.886350
-4.878788
-4.861363
-4.875501
-4.867610
-4.885693
-4.904761
-4.926789
-4.955721
-4.984982
-5.021476
-5.057970
-5.096437
-5.132930
-5.179945
-5.230247
-5.282194
-5.318358
-5.386415
-5.428498
-5.486362
-5.540609
-5.587953
-5.640557
-5.680010
-5.729654
-5.781600
-5.828287
-5.873000
-5.897000
-5.941385
-5.970645
-5.994646
-6.013715
-6.030154
-6.040675
-6.050209
-6.046264
-6.055470
-6.048565
-6.033770
-6.003523
-5.982481
-5.970974
-5.943028
-5.910480
-5.871027
-5.849657
-5.810204
-5.766806
-5.716175
-5.674420
-5.621159
-5.572501
-5.508718
-5.463019
-5.408442
-5.353538
-5.308167
-5.257535
-5.198685
-5.159561
-5.121752
-5.070463
-5.040874
-5.006681
-4.963283
-4.942242
-4.920543
-4.901803
-4.876487
-4.879775
-4.869254
-4.870898
-4.865637
-4.891939
-4.895885
-4.925474
-4.956050
-4.983338
-5.010298
-5.052381
-5.089532
-5.119779
-5.176986
-5.226631
-5.268056
-5.317701
-5.377538
-5.419292
-5.479129
-5.526472
-5.583021
-5.632666
-5.686585
-5.727353
-5.779957
-5.821054
-5.857876
-5.889767
-5.938097
-5.965385
-5.992016
-6.008783
-6.022921
-6.031469
-6.052182
-6.055140
-6.055140
-6.049551
-6.032455
-6.008126
-5.989057
-5.979851
-5.942700
-5.921329
-5.876945
-5.853602
-5.811190
-5.775683
-5.728997
-5.683626
-5.634310
-5.579076
-5.532719
-5.471896
-5.424552
-5.367675
-5.319345
-5.264769
-5.204274
-5.163835
-5.125697
-5.084600
-5.048107
-5.013257
-4.980708
-4.947173
-4.911666
-4.899501
-4.877802
-4.880104
-4.876487
-4.863007
-4.869583
-4.889966
-4.896214
-4.927775
-4.944543
-4.978735
-5.008325
-5.045805
-5.086902
-5.116820
-5.174356
-5.207233
-5.259837
-5.310139
-5.365045
-5.419292
-5.469265
-5.509048
-5.575788
-5.623460
-5.679023
-5.720778
-5.773053
-5.815793
-5.845383
-5.896014
-5.929220
-5.950919
-5.987742
-5.998920
-6.029167
-6.037058
-6.054483
-6.053168
-6.059086
-6.052839
-6.040017
-6.020290
-6.004838
-5.981166
-5.942371
-5.929220
-5.893384
-5.863465
-5.824013
-5.784231
-5.731956
-5.688229
-5.642529
-5.585980
-5.541267
-5.483732
-5.432772
-5.378853
-5.327893
-5.274632
-5.222028
-5.166136
-5.131615
-5.092491
-5.053367
-5.018517
-4.984653
-4.950132
-4.914625
-4.908378
-4.893254
-4.882405
-4.863336
-4.874843
-4.862679
-4.880432
-4.896214
-4.921200
-4.943885
-4.958680
-4.991887
-5.034627
-5.078025
-5.122081
-5.152657
-5.205260
-5.256220
-5.302906
-5.355510
-5.405155
-5.453813
-5.512006
-5.564281
-5.609323
-5.659297
-5.719791
-5.752011
-5.800998
-5.848013
-5.877274
-5.915083
-5.952234
-5.985440
-5.993989
-6.026866
-6.035085
-6.053168
-6.052510
-6.060730
-6.054483
-6.043633
-6.023250
-6.007468
-5.988728
-5.948946
-5.935796
-5.905877
-5.869054
-5.834862
-5.791135
-5.744449
-5.700722
-5.640557
-5.599131
-5.536335
-5.495568
-5.428169
-5.386415
-5.332825
-5.271015
-5.231562
-5.182904
-5.143780
-5.094464
-5.054353
-5.026079
-4.988599
-4.955392
-4.930077
-4.911666
-4.891282
-4.875829
-4.875172
-4.873199
-4.875829
-4.884706
-4.897200
-4.919556
-4.928433
-4.956707
-5.000106
-5.032983
-5.075724
-5.113204
-5.155616
-5.203288
-5.245699
-5.285810
-5.344003
-5.395292
-5.451841
-5.489650
-5.555404
-5.602090
-5.657324
-5.707298
-5.756614
-5.801985
-5.845712
-5.879247
-5.908507
-5.940070
-5.976563
-6.005825
-6.015359
-6.040346
-6.051524
-6.053825
-6.060401
-6.053168
-6.047579
-6.031797
-6.015030
-5.991030
-5.955522
-5.937768
-5.910151
-5.868068
-5.827629
-5.788176
-5.742476
-5.699736
-5.660612
-5.603405
-5.550473
-5.506746
-5.453485
-5.392662
-5.335783
-5.287783
-5.242412
-5.198028
-5.151341
-5.106628
-5.071121
-5.027723
-4.995174
-4.965913
-4.930735
-4.904104
-4.899830
-4.878131
-4.863994
-4.872541
-4.876487
-4.875501
-4.895885
-4.912981
-4.930735
-4.956379
-4.995503
-5.029696
-5.068491
-5.104327
-5.149040
-5.193096
-5.236823
-5.290084
-5.329865
-5.379510
-5.441648
-5.495568
-5.541596
-5.595843
-5.651078
-5.694147
-5.747079
-5.795081
-5.830259
-5.880233
-5.915083
-5.937439
-5.964728
-5.993002
-6.021277
-6.038044
-6.051195
-6.050867
-6.058757
-6.047579
-6.042318
-6.032455
-6.012400
-5.983468
-5.973933
-5.937768
-5.915411
-5.877932
-5.848013
-5.804286
-5.756943
-5.714531
-5.668174
-5.604721
-5.565268
-5.510034
-5.456443
-5.404826
-5.348935
-5.301591
-5.251946
-5.203617
-5.156602
-5.109916
-5.075066
-5.023777
-5.004380
-4.965256
-4.942899
-4.906405
-4.888651
-4.881090
-4.877473
-4.868925
-4.875501
-4.880104
-4.892926
-4.911666
-4.931392
-4.958680
-4.973146
-5.014243
-5.061915
-5.094135
-5.144109
-5.187178
-5.231562
-5.279563
-5.324605
-5.382470
-5.432443
-5.482088
-5.533705
-5.578747
-5.641872
-5.692174
-5.739846
-5.785217
-5.828287
-5.871685
-5.895357
-5.943357
-5.966372
-5.992016
-6.017003
-6.035743
-6.042976
-6.055470
-6.049222
-6.056785
-6.048236
-6.033113
-6.020948
-5.995304
-5.973276
-5.949275
-5.925275
-5.884178
-5.850972
-5.803957
-5.768778
-5.723079
-5.675078
-5.615899
-5.573158
-5.526801
-5.466307
-5.419292
-5.364058
-5.311126
-5.257535
-5.210850
-5.168766
-5.115834
-5.083614
-5.036271
-5.005695
-4.977420
-4.940269
-4.921200
-4.898186
-4.884377
-4.880104
-4.877144
-4.860706
-4.867610
-4.893254
-4.906734
-4.926789
-4.939611
-4.983667
-5.015887
-5.048436
-5.081642
-5.134245
-5.173041
-5.215124
-5.276276
-5.321646
-5.364716
-5.428169
-5.474855
-5.517595
-5.574802
-5.633981
-5.680996
-5.717161
-5.773053
-5.822369
-5.862479
-5.904562
-5.937111
-5.967029
-5.992016
-6.013715
-6.027195
-6.042318
-6.043304
-6.047250
-6.059743
-6.053168
-6.041003
-6.021935
-5.990701
-5.981166
-5.943028
-5.914096
-5.894699
-5.849000
-5.809875
-5.769436
-5.718476
-5.671133
-5.623789
-5.572501
-5.522198
-5.483732
-5.426196
-5.372606
-5.317701
-5.260494
-5.211836
-5.169096
-5.132273
-5.077039
-5.052710
-5.012270
-4.975448
-4.942899
-4.920214
-4.899172
-4.890953
-4.881419
-4.877473
-4.874514
-4.865637
-4.885364
-4.902460
-4.918899
-4.940927
-4.976763
-5.005366
-5.042189
-5.085587
-5.127341
-5.166465
-5.210850
-5.267070
-5.304550
-5.362085
-5.405155
-5.463348
-5.512006
-5.557706
-5.619844
-5.659626
-5.716504
-5.770751
-5.801985
-5.848670
-5.893384
-5.928234
-5.955522
-5.976563
-6.000235
-6.029496
-6.037715
-6.051524
-6.051524
-6.059743
-6.054154
-6.042318
-6.029167
-6.002208
-5.979523
-5.960454
-5.935467
-5.897986
-5.867411
-5.827300
-5.784888
-5.742148
-5.696119
-5.647790
-5.594529
-5.542582
-5.478800
-5.429813
-5.384771
-5.335455
-5.280879
-5.230905
-5.183890
-5.129972
-5.097423
-5.055997
-5.022134
-4.987284
-4.944872
-4.924159
-4.903446
-4.882405
-4.878131
-4.863007
-4.875172
-4.872870
-4.884706
-4.902460
-4.920871
-4.930735
-4.969859
-4.997804
-5.027394
-5.074080
-5.123396
-5.159232
-5.211178
-5.252275
-5.305865
-5.344003
-5.410415
-5.457101
-5.509048
-5.564281
-5.612282
-5.666859
-5.714202
-5.761546
-5.806588
-5.848013
-5.889439
-5.920343
-5.955522
-5.971303
-5.995633
-6.026537
-6.034428
-6.050209
-6.050867
-6.058757
-6.055140
-6.042976
-6.030482
-6.008455
-5.980838
-5.956508
-5.934481
-5.900288
-5.873657
-5.831574
-5.789163
-5.741161
-5.697434
-5.653050
-5.602090
-5.551130
-5.485375
-5.432772
-5.395620
-5.336441
-5.279234
-5.226302
-5.189479
-5.140492
-5.093477
-5.049751
-5.011613
-4.983338
-4.961639
-4.924817
-4.898844
-4.895556
-4.882405
-4.877473
-4.869583
-4.875501
-4.880761
-4.899501
-4.909036
-4.939940
-4.965913
-4.997147
-5.035942
-5.069477
-5.111231
-5.154958
-5.199671
-5.249645
-5.293701
-5.350250
-5.387401
-5.441978
-5.489321
-5.555404
-5.592227
-5.656009
-5.691845
-5.749052
-5.793437
-5.833876
-5.875959
-5.919357
-5.952892
-5.971632
-6.004509
-6.015687
-6.037715
-6.045277
-6.046264
-6.061059
-6.056456
-6.047579
-6.031469
-6.000235
-5.992016
-5.969988
-5.930535
-5.903904
-5.873657
-5.835848
-5.796067
-5.751354
-5.711572
-5.662585
-5.609652
-5.547514
-5.508061
-5.456115
-5.388716
-5.351565
-5.297646
-5.247344
-5.198685
-5.147068
-5.110245
-5.070463
-5.033312
-4.990900
-4.961310
-4.941255
-4.908707
-4.902460
-4.888651
-4.869254
-4.867610
-4.875172
-4.878131
-4.885364
-4.915611
-4.921858
-4.947502
-4.989585
-5.025093
-5.067175
-5.102355
-5.147068
-5.191781
-5.241426
-5.284495
-5.342359
-5.379510
-5.428826
-5.489978
-5.542582
-5.598474
-5.641872
-5.691517
-5.741490
-5.790478
-5.828944
-5.872671
-5.910151
-5.944344
-5.976563
-5.992016
-6.022592
-6.037387
-6.051853
-6.051524
-6.060401
-6.059086
-6.048565
-6.036729
-6.017660
-5.989715
-5.960454
-5.948618
-5.921329
-5.887137
-5.850315
-5.809546
-5.758586
-5.712887
-5.670146
-5.623789
-5.570528
-5.514965
-5.465649
-5.398579
-5.363072
-5.308496
-5.257535
-5.209535
-5.160218
-5.103341
-5.064217
-5.037586
-4.995831
-4.957365
-4.929420
-4.921858
-4.904433
-4.877802
-4.880104
-4.868925
-4.865637
-4.877144
-4.895885
-4.912652
-4.932050
-4.944214
-4.975119
-5.020819
-5.053367
-5.085916
-5.136876
-5.173041
-5.218082
-5.281865
-5.320003
-5.383456
-5.432114
-5.485704
-5.528116
-5.590583
-5.633324
-5.685270
-5.737874
-5.782916
-5.828615
-5.855904
-5.893384
-5.940399
-5.971961
-5.991030
-6.020290
-6.036072
-6.045935
-6.044620
-6.060072
-6.058099
-6.052510
-6.041003
-6.020290
-5.995633
-5.972290
-5.954536
-5.923960
-5.889767
-5.856561
-5.819081
-5.770422
-5.722750
-5.678366
-5.629707
-5.578419
-5.515294
-5.460718
-5.422909
-5.361757
-5.305536
-5.253262
-5.212165
-5.163835
-5.122081
-5.081642
-5.040545
-5.009969
-4.974790
-4.935995
-4.922186
-4.899172
-4.891939
-4.880104
-4.877144
-4.877473
-4.867281
-4.893912
-4.907721
-4.921200
-4.950461
-4.967557
-5.002079
-5.050079
-5.086902
-5.131944
-5.174685
-5.226631
-5.271344
-5.320660
-5.371291
-5.425539
-5.470252
-5.529102
-5.578747
-5.618858
-5.679681
-5.728011
-5.766806
-5.820396
-5.862808
-5.887794
-5.920343
-5.966372
-5.991358
-6.008783
-6.029825
-6.044620
-6.051195
-6.051195
-6.049880
-6.043962
-6.033442
-6.012071
-5.993660
-5.969659
-5.957166
-5.924946
-5.896672
-5.858205
-5.820725
-5.782587
-5.738203
-5.691845
-5.643845
-5.592556
-5.524171
-5.472553
-5.430141
-5.367017
-5.326907
-5.275947
-5.219069
-5.173369
-5.132930
-5.091505
-5.045148
-5.009640
-4.980708
-4.953091
-4.929420
-4.908049
-4.888323
-4.884706
-4.878459
-4.870240
-4.871227
-4.878131
-4.901803
-4.920871
-4.944543
-4.976763
-5.002407
-5.047449
-5.083943
-5.127670
-5.164164
-5.203288
-5.254905
-5.317043
-5.361757
-5.415347
-5.468608
-5.505102
-5.565597
-5.620173
-5.661270
-5.717490
-5.761546
-5.803628
-5.844725
-5.891740
-5.923631
-5.956180
-5.983139
-5.999249
-6.028839
-6.038702
-6.055798
-6.047579
-6.055140
-6.040017
-6.029825
-6.022592
-6.004509
-5.975248
-5.958152
-5.930206
-5.894042
-5.866096
-5.826643
-5.790806
-5.747737
-5.701380
-5.652721
-5.599460
-5.546527
-5.494910
-5.431128
-5.390360
-5.336441
-5.284166
-5.232549
-5.187507
-5.136547
-5.099067
-5.056326
-5.023120
-4.979393
-4.944543
-4.934351
-4.913967
-4.894241
-4.886021
-4.865637
-4.870898
-4.881747
-4.877473
-4.904104
-4.906734
-4.942899
-4.965256
-5.004380
-5.040545
-5.072107
-5.108272
-5.158575
-5.202302
-5.243727
-5.307180
-5.344003
-5.394634
-5.457430
-5.503787
-5.554089
-5.598803
-5.657982
-5.708942
-5.758915
-5.804615
-5.843739
-5.886479
-5.916398
-5.955851
-5.981166
-6.001550
-6.013715
-6.038044
-6.053168
-6.044949
-6.055470
-6.042976
-6.032126
-6.018318
-6.006482
-5.977550
-5.961440
-5.938097
-5.912453
-5.863465
-5.832561
-5.794752
-5.754970
-5.709270
-5.661598
-5.609981
-5.544226
-5.496882
-5.450526
-5.392333
-5.345647
-5.295016
-5.227946
-5.190137
-5.148054
-5.092491
-5.060600
-5.017859
-4.981037
-4.949146
-4.933693
-4.903446
-4.900816
-4.888651
-4.869912
-4.873857
-4.878788
-4.880761
-4.894898
-4.912652
-4.930077
-4.962297
-4.985311
-5.026408
-5.072765
-5.105971
-5.155616
-5.191452
-5.234850
-5.290413
-5.347620
-5.390689
-5.447567
-5.498527
-5.553103
-5.597158
-5.649434
-5.694476
-5.744449
-5.792121
-5.832232
-5.881219
-5.904562
-5.935467
-5.979523
-6.001222
-6.011743
-6.033770
-6.044291
-6.051853
-6.053825
-6.048894
-6.040017
-6.027853
-6.008126
-5.987742
-5.967687
-5.936453
-5.912781
-5.876945
-5.842095
-5.806588
-5.763518
-5.718476
-5.668502
-5.611296
-5.566911
-5.505760
-5.456772
-5.408772
-5.349592
-5.292057
-5.245699
-5.198028
-5.158246
-5.099067
-5.070135
-5.020819
-4.994188
-4.955064
-4.927775
-4.921200
-4.901474
-4.885364
-4.873857
-4.877473
-4.875172
-4.878131
-4.888651
-4.900487
-4.919556
-4.957694
-4.984324
-5.013914
-5.061915
-5.102355
-5.133588
-5.185534
-5.240768
-5.282522
-5.339729
-5.389374
-5.433101
-5.491622
-5.537651
-5.596501
-5.642529
-5.680010
-5.742476
-5.780286
-5.827300
-5.870698
-5.905220
-5.935467
-5.970974
-6.000893
-6.008126
-6.029496
-6.043304
-6.054812
-6.054812
-6.055798
-6.052182
-6.038373
-6.017332
-5.984783
-5.970974
-5.937768
-5.910809
-5.891411
-5.851958
-5.807574
-5.771738
-5.723079
-5.679352
-5.630036
-5.575131
-5.525157
-5.469923
-5.414032
-5.364387
-5.315071
-5.248659
-5.208877
-5.165808
-5.113862
-5.070463
-5.040216
-5.003722
-4.966242
-4.943228
-4.916268
-4.903118
-4.883720
-4.882734
-4.878788
-4.866952
-4.870240
-4.887008
-4.894569
-4.922515
-4.954735
-4.986297
-5.020819
-5.055668
-5.098080
-5.134574
-5.182246
-5.227617
-5.282194
-5.315400
-5.374907
-5.424552
-5.475513
-5.536007
-5.587296
-5.628392
-5.686914
-5.728668
-5.778642
-5.815464
-5.857876
-5.890096
-5.939084
-5.963741
-5.992673
-6.018647
-6.036072
-6.049222
-6.057442
-6.055470
-6.053825
-6.046921
-6.034099
-6.016674
-5.998591
-5.981166
-5.949604
-5.923631
-5.895357
-5.853602
-5.820725
-5.775683
-5.725380
-5.687900
-5.632338
-5.581378
-5.528774
-5.468279
-5.426525
-5.369647
-5.321646
-5.263453
-5.214466
-5.172383
-5.115834
-5.069477
-5.041531
-5.005695
-4.970187
-4.946845
-4.927118
-4.895227
-4.881090
-4.868925
-4.874514
-4.864322
-4.884706
-4.884377
-4.904433
-4.921200
-4.951447
-4.977749
-5.008325
-5.037586
-5.084272
-5.123724
-5.174356
-5.224329
-5.263453
-5.318687
-5.356167
-5.419621
-5.471238
-5.517924
-5.569213
-5.629378
-5.678366
-5.727682
-5.773381
-5.806259
-5.857547
-5.895685
-5.933494
-5.964728
-5.992016
-6.014372
-6.034099
-6.041003
-6.046264
-6.061059
-6.060730
-6.055140
-6.039360
-6.020290
-6.006811
-5.984454
-5.961111
-5.935796
-5.890096
-5.860835
-5.827629
-5.787190
-5.742805
-5.693161
-5.639242
-5.587296
-5.541924
-5.490307
-5.423566
-5.381155
-5.319016
-5.273974
-5.228275
-5.181918
-5.123396
-5.079669
-5.053367
-5.017531
-4.978078
-4.940598
-4.923173
-4.908378
-4.882076
-4.869583
-4.879775
-4.879117
-4.881090
-4.882405
-4.904433
-4.907392
-4.945529
-4.972817
-5.000434
-5.040545
-5.074738
-5.109916
-5.166794
-5.201644
-5.264440
-5.299618
-5.362743
-5.412716
-5.457430
-5.514965
-5.564610
-5.615899
-5.653379
-5.717490
-5.755956
-5.807903
-5.846698
-5.883521
-5.921329
-5.945988
-5.974920
-5.998591
-6.030811
-6.041990
-6.041332
-6.060401
-6.058428
-6.051853
-6.032126
-6.017003
-5.994646
-5.980838
-5.950919
-5.932837
-5.907521
-5.860835
-5.828944
-5.794094
-5.750367
-5.695462
-5.651078
-5.601761
-5.544226
-5.486033
-5.437375
-5.388059
-5.342030
-5.289098
-5.229261
-5.185205
-5.136876
-5.091176
-5.058956
-5.016216
-4.989585
-4.958023
-4.929090
-4.913967
-4.894569
-4.885693
-4.873857
-4.872213
-4.872541
-4.883720
-4.885035
-4.910679
-4.940927
-4.968215
-5.002736
-5.028380
-5.072765
-5.110902
-5.161533
-5.197370
-5.249974
-5.299947
-5.352222
-5.400552
-5.450854
-5.506417
-5.552445
-5.609981
-5.659955
-5.709270
-5.757271
-5.800341
-5.846698
-5.885822
-5.916727
-5.953878
-5.977221
-5.993002
-6.023250
-6.042318
-6.043304
-6.058099
-6.052182
-6.044620
-6.044291
-6.032455
-6.008126
-5.982153
-5.954536
-5.940070
-5.910151
-5.866425
-5.835848
-5.799683
-5.757271
-5.705983
-5.650749
-5.598803
-5.558692
-5.494253
-5.443293
-5.391675
-5.351565
-5.296331
-5.233864
-5.199671
-5.144437
-5.102355
-5.063231
-5.012928
-4.990242
-4.961639
-4.940598
-4.918241
-4.901803
-4.874186
-4.870898
-4.879775
-4.873528
-4.888651
-4.895885
-4.907392
-4.923173
-4.960982
-4.994188
-5.028051
-5.071121
-5.106957
-5.154958
-5.193096
-5.232549
-5.292714
-5.339729
-5.393977
-5.439019
-5.493924
-5.543240
-5.601761
-5.650420
-5.696777
-5.750039
-5.781272
-5.832890
-5.878918
-5.901603
-5.942042
-5.978536
-5.989057
-6.018318
-6.037715
-6.050538
-6.046921
-6.062045
-6.060072
-6.042647
-6.020948
-6.009441
-5.991030
-5.966043
-5.946645
-5.907192
-5.884178
-5.849657
-5.804615
-5.765491
-5.715189
-5.672448
-5.621159
-5.572501
-5.512006
-5.454471
-5.402196
-5.353538
-5.296659
-5.256878
-5.193096
-5.162191
-5.116492
-5.059285
-5.027394
-4.985640
-4.963612
-4.943228
-4.920871
-4.903775
-4.879446
-4.881419
-4.869912
-4.878459
-4.883062
-4.893254
-4.908378
-4.933365
-4.945858
-4.988599
-5.017531
-5.061915
-5.101039
-5.137533
-5.187835
-5.238795
-5.284495
-5.326578
-5.371620
-5.434416
-5.480115
-5.533048
-5.588282
-5.635625
-5.679023
-5.741490
-5.788505
-5.822369
-5.858534
-5.893055
-5.937768
-5.962755
-5.995961
-6.018318
-6.035085
-6.050209
-6.058428
-6.057113
-6.045606
-6.050538
-6.038373
-6.021277
-5.998920
-5.979523
-5.942042
-5.924946
-5.887466
-5.857219
-5.815793
-5.771738
-5.727353
-5.667845
-5.630365
-5.566911
-5.528774
-5.472553
-5.416991
-5.368989
-5.307509
-5.265097
-5.207562
-5.168766
-5.122409
-5.073093
-5.040545
-5.006024
-4.970516
-4.935995
-4.926789
-4.902460
-4.886679
-4.882734
-4.874514
-4.876816
-4.877802
-4.894898
-4.907721
-4.919228
-4.951447
-4.972489
-5.006681
-5.055011
-5.088875
-5.136547
-5.182904
-5.216110
-5.264440
-5.317701
-5.374907
-5.416333
-5.479458
-5.528116
-5.580391
-5.630365
-5.680338
-5.725380
-5.778971
-5.810533
-5.861493
-5.903247
-5.929878
-5.959467
-5.986755
-6.010098
-6.021277
-6.034428
-6.043304
-6.061387
-6.056127
-6.039360
-6.038373
-6.018318
-5.988728
-5.971632
-5.958481
-5.925932
-5.896672
-5.853931
-5.824013
-5.782258
-5.729983
-5.685270
-5.639570
-5.588611
-5.524171
-5.480444
-5.432443
-5.366360
-5.324276
-5.266741
-5.223672
-5.166794
-5.119779
-5.080655
-5.037586
-5.003065
-4.971502
-4.948817
-4.913310
-4.904761
-4.893254
-4.879446
-4.878788
-4.875501
-4.869912
-4.888980
-4.905748
-4.923831
-4.938625
-4.977749
-5.009311
-5.040216
-5.087888
-5.131615
-5.176000
-5.223343
-5.267070
-5.308496
-5.367346
-5.420607
-5.463676
-5.515952
-5.562309
-5.621817
-5.675407
-5.721435
-5.761217
-5.813163
-5.854259
-5.896343
-5.927905
-5.959796
-5.984126
-5.999578
-6.032784
-6.041332
-6.046921
-6.059086
-6.045606
-6.055140
-6.034757
-6.017332
-6.001879
-5.979851
-5.962755
-5.936124
-5.889767
-5.865767
-5.831245
-5.790149
-5.740504
-5.693161
-5.648118
-5.596501
-5.535020
-5.491293
-5.441320
-5.388387
-5.327564
-5.280550
-5.219069
-5.180603
-5.135231
-5.085258
-5.052381
-5.010626
-4.978735
-4.956707
-4.932050
-4.898186
-4.892268
-4.884377
-4.864651
-4.876487
-4.880432
-4.883720
-4.900158
-4.911994
-4.945529
-4.972160
-5.006352
-5.037257
-5.077039
-5.123396
-5.167451
-5.214795
-5.256878
-5.303564
-5.353538
-5.401867
-5.462361
-5.501485
-5.566254
-5.612282
-5.656009
-5.715517
-5.756285
-5.810204
-5.847027
-5.875630
-5.920014
-5.951577
-5.982810
-6.003523
-6.026866
-6.041003
-6.046921
-6.058099
-6.048565
-6.054812
-6.034428
-6.022921
-6.006153
-5.987084
-5.953549
-5.928891
-5.908836
-5.860178
-5.828287
-5.789163
-5.739846
-5.706312
-5.646803
-5.597487
-5.552445
-5.499513
-5.449539
-5.395292
-5.341044
-5.278906
-5.243727
-5.183233
-5.139177
-5.088546
-5.059943
-5.022791
-4.981694
-4.961310
-4.935666
-4.915611
-4.895885
-4.881419
-4.880104
-4.879117
-4.882405
-4.884049
-4.899172
-4.914625
-4.935995
-4.965913
-4.996818
-5.029038
-5.063231
-5.107944
-5.160547
-5.193425
-5.249645
-5.300276
-5.343674
-5.392333
-5.451841
-5.496554
-5.548829
-5.606036
-5.641872
-5.691188
-5.749710
-5.794423
-5.840451
-5.879904
-5.909494
-5.949604
-5.978865
-5.998591
-6.026866
-6.034428
-6.049551
-6.051195
-6.061059
-6.052510
-6.034428
-6.020948
-6.010756
-5.993989
-5.964399
-5.941056
-5.904891
-5.875301
-5.836177
-5.802642
-5.753326
-5.708613
-5.665544
-5.613597
-5.548500
-5.513321
-5.454142
-5.399894
-5.351893
-5.295016
-5.247672
-5.189808
-5.147725
-5.094464
-5.066847
-5.013914
-4.995174
-4.963283
-4.935995
-4.904761
-4.888980
-4.887336
-4.875829
-4.872541
-4.882076
-4.877802
-4.894569
-4.911337
-4.926789
-4.949803
-4.979393
-5.025421
-5.062573
-5.100053
-5.148054
-5.196712
-5.231234
-5.291728
-5.338414
-5.393977
-5.431128
-5.497540
-5.545541
-5.590254
-5.648448
-5.695791
-5.734257
-5.779299
-5.837492
-5.868397
-5.911467
-5.945659
-5.962755
-5.988400
-6.016016
-6.036072
-6.043304
-6.051853
-6.062374
-6.055140
-6.035085
-6.026537
-6.015359
-5.998263
-5.971303
-5.950262
-5.919028
-5.877603
-5.849657
-5.795409
-5.765162
-5.719462
-5.661270
-5.617214
-5.570857
-5.516938
-5.467293
-5.409100
-5.364058
-5.311126
-5.252933
-5.206904
-5.154629
-5.107615
-5.068820
-5.032326
-4.994517
-4.965256
-4.938296
-4.915611
-4.903775
-4.888323
-4.879117
-4.873528
-4.875501
-4.885364
-4.887008
-4.907063
-4.930077
-4.957036
-4.989256
-5.024435
-5.060929
-5.095121
-5.141479
-5.189150
-5.229589
-5.283837
-5.324934
-5.375894
-5.420607
-5.479129
-5.529760
-5.580062
-5.625433
-5.684941
-5.733600
-5.780286
-5.820725
-5.866096
-5.907521
-5.933166
-5.957495
-5.998591
-6.018975
-6.036072
-6.047579
-6.057771
-6.047907
-6.060401
-6.039360
-6.026866
-6.011743
-5.994975
-5.966043
-5.945001
-5.911795
-5.890096
-5.849986
-5.814478
-5.768121
-5.731298
-5.673434
-5.623460
-5.579076
-5.522527
-5.475183
-5.416333
-5.369976
-5.313098
-5.268385
-5.214138
-5.157588
-5.120766
-5.082628
-5.035614
-4.997476
-4.972817
-4.946516
-4.923501
-4.894241
-4.883062
-4.882734
-4.872870
-4.865309
-4.872541
-4.893254
-4.895227
-4.919228
-4.947502
-4.983338
-5.009640
-5.040545
-5.086902
-5.136218
-5.175013
-5.226631
-5.259179
-5.324934
-5.374579
-5.426525
-5.466636
-5.530417
-5.576775
-5.628721
-5.680996
-5.726038
-5.777984
-5.822369
-5.861164
-5.894042
-5.935467
-5.960783
-5.990372
-6.016345
-6.029496
-6.042976
-6.049551
-6.059086
-6.061059
-6.050867
-6.033770
-6.021605
-6.001550
-5.975577
-5.954865
-5.925932
-5.884507
-5.863137
-5.824999
-5.777327
-5.737874
-5.684612
-5.633981
-5.587624
-5.538966
-5.474197
-5.435402
-5.378853
-5.329865
-5.276276
-5.223014
-5.173698
-5.125369
-5.078025
-5.048436
-5.011284
-4.978078
-4.937968
-4.928762
-4.900158
-4.894569
-4.878131
-4.876816
-4.875501
-4.883391
-4.882076
-4.905090
-4.911994
-4.941255
-4.974790
-4.996161
-5.040216
-5.081313
-5.127999
-5.173369
-5.205260
-5.253262
-5.310139
-5.351893
-5.415676
-5.469594
-5.518253
-5.563624
-5.614913
-5.665544
-5.721107
-5.767463
-5.811848
-5.842424
-5.890754
-5.927248
-5.956508
-5.982810
-6.010427
-6.030482
-6.040017
-6.042647
-6.048894
-6.057113
-6.052839
-6.043962
-6.025222
-6.003523
-5.987413
-5.949933
-5.920014
-5.903247
-5.860507
-5.825327
-5.780286
-5.748066
-5.692174
-5.645160
-5.599460
-5.534692
-5.493595
-5.430470
-5.380826
-5.323619
-5.278906
-5.237809
-5.188164
-5.141150
-5.096765
-5.047121
-5.012270
-4.983009
-4.954735
-4.926461
-4.896871
-4.896542
-4.886021
-4.876816
-4.872213
-4.882076
-4.887665
-4.902460
-4.906076
-4.941584
-4.966900
-4.991229
-5.031997
-5.076381
-5.121094
-5.163506
-5.203945
-5.258851
-5.299290
-5.343017
-5.394963
-5.458416
-5.498198
-5.559021
-5.609981
-5.654037
-5.707298
-5.748394
-5.806916
-5.847355
-5.882205
-5.923631
-5.953549
-5.972290
-6.001879
-6.027524
-6.034757
-6.054154
-6.060072
-6.060401
-6.054154
-6.045277
-6.028510
-6.011743
-5.982481
-5.966372
-5.936782
-5.899631
-5.875630
-5.834533
-5.799026
-5.743134
-5.704997
-5.650420
-5.600118
-5.555076
-5.506417
-5.440005
-5.384442
-5.343674
-5.286796
-5.235837
-5.188822
-5.141479
-5.093149
-5.055997
-5.008983
-4.982681
-4.958352
-4.932378
-4.911008
-4.891282
-4.887008
-4.866952
-4.878459
-4.881747
-4.875501
-4.888651
-4.916268
-4.935338
-4.953420
-4.991887
-5.030682
-5.068491
-5.107286
-5.143451
-5.202630
-5.248659
-5.291399
-5.337428
-5.385099
-5.445923
-5.499184
-5.549158
-5.604392
-5.641872
-5.690530
-5.746751
-5.791793
-5.830259
-5.880233
-5.908179
-5.935467
-5.966701
-5.989057
-6.021277
-6.030811
-6.045606
-6.053497
-6.054154
-6.058099
-6.046921
-6.033442
-6.015359
-5.989715
-5.970645
-5.939741
-5.910151
-5.878260
-5.844397
-5.805601
-5.754313
-5.708613
-5.657653
-5.600118
-5.562309
-5.514307
-5.445594
-5.392662
-5.354853
-5.301591
-5.240110
-5.196055
-5.149040
-5.095121
-5.065203
-5.016216
-4.993859
-4.967228
-4.936981
-4.903118
-4.885693
-4.883062
-4.872870
-4.878459
-4.878459
-4.881419
-4.891939
-4.899172
-4.931392
-4.961968
-4.988270
-5.021805
-5.063559
-5.103012
-5.143451
-5.187835
-5.239782
-5.272659
-5.338743
-5.381155
-5.436717
-5.478471
-5.536664
-5.595186
-5.645817
-5.684284
-5.738203
-5.783902
-5.834205
-5.868068
-5.912453
-5.940399
-5.963741
-5.997276
-6.008455
-6.029496
-6.043633
-6.045935
-6.046921
-6.056456
-6.042647
-6.029825
-6.013058
-5.983797
-5.974262
-5.950591
-5.918371
-5.877932
-5.837821
-5.814807
-5.756614
-5.719462
-5.663242
-5.613926
-5.567240
-5.521212
-5.465321
-5.410744
-5.363072
-5.312769
-5.259837
-5.207233
-5.155287
-5.105971
-5.071450
-5.030353
-5.002736
-4.965913
-4.945200
-4.907063
-4.895556
-4.876816
-4.868268
-4.869254
-4.878131
-4.880104
-4.891939
-4.910351
-4.922844
-4.952434
-4.978735
-5.014243
-5.056983
-5.085587
-5.135231
-5.179287
-5.230247
-5.272659
-5.329865
-5.374579
-5.418963
-5.469923
-5.520883
-5.572501
-5.637269
-5.682640
-5.736887
-5.773710
-5.824670
-5.864780
-5.904891
-5.925275
-5.967687
-5.984783
-6.003852
-6.027524
-6.038373
-6.055798
-6.060401
-6.046592
-6.037715
-6.023250
-6.012071
-5.991030
-5.980509
-5.940727
-5.918042
-5.884836
-5.852945
-5.812177
-5.776011
-5.727024
-5.678695
-5.632995
-5.575131
-5.522527
-5.479129
-5.424881
-5.370634
-5.318030
-5.270687
-5.217096
-5.158575
-5.119779
-5.080327
-5.038901
-4.993859
-4.975448
-4.947831
-4.911994
-4.906405
-4.891939
-4.871884
-4.879117
-4.874843
-4.880104
-4.892597
-4.893254
-4.916926
-4.936981
-4.980708
-5.012928
-5.049751
-5.082957
-5.135561
-5.169096
-5.219069
-5.270687
-5.308496
-5.369647
-5.423895
-5.460718
-5.513321
-5.569870
-5.629050
-5.679023
-5.716504
-5.765820
-5.815793
-5.858862
-5.891082
-5.931521
-5.966701
-5.985440
-6.000235
-6.017989
-6.037715
-6.056456
-6.062045
-6.051853
-6.051195
-6.036729
-6.010756
-6.000893
-5.984454
-5.953221
-5.923631
-5.892069
-5.862808
-5.821383
-5.784231
-5.731298
-5.677708
-5.640885
-5.593214
-5.543240
-5.476828
-5.437046
-5.376552
-5.317701
-5.274303
-5.227946
-5.182575
-5.133259
-5.083614
-5.051065
-5.015887
-4.982681
-4.951447
-4.925474
-4.902789
-4.894241
-4.882405
-4.876487
-4.877802
-4.881747
-4.876487
-4.900487
-4.911666
-4.942570
-4.967228
-5.004051
-5.041203
-5.080984
-5.120437
-5.170082
-5.215781
-5.252933
-5.308824
-5.361099
-5.408772
-5.459731
-5.512006
-5.567240
-5.605378
-5.665873
-5.706312
-5.761546
-5.810862
-5.845383
-5.889110
-5.917713
-5.945001
-5.981824
-5.996290
-6.023907
-6.043962
-6.046921
-6.046921
-6.058757
-6.044949
-6.036400
-6.021605
-6.000893
-5.980180
-5.958810
-5.930535
-5.898973
-5.867411
-5.830259
-5.779299
-5.747079
-5.700394
-5.651078
-5.598145
-5.549487
-5.487020
-5.446580
-5.379839
-5.336441
-5.276933
-5.230247
-5.180603
-5.140492
-5.098409
-5.056983
-5.022134
-4.989914
-4.957365
-4.922844
-4.898844
-4.897529
-4.886021
-4.879117
-4.869583
-4.868268
-4.884049
-4.898186
-4.916926
-4.930735
-4.958680
-5.002079
-5.034627
-5.078025
-5.106628
-5.160547
-5.198356
-5.251289
-5.299618
-5.339400
-5.406799
-5.456772
-5.494253
-5.553761
-5.598803
-5.659955
-5.707627
-5.744778
-5.803957
-5.838808
-5.883521
-5.915740
-5.941385
-5.975248
-6.006811
-6.023907
-6.026537
-6.050209
-6.051853
-6.061716
-6.053825
-6.044949
-6.032126
-6.014372
-5.985440
-5.962426
-5.936782
-5.910151
-5.869383
-5.834205
-5.784888
-5.754641
-5.708942
-5.661598
-5.613597
-5.562966
-5.511349
-5.449868
-5.403511
-5.345975
-5.298961
-5.249316
-5.185205
-5.147068
-5.103998
-5.063888
-5.023120
-4.977749
-4.961310
-4.922186
-4.913638
-4.899501
-4.876158
-4.880432
-4.876158
-4.864651
-4.873199
-4.892926
-4.909364
-4.940598
-4.959667
-4.994517
-5.028380
-5.069148
-5.104984
-5.147068
-5.200000
-5.245699
-5.296331
-5.342688
-5.391017
-5.439347
-5.489978
-5.550802
-5.597487
-5.653379
-5.690530
-5.748394
-5.794423
-5.822698
-5.873657
-5.913768
-5.934152
-5.971303
-6.002865
-6.020619
-6.025222
-6.045606
-6.044949
-6.057771
-6.051853
-6.048894
-6.032126
-6.013715
-5.997276
-5.968344
-5.939084
-5.910151
-5.876945
-5.845383
-5.803957
-5.755956
-5.713216
-5.667516
-5.619844
-5.566583
-5.510691
-5.460389
-5.401867
-5.346304
-5.294687
-5.248330
-5.204274
-5.155616
-5.106957
-5.064874
-5.034627
-4.984982
-4.968872
-4.931721
-4.906734
-4.898515
-4.876816
-4.880104
-4.872870
-4.875501
-4.885693
-4.890296
-4.907063
-4.920871
-4.945858
-4.989585
-5.022462
-5.064545
-5.104984
-5.134245
-5.192767
-5.226631
-5.283509
-5.337099
-5.385757
-5.433101
-5.476170
-5.542582
-5.588282
-5.645817
-5.681324
-5.738860
-5.787848
-5.832232
-5.865438
-5.910809
-5.933494
-5.971961
-5.985112
-6.020290
-6.030154
-6.048565
-6.053168
-6.062045
-6.055798
-6.051195
-6.024893
-6.014372
-5.989715
-5.972618
-5.951248
-5.907192
-5.884507
-5.848013
-5.808889
-5.762532
-5.719462
-5.674420
-5.629378
-5.580391
-5.528774
-5.469265
-5.422251
-5.369976
-5.318358
-5.262796
-5.208877
-5.166136
-5.104984
-5.068820
-5.038572
-4.994517
-4.959667
-4.931063
-4.909693
-4.905090
-4.891282
-4.880432
-4.871884
-4.874186
-4.874514
-4.893254
-4.910351
-4.926132
-4.953749
-4.983338
-5.013914
-5.057641
-5.098409
-5.137204
-5.183890
-5.221699
-5.276933
-5.318687
-5.378524
-5.421594
-5.480444
-5.524171
-5.579076
-5.632995
-5.674749
-5.725709
-5.774696
-5.824341
-5.865438
-5.897658
-5.923631
-5.960783
-5.980838
-6.006482
-6.025880
-6.032455
-6.057771
-6.061716
-6.051195
-6.044291
-6.039360
-6.023578
-5.998591
-5.964728
-5.953221
-5.918699
-5.889110
-5.860835
-5.822040
-5.778313
-5.732942
-5.679352
-5.629378
-5.583679
-5.534034
-5.479129
-5.427840
-5.377867
-5.326578
-5.273974
-5.211178
-5.172054
-5.114848
-5.079011
-5.033312
-5.009969
-4.977420
-4.935995
-4.923831
-4.899501
-4.890953
-4.883720
-4.874843
-4.873199
-4.881419
-4.877473
-4.908378
-4.926789
-4.944543
-4.977749
-4.996489
-5.034956
-5.083614
-5.131944
-5.174356
-5.219069
-5.269700
-5.311126
-5.370305
-5.417319
-5.469923
-5.508718
-5.571843
-5.624118
-5.673763
-5.724394
-5.755956
-5.812834
-5.858205
-5.889439
-5.919686
-5.957166
-5.975248
-5.996948
-6.015030
-6.044620
-6.049880
-6.054483
-6.056127
-6.050867
-6.035414
-6.022921
-6.007797
-5.977221
-5.945330
-5.929220
-5.895357
-5.868068
-5.825656
-5.773053
-5.727682
-5.683955
-5.632666
-5.591898
-5.529431
-5.488992
-5.438361
-5.371949
-5.332825
-5.284495
-5.233535
-5.169424
-5.135231
-5.093149
-5.044819
-5.014243
-4.983996
-4.949146
-4.923831
-4.908049
-4.892268
-4.883062
-4.879117
-4.870569
-4.878788
-4.887008
-4.905748
-4.923501
-4.939611
-4.968872
-5.007010
-5.034627
-5.083614
-5.111889
-5.169424
-5.212822
-5.253590
-5.305208
-5.356825
-5.410415
-5.456772
-5.502800
-5.551459
-5.602090
-5.665544
-5.713873
-5.761546
-5.807903
-5.844725
-5.891740
-5.917384
-5.948946
-5.984783
-6.009770
-6.025880
-6.031469
-6.045935
-6.052839
-6.056127
-6.043633
-6.039031
-6.024893
-6.001879
-5.988070
-5.964070
-5.924289
-5.892397
-5.872014
-5.833218
-5.785546
-5.740833
-5.696777
-5.649763
-5.597158
-5.546199
-5.500828
-5.444608
-5.392004
-5.334797
-5.285481
-5.234192
-5.190794
-5.133588
-5.098409
-5.053038
-5.016216
-4.975448
-4.959667
-4.926789
-4.915611
-4.896871
-4.881090
-4.876816
-4.861363
-4.872870
-4.887994
-4.894569
-4.920214
-4.936324
-4.965585
-4.996161
-5.037257
-5.062573
-5.117478
-5.160876
-5.204274
-5.248987
-5.300276
-5.348935
-5.392990
-5.446580
-5.497869
-5.542911
-5.607022
-5.658310
-5.701380
-5.751025
-5.797382
-5.843081
-5.884178
-5.916398
-5.952892
-5.977550
-6.001879
-6.010756
-6.039031
-6.053497
-6.056456
-6.046264
-6.041661
-6.039031
-6.027195
-6.008126
-5.993002
-5.969002
-5.936124
-5.912453
-5.870041
-5.832890
-5.788176
-5.753655
-5.711572
-5.665544
-5.616228
-5.562637
-5.507075
-5.453485
-5.399237
-5.340715
-5.298304
-5.245699
-5.192438
-5.149040
-5.098738
-5.054025
-5.021147
-4.983996
-4.963941
-4.935995
-4.912652
-4.900816
-4.888651
-4.873857
-4.870240
-4.865309
-4.871227
-4.892597
-4.914625
-4.929748
-4.953091
-4.983338
-5.030353
-5.066847
-5.107944
-5.153972
-5.184219
-5.239453
-5.290413
-5.341372
-5.385099
-5.438032
-5.490965
-5.545212
-5.587624
-5.649434
-5.690202
-5.747408
-5.778313
-5.821711
-5.877603
-5.911795
-5.945001
-5.975906
-5.986427
-6.021935
-6.037715
-6.051195
-6.057113
-6.047907
-6.049551
-6.035743
-6.022263
-6.015359
-5.996948
-5.973276
-5.942700
-5.917384
-5.878260
-5.844068
-5.801327
-5.757929
-5.712558
-5.665873
-5.615570
-5.559679
-5.517924
-5.463348
-5.410415
-5.360442
-5.302906
-5.253262
-5.208877
-5.146081
-5.115505
-5.071450
-5.028380
-4.997804
-4.954735
-4.938296
-4.916597
-4.903446
-4.876816
-4.875829
-4.873857
-4.875501
-4.886021
-4.884377
-4.908378
-4.933693
-4.953749
-4.989256
-5.009969
-5.063888
-5.099724
-5.144109
-5.183561
-5.232877
-5.278906
-5.334797
-5.372606
-5.430470
-5.487348
-5.523513
-5.584336
-5.642200
-5.691845
-5.738860
-5.785217
-5.822040
-5.871027
-5.900288
-5.935138
-5.955194
-5.990372
-6.019633
-6.037058
-6.046592
-6.044291
-6.058428
-6.051195
-6.043962
-6.032126
-6.016016
-6.001550
-5.978208
-5.944344
-5.921659
-5.882534
-5.840780
-5.808231
-5.762532
-5.720120
-5.674420
-5.628063
-5.582364
-5.529102
-5.473211
-5.422251
-5.370305
-5.319345
-5.263782
-5.219398
-5.154629
-5.120766
-5.073093
-5.033312
-5.004709
-4.966900
-4.939611
-4.915611
-4.906734
-4.888651
-4.880761
-4.871227
-4.878788
-4.877473
-4.885693
-4.900158
-4.928104
-4.939611
-4.974790
-5.015229
-5.051723
-5.091176
-5.137862
-5.174027
-5.218082
-5.272330
-5.317701
-5.377867
-5.427511
-5.469594
-5.524828
-5.579076
-5.633981
-5.674749
-5.721107
-5.777327
-5.815793
-5.861493
-5.889110
-5.922974
-5.967358
-5.994318
-6.016345
-6.036072
-6.041990
-6.057113
-6.058757
-6.060730
-6.051853
-6.037715
-6.012729
-6.003194
-5.981824
-5.953878
-5.926590
-5.897000
-5.862150
-5.822698
-5.779299
-5.733600
-5.687572
-5.637927
-5.584336
-5.535678
-5.475841
-5.428498
-5.374907
-5.324605
-5.261481
-5.220055
-5.175342
-5.122409
-5.081313
-5.042189
-5.011941
-4.980051
-4.949146
-4.926789
-4.900816
-4.887994
-4.878131
-4.873199
-4.872870
-4.882734
-4.890296
-4.904761
-4.917912
-4.946845
-4.963612
-4.998133
-5.048107
-5.087888
-5.127670
-5.172712
-5.219727
-5.257535
-5.309482
-5.358140
-5.411401
-5.462361
-5.518582
-5.574802
-5.624118
-5.670146
-5.721435
-5.759573
-5.808231
-5.854917
-5.891411
-5.931521
-5.956837
-5.989386
-6.009441
-6.024236
-6.044291
-6.051853
-6.048236
-6.058428
-6.054483
-6.044949
-6.019633
-6.002208
-5.981824
-5.961769
-5.919686
-5.904233
-5.865767
-5.831574
-5.789163
-5.744121
-5.695462
-5.640557
-5.584665
-5.531404
-5.495239
-5.442964
-5.381483
-5.332825
-5.273974
-5.228932
-5.185205
-5.130958
-5.090190
-5.055997
-5.009969
-4.976434
-4.956379
-4.929090
-4.913310
-4.893583
-4.885693
-4.874514
-4.875501
-4.867281
-4.883391
-4.905090
-4.921858
-4.929090
-4.965913
-5.002407
-5.038901
-5.078025
-5.121423
-5.166136
-5.210850
-5.249316
-5.299618
-5.350907
-5.408442
-5.455786
-5.511349
-5.549487
-5.614583
-5.664557
-5.707955
-5.747079
-5.796724
-5.848670
-5.886479
-5.915083
-5.943028
-5.982481
-6.008783
-6.019304
-6.042318
-6.053825
-6.050209
-6.060730
-6.056127
-6.047907
-6.028510
-6.004838
-5.982153
-5.956180
-5.935796
-5.909494
-5.866753
-5.833547
-5.793766
-5.754313
-5.707627
-5.654365
-5.598145
-5.549815
-5.500170
-5.437046
-5.397593
-5.344332
-5.296002
-5.230576
-5.195397
-5.141150
-5.103670
-5.049751
-5.018846
-4.987284
-4.951776
-4.930406
-4.904433
-4.899830
-4.887336
-4.875501
-4.878131
-4.871884
-4.889638
-4.897200
-4.902789
-4.933365
-4.960324
-4.983996
-5.028051
-5.075395
-5.107615
-5.155287
-5.198685
-5.251289
-5.296659
-5.344003
-5.396278
-5.445265
-5.498198
-5.551788
-5.607679
-5.656338
-5.705983
-5.752997
-5.785546
-5.834205
-5.881877
-5.905220
-5.935796
-5.979851
-5.997605
-6.025222
-6.041332
-6.051853
-6.057113
-6.058428
-6.054154
-6.043304
-6.023907
-6.001550
-5.980838
-5.957166
-5.944015
-5.915740
-5.867082
-5.835520
-5.799683
-5.757271
-5.706640
-5.665215
-5.615241
-5.565597
-5.505102
-5.452498
-5.407456
-5.354524
-5.306523
-5.249974
-5.200658
-5.140492
-5.104327
-5.066518
-5.029366
-4.979393
-4.958352
-4.938954
-4.907063
-4.887008
-4.884706
-4.881090
-4.870898
-4.876158
-4.884049
-4.895556
-4.900816
-4.931721
-4.954077
-4.987941
-5.022134
-5.063888
-5.093149
-5.148054
-5.180603
-5.238138
-5.276604
-5.324276
-5.389702
-5.436059
-5.488006
-5.546199
-5.584665
-5.647790
-5.691517
-5.730969
-5.788176
-5.832232
-5.871685
-5.908507
-5.945659
-5.973605
-5.990701
-6.022592
-6.039688
-6.051195
-6.057113
-6.060730
-6.056456
-6.048565
-6.028839
-6.004509
-5.990043
-5.967029
-5.934152
-5.907521
-5.886808
-5.849000
-5.796067
-5.760888
-5.715846
-5.669489
-5.626091
-5.574473
-5.513650
-5.462690
-5.415347
-5.365702
-5.310797
-5.262138
-5.204603
-5.151670
-5.112546
-5.061258
-5.026079
-4.999119
-4.967886
-4.942242
-4.918899
-4.900816
-4.883062
-4.868597
-4.871884
-4.864651
-4.876158
-4.896214
-4.910679
-4.926789
-4.948488
-4.983996
-5.020161
-5.050737
-5.091505
-5.137862
-5.187178
-5.234192
-5.268056
-5.323948
-5.369976
-5.432772
-5.476499
-5.537980
-5.582035
-5.640557
-5.676722
-5.736230
-5.772724
-5.815135
-5.854589
-5.903904
-5.932837
-5.962098
-5.993331
-6.017660
-6.030811
-6.039360
-6.042647
-6.060401
-6.059086
-6.050538
-6.030482
-6.008455
-5.994318
-5.972947
-5.946974
-5.919028
-5.888452
-5.849657
-5.814478
-5.775025
-5.729326
-5.672777
-5.635954
-5.582364
-5.528116
-5.481102
-5.428826
-5.372606
-5.320989
-5.272001
-5.212165
-5.167780
-5.119451
-5.071121
-5.028380
-5.005695
-4.970516
-4.933693
-4.924488
-4.892926
-4.890624
-4.875172
-4.872870
-4.878131
-4.871555
-4.891282
-4.908378
-4.925474
-4.941255
-4.967886
-5.008654
-5.048436
-5.078682
-5.132601
-5.179616
-5.225645
-5.272988
-5.321975
-5.358140
-5.409100
-5.475841
-5.527130
-5.578419
-5.630693
-5.678695
-5.722750
-5.772395
-5.814478
-5.847027
-5.900946
-5.929549
-5.964728
-5.992016
-6.015359
-6.028181
-6.039360
-6.056456
-6.051524
-6.044949
-6.042647
-6.042318
-6.025880
-6.004838
-5.979523
-5.958152
-5.930864
-5.893384
-5.863465
-5.826972
-5.783573
-5.741161
-5.685270
-5.639899
-5.591898
-5.535020
-5.482745
-5.431128
-5.371949
-5.332825
-5.281207
-5.216439
-5.181589
-5.128985
-5.077696
-5.044819
-5.005366
-4.982023
-4.942242
-4.916268
-4.911008
-4.895227
-4.880104
-4.876816
-4.878131
-4.880432
-4.884049
-4.904433
-4.918899
-4.942899
-4.976434
-5.009311
-5.031668
-5.078354
-5.112546
-5.168438
-5.209206
-5.266412
-5.311783
-5.360442
-5.415018
-5.465321
-5.519239
-5.570857
-5.616228
-5.656667
-5.719791
-5.751354
-5.798039
-5.852287
-5.893055
-5.925604
-5.947631
-5.974262
-6.006482
-6.027524
-6.038044
-6.054483
-6.048894
-6.060072
-6.056127
-6.038373
-6.020619
-6.001879
-5.985769
-5.960454
-5.932837
-5.904562
-5.859849
-5.830588
-5.786203
-5.747079
-5.694476
-5.651406
-5.601433
-5.541267
-5.488992
-5.438690
-5.392990
-5.333153
-5.281207
-5.229918
-5.187507
-5.127670
-5.082628
-5.055997
-5.019175
-4.972160
-4.957365
-4.931063
-4.913638
-4.882405
-4.880432
-4.870240
-4.875501
-4.882734
-4.889309
-4.899172
-4.912652
-4.935666
-4.964270
-5.001092
-5.036600
-5.073093
-5.105313
-5.156273
-5.209863
-5.244384
-5.296988
-5.354195
-5.404169
-5.450526
-5.501814
-5.561651
-5.603734
-5.661927
-5.702366
-5.759244
-5.805930
-5.837821
-5.882205
-5.922316
-5.948289
-5.976563
-6.008455
-6.018975
-6.042647
-6.046264
-6.059743
-6.055798
-6.051195
-6.035414
-6.027853
-5.996948
-5.985112
-5.962755
-5.939741
-5.910480
-5.861822
-5.838479
-5.795409
-5.754641
-5.706969
-5.653379
-5.608666
-5.553432
-5.504445
-5.455457
-5.401867
-5.341702
-5.291070
-5.246686
-5.194740
-5.145424
-5.103670
-5.057641
-5.022791
-4.977749
-4.960982
-4.929090
-4.906076
-4.898515
-4.872213
-4.864651
-4.870898
-4.881419
-4.873528
-4.885364
-4.913310
-4.938625
-4.962626
-4.986955
-5.017859
-5.066189
-5.109916
-5.147725
-5.198356
-5.250631
-5.292714
-5.341702
-5.393977
-5.446580
-5.500828
-5.538308
-5.596501
-5.645817
-5.696119
-5.743463
-5.797710
-5.837821
-5.870041
-5.913110
-5.948946
-5.969988
-5.999578
-6.024236
-6.040346
-6.046592
-6.044949
-6.061059
-6.055470
-6.034428
-6.030154
-6.001879
-5.988070
-5.962755
-5.947303
-5.914425
-5.867740
-5.844068
-5.804944
-5.764176
-5.715517
-5.655352
-5.606036
-5.564939
-5.508061
-5.448553
-5.396278
-5.356167
-5.298961
-5.256220
-5.200329
-5.157588
-5.112217
-5.068491
-5.032654
-4.994845
-4.964598
-4.936653
-4.921858
-4.903446
-4.880432
-4.878131
-4.864322
-4.881419
-4.877473
-4.888323
-4.902131
-4.918899
-4.957365
-4.987284
-5.013914
-5.064874
-5.102683
-5.138519
-5.191452
-5.240439
-5.287783
-5.322633
-5.373592
-5.433101
-5.485375
-5.538966
-5.590254
-5.644502
-5.690859
-5.726367
-5.786532
-5.827300
-5.873000
-5.898315
-5.931193
-5.971303
-6.000235
-6.019962
-6.033113
-6.035085
-6.048565
-6.053168
-6.059086
-6.052510
-6.038044
-6.017332
-5.984126
-5.967029
-5.950262
-5.921659
-5.886151
-5.841437
-5.804615
-5.756943
-5.728011
-5.672119
-5.620831
-5.574473
-5.525157
-5.468279
-5.405484
-5.363400
-5.310468
-5.256878
-5.213809
-5.159890
-5.114190
-5.063231
-5.037915
-5.000434
-4.972160
-4.943557
-4.919885
-4.894569
-4.886679
-4.872541
-4.865637
-4.877144
-4.884377
-4.887008
-4.909364
-4.924159
-4.951447
-4.987941
-5.021476
-5.050737
-5.098409
-5.131944
-5.171068
-5.229261
-5.269700
-5.328550
-5.377209
-5.426525
-5.483403
-5.530089
-5.573158
-5.635954
-5.676393
-5.727353
-5.772395
-5.826972
-5.862150
-5.889767
-5.938755
-5.968673
-5.993660
-6.015687
-6.034099
-6.042976
-6.047250
-6.061716
-6.054812
-6.040346
-6.036072
-6.012729
-6.000235
-5.981495
-5.947631
-5.920343
-5.879247
-5.858205
-5.805273
-5.770422
-5.728339
-5.686914
-5.636611
-5.580391
-5.532719
-5.475513
-5.421594
-5.375894
-5.316386
-5.274961
-5.217425
-5.165808
-5.115834
-5.078682
-5.038243
-4.999777
-4.970516
-4.946187
-4.912323
-4.905090
-4.891282
-4.883062
-4.873528
-4.872870
-4.883720
-4.889309
-4.892926
-4.922844
-4.947173
-4.981037
-5.015229
-5.049422
-5.090518
-5.134574
-5.178630
-5.224987
-5.257207
-5.316715
-5.363400
-5.412388
-5.470252
-5.511677
-5.574473
-5.619844
-5.677708
-5.724394
-5.770422
-5.819410
-5.856890
-5.888124
-5.932179
-5.965385
-5.992673
-6.006482
-6.023578
-6.043304
-6.055798
-6.052839
-6.060401
-6.051853
-6.035743
-6.025551
-6.004838
-5.973605
-5.960454
-5.931521
-5.897000
-5.850315
-5.822369
-5.777656
-5.744449
-5.687243
-5.631680
-5.591898
-5.529431
-5.487020
-5.440333
-5.382798
-5.333153
-5.281865
-5.227617
-5.181260
-5.123396
-5.079998
-5.053367
-5.014243
-4.976763
-4.956050
-4.930077
-4.904761
-4.894898
-4.882076
-4.871884
-4.877473
-4.878459
-4.883391
-4.888651
-4.918570
-4.947502
-4.973146
-5.008983
-5.044161
-5.076381
-5.118464
-5.170082
-5.216110
-5.256220
-5.311783
-5.355510
-5.408772
-5.460389
-5.517595
-5.564610
-5.617214
-5.664886
-5.703352
-5.758586
-5.797382
-5.851958
-5.879247
-5.918042
-5.959796
-5.978536
-6.010427
-6.023250
-6.032126
-6.042976
-6.058099
-6.048236
-6.057113
-6.041661
-6.028510
-6.009441
-5.984783
-5.965056
-5.936782
-5.906206
-5.867411
-5.826314
-5.786532
-5.746422
-5.699736
-5.640228
-5.595843
-5.553761
-5.494910
-5.442964
-5.385757
-5.344003
-5.292057
-5.234850
-5.193753
-5.143122
-5.101368
-5.051394
-5.018846
-4.975119
-4.956707
-4.935666
-4.913638
-4.889966
-4.886021
-4.873528
-4.870569
-4.867281
-4.885364
-4.897857
-4.912323
-4.932050
-4.970845
-5.001750
-5.037257
-5.077039
-5.105313
-5.162520
-5.207891
-5.246028
-5.301591
-5.337099
-5.389374
-5.453156
-5.492609
-5.559021
-5.602419
-5.656009
-5.695462
-5.743463
-5.802313
-5.846040
-5.884836
-5.919357
-5.952563
-5.974920
-6.008126
-6.012071
-6.041661
-6.043633
-6.057771
-6.057771
-6.055470
-6.039031
-6.025222
-6.014044
-5.992673
-5.966372
-5.942371
-5.908836
-5.862150
-5.838150
-5.801327
-5.752340
-5.711901
-5.662913
-5.609981
-5.552117
-5.510034
-5.449539
-5.390360
-5.352880
-5.299947
-5.241426
-5.201315
-5.145424
-5.101697
-5.066518
-5.014572
-4.994517
-4.958023
-4.939283
-4.917583
-4.900487
-4.881419
-4.875501
-4.879446
-4.878459
-4.885035
-4.896871
-4.909364
-4.935009
-4.965585
-4.996818
-5.024435
-5.057970
-5.110245
-5.145095
-5.198028
-5.247344
-5.279892
-5.338743
-5.388716
-5.444936
-5.491293
-5.543897
-5.590912
-5.648448
-5.700065
-5.747079
-5.795738
-5.835848
-5.874972
-5.915740
-5.949275
-5.976235
-5.999578
-6.008783
-6.035085
-6.049551
-6.050209
-6.059086
-6.054812
-6.050867
-6.035085
-6.009441
-5.984126
-5.975248
-5.944673
-5.917056
-5.884507
-5.832890
-5.802642
-5.754970
-5.718476
-5.670804
-5.619844
-5.555404
-5.519568
-5.452827
-5.405484
-5.358469
-5.306851
-5.254577
-5.205260
-5.162520
-5.116163
-5.066847
-5.033969
-4.998462
-4.963941
-4.940927
-4.913638
-4.901145
-4.887008
-4.881747
-4.871884
-4.877802
-4.886679
-4.885693
-4.906076
-4.924488
-4.954077
-4.984982
-5.014572
-5.050737
-5.093149
-5.143122
-5.191452
-5.224658
-5.278248
-5.330194
-5.385428
-5.437704
-5.488006
-5.539294
-5.583021
-5.628392
-5.690859
-5.726038
-5.786203
-5.824013
-5.867411
-5.908507
-5.933823
-5.958810
-5.994975
-6.018975
-6.031797
-6.035743
-6.043962
-6.056456
-6.059743
-6.048565
-6.035414
-6.021605
-6.001550
-5.972290
-5.953221
-5.921329
-5.883521
-5.850315
-5.805930
-5.774368
-5.726367
-5.672448
-5.618858
-5.568555
-5.527459
-5.475841
-5.424552
-5.368661
-5.319345
-5.262138
-5.210192
-5.167780
-5.118793
-5.073751
-5.041860
-5.003394
-4.969201
-4.948488
-4.916926
-4.895556
-4.882405
-4.882405
-4.874186
-4.864980
-4.868597
-4.893583
-4.894898
-4.925146
-4.956379
-4.973804
-5.005037
-5.050079
-5.089203
-5.139506
-5.169096
-5.230247
-5.262138
-5.325921
-5.369647
-5.421594
-5.481431
-5.532719
-5.582693
-5.626091
-5.683626
-5.726038
-5.779299
-5.824341
-5.864780
-5.902261
-5.932837
-5.963413
-5.992345
-6.012729
-6.026537
-6.041332
-6.044291
-6.052510
-6.059414
-6.037715
-6.026537
-6.016674
-5.995961
-5.977879
-5.948946
-5.920672
-5.881219
-5.860507
-5.823026
-5.774039
-5.733929
-5.684612
-5.637927
-5.583350
-5.529431
-5.486033
-5.424552
-5.378195
-5.321318
-5.274632
-5.226631
-5.175013
-5.130300
-5.087888
-5.039887
-5.005366
-4.973475
-4.939283
-4.926789
-4.909036
-4.888651
-4.885364
-4.880104
-4.880432
-4.879446
-4.891939
-4.891939
-4.912981
-4.949146
-4.963612
-5.005695
-5.042846
-5.085258
-5.116492
-5.175342
-5.213809
-5.268714
-5.307838
-5.362743
-5.419621
-5.471567
-5.515294
-5.567898
-5.614583
-5.667516
-5.724394
-5.768121
-5.816451
-5.857219
-5.889767
-5.932508
-5.949604
-5.991358
-6.000893
-6.028839
-6.046264
-6.047250
-6.052839
-6.058757
-6.048565
-6.039031
-6.023907
-6.006153
-5.983468
-5.963413
-5.931521
-5.891411
-5.869054
-5.831245
-5.782587
-5.745764
-5.689873
-5.640885
-5.594200
-5.545541
-5.479786
-5.441978
-5.386086
-5.336770
-5.286139
-5.232877
-5.174356
-5.126026
-5.079998
-5.054682
-5.017859
-4.985311
-4.951118
-4.918241
-4.908707
-4.896542
-4.886350
-4.867281
-4.871884
-4.877473
-4.885035
-4.899830
-4.915940
-4.938625
-4.972817
-5.000434
-5.026408
-5.080984
-5.121752
-5.158246
-5.198685
-5.258522
-5.305536
-5.352880
-5.397593
-5.452169
-5.514637
-5.554418
-5.599789
-5.662913
-5.711243
-5.759573
-5.794423
-5.840451
-5.888781
-5.924617
-5.956508
-5.972290
-6.010756
-6.022263
-6.028839
-6.055140
-6.062045
-6.058099
-6.051524
-6.036729
-6.023250
-6.006811
-5.978536
-5.961111
-5.935138
-5.899302
-5.871356
-5.822698
-5.797710
-5.746751
-5.699407
-5.657653
-5.610310
-5.556719
-5.504116
-5.451512
-5.398579
-5.344660
-5.293043
-5.246028
-5.195726
-5.147068
-5.100053
-5.062573
-5.023777
-4.982352
-4.947173
-4.922186
-4.907063
-4.885693
-4.883391
-4.877473
-4.879775
-4.882076
-4.878788
-4.895227
-4.915611
-4.929090
-4.968872
-4.999777
-5.035614
-5.071121
-5.115177
-5.156931
-5.199014
-5.248987
-5.292057
-5.349263
-5.401538
-5.449211
-5.503787
-5.539294
-5.606036
-5.647132
-5.706640
-5.749381
-5.797710
-5.843081
-5.880562
-5.916398
-5.949275
-5.975906
-6.006811
-6.012400
-6.041332
-6.042318
-6.058428
-6.055140
-6.055140
-6.041332
-6.027524
-6.013058
-5.985112
-5.970974
-5.937439
-5.897658
-5.876287
-5.827629
-5.803300
-5.755299
-5.704997
-5.665873
-5.617871
-5.567569
-5.515623
-5.460718
-5.409429
-5.348935
-5.291070
-5.247015
-5.197699
-5.145095
-5.095779
-5.064874
-5.015229
-4.990571
-4.968544
-4.936324
-4.909693
-4.893254
-4.888651
-4.879775
-4.871555
-4.877144
-4.871555
-4.883062
-4.914625
-4.921529
-4.963941
-4.993202
-5.027394
-5.058956
-5.093149
-5.150026
-5.196055
-5.232549
-5.288769
-5.325263
-5.392004
-5.434087
-5.487020
-5.532390
-5.596830
-5.646803
-5.695462
-5.748394
-5.789491
-5.819081
-5.873329
-5.898973
-5.947303
-5.974262
-5.994975
-6.017989
-6.037715
-6.044949
-6.059743
-6.063360
-6.049880
-6.038044
-6.021605
-6.005167
-5.997934
-5.965714
-5.947631
-5.915083
-5.883521
-5.839465
-5.802313
-5.765820
-5.717161
-5.666859
-5.618529
-5.570199
-5.521870
-5.465978
-5.415676
-5.355839
-5.305536
-5.255563
-5.208548
-5.159561
-5.116820
-5.070463
-5.034627
-4.992215
-4.971502
-4.936324
-4.921529
-4.888651
-4.888980
-4.883062
-4.878131
-4.863994
-4.871555
-4.893583
-4.911008
-4.933693
-4.955064
-4.987612
-5.022134
-5.058956
-5.095779
-5.140492
-5.185205
-5.228603
-5.280879
-5.331181
-5.376552
-5.428826
-5.473868
-5.522527
-5.580062
-5.630036
-5.681324
-5.725380
-5.785217
-5.812834
-5.865438
-5.903576
-5.940399
-5.965056
-5.989057
-6.012071
-6.036729
-6.049551
-6.049551
-6.053497
-6.061059
-6.048565
-6.037715
-6.021277
-5.996290
-5.980838
-5.951906
-5.921659
-5.893055
-5.856232
-5.818095
-5.770751
-5.727682
-5.669160
-5.627406
-5.580062
-5.531733
-5.465649
-5.424881
-5.367017
-5.315071
-5.264440
-5.216110
-5.168438
-5.124382
-5.078354
-5.040545
-5.005037
-4.964598
-4.948817
-4.918570
-4.905748
-4.891611
-4.878788
-4.872541
-4.870240
-4.882405
-4.892926
-4.902460
-4.923831
-4.953749
-4.977092
-5.000106
-5.047449
-5.089861
-5.137862
-5.168109
-5.225316
-5.268385
-5.320660
-5.371949
-5.416662
-5.464663
-5.523185
-5.572501
-5.628392
-5.667845
-5.729983
-5.770093
-5.821383
-5.859520
-5.901274
-5.936782
-5.963413
-5.990372
-6.008455
-6.028510
-6.041003
-6.053825
-6.060072
-6.050538
-6.042976
-6.031140
-6.012729
-6.006153
-5.974591
-5.957823
-5.926261
-5.897986
-5.855246
-5.811190
-5.781600
-5.724723
-5.686585
-5.638255
-5.583021
-5.526472
-5.483403
-5.424552
-5.382141
-5.322961
-5.273974
-5.224329
-5.178958
-5.135561
-5.089532
-5.044161
-5.000763
-4.982352
-4.953749
-4.927447
-4.902789
-4.894898
-4.878131
-4.873199
-4.870569
-4.876487
-4.885364
-4.901803
-4.917255
-4.933365
-4.968544
-5.004380
-5.038901
-5.086245
-5.113204
-5.173041
-5.216767
-5.265755
-5.299290
-5.362743
-5.415018
-5.468937
-5.514965
-5.567240
-5.620831
-5.668831
-5.715517
-5.756285
-5.803957
-5.853602
-5.886808
-5.916727
-5.947631
-5.985769
-6.001879
-6.017003
-6.041661
-6.049880
-6.046264
-6.054483
-6.038702
-6.028181
-6.019633
-6.002865
-5.987413
-5.947631
-5.928234
-5.900288
-5.854917
-5.817108
-5.790149
-5.739189
-5.694147
-5.650091
-5.602090
-5.550473
-5.496554
-5.440991
-5.391346
-5.336770
-5.286468
-5.235507
-5.189150
-5.139834
-5.092491
-5.054353
-5.012928
-4.973475
-4.947502
-4.929090
-4.913310
-4.895227
-4.884706
-4.882076
-4.872213
-4.878788
-4.881747
-4.901474
-4.916597
-4.944543
-4.957036
-4.993530
-5.036600
-5.070792
-5.107615
-5.152986
-5.200329
-5.242412
-5.305865
-5.350250
-5.402853
-5.447238
-5.505760
-5.557706
-5.611625
-5.657653
-5.698421
-5.761217
-5.795081
-5.846698
-5.880890
-5.925275
-5.956508
-5.983797
-6.004838
-6.018975
-6.041661
-6.041661
-6.059414
-6.046921
-6.052510
-6.041332
-6.023907
-6.012071
-5.984454
-5.965056
-5.929878
-5.902261
-5.861493
-5.830917
-5.781600
-5.752340
-5.706312
-5.657653
-5.608337
-5.555404
-5.506746
-5.441320
-5.397264
-5.334468
-5.293701
-5.243727
-5.188822
-5.141150
-5.101039
-5.053038
-5.011284
-4.978078
-4.956050
-4.936653
-4.910351
-4.899501
-4.887336
-4.866295
-4.873528
-4.876158
-4.879446
-4.895885
-4.918570
-4.940269
-4.950132
-4.988599
-5.030024
-5.066189
-5.105642
-5.148711
-5.202630
-5.249645
-5.294358
-5.336441
-5.401209
-5.451183
-5.486362
-5.552445
-5.597158
-5.652721
-5.699736
-5.745436
-5.798039
-5.837821
-5.880562
-5.904891
-5.952234
-5.977221
-6.002537
-6.017660
-6.040346
-6.048894
-6.061059
-6.061387
-6.058428
-6.048565
-6.034428
-6.008455
-5.996290
-5.962426
-5.946316
-5.916727
-5.874972
-5.838479
-5.804615
-5.755628
-5.702366
-5.666201
-5.620173
-5.568226
-5.516280
-5.448882
-5.398251
-5.358798
-5.301262
-5.250302
-5.200658
-5.154958
-5.113533
-5.071121
-5.034298
-4.995831
-4.959338
-4.937639
-4.915611
-4.902460
-4.885035
-4.880104
-4.875501
-4.863665
-4.872870
-4.898515
-4.911666
-4.931392
-4.946845
-4.991887
-5.021147
-5.059614
-5.101697
-5.151999
-5.187507
-5.241426
-5.282522
-5.339400
-5.391017
-5.431457
-5.491951
-5.536664
-5.594857
-5.647790
-5.682311
-5.731627
-5.780943
-5.825656
-5.864452
-5.903247
-5.945988
-5.966372
-5.997276
-6.017332
-6.030811
-6.040346
-6.061059
-6.061716
-6.055798
-6.041990
-6.028839
-6.015030
-5.998920
-5.960454
-5.948946
-5.916069
-5.887794
-5.852287
-5.804286
-5.768778
-5.721764
-5.669489
-5.618200
-5.562637
-5.509705
-5.471567
-5.419621
-5.354195
-5.315400
-5.266741
-5.215781
-5.160876
-5.111560
-5.062573
-5.033312
-5.001421
-4.970845
-4.944872
-4.913310
-4.905748
-4.883391
-4.870569
-4.872213
-4.871884
-4.885364
-4.888323
-4.905090
-4.932707
-4.953420
-4.980051
-5.013257
-5.045805
-5.087231
-5.126684
-5.182904
-5.228275
-5.275289
-5.322633
-5.377867
-5.426854
-5.465978
-5.524828
-5.585651
-5.622146
-5.673105
-5.734586
-5.780614
-5.812505
-5.860507
-5.892069
-5.934481
-5.961111
-5.981824
-6.000893
-6.019962
-6.046921
-6.051195
-6.054483
-6.058428
-6.052510
-6.040017
-6.017003
-6.002537
-5.972947
-5.953549
-5.921001
-5.895357
-5.860178
-5.813492
-5.771080
-5.732285
-5.683955
-5.632666
-5.575788
-5.525815
-5.478143
-5.422909
-5.366360
-5.323619
-5.271015
-5.216767
-5.174356
-5.125040
-5.082628
-5.038243
-5.010298
-4.964598
-4.943228
-4.926132
-4.898844
-4.885035
-4.881747
-4.871227
-4.876816
-4.868268
-4.893583
-4.908378
-4.916597
-4.951776
-4.973475
-5.014901
-5.051065
-5.090847
-5.135561
-5.169096
-5.217096
-5.262796
-5.312112
-5.362743
-5.422580
-5.473211
-5.520226
-5.569541
-5.619844
-5.679023
-5.727682
-5.758586
-5.809546
-5.853602
-5.899959
-5.927905
-5.964399
-5.981824
-6.007468
-6.017332
-6.048236
-6.053497
-6.059414
-6.057442
-6.045277
-6.036072
-6.024236
-6.004509
-5.975248
-5.957823
-5.929549
-5.900617
-5.861822
-5.827300
-5.777656
-5.725051
-5.690859
-5.645488
-5.585323
-5.537980
-5.482745
-5.428169
-5.382798
-5.324934
-5.283180
-5.229261
-5.183233
-5.121752
-5.078682
-5.047121
-5.015229
-4.984982
-4.953749
-4.925146
-4.911008
-4.892268
-4.876487
-4.865637
-4.878459
-4.880432
-4.889966
-4.904433
-4.920871
-4.938296
-4.972160
-5.000763
-5.038243
-5.081970
-5.127999
-5.159561
-5.201644
-5.263124
-5.309153
-5.350907
-5.413703
-5.465321
-5.516609
-5.568555
-5.617543
-5.664557
-5.720449
-5.765491
-5.810533
-5.847027
-5.890096
-5.925604
-5.959796
-5.980838
-6.006482
-6.029825
-6.041332
-6.044620
-6.060401
-6.054154
-6.042318
-6.036729
-6.031140
-5.999578
-5.988070
-5.960454
-5.932837
-5.903904
-5.857547
-5.831903
-5.788834
-5.734586
-5.701380
-5.654694
-5.594529
-5.545541
-5.498855
-5.443293
-5.394634
-5.335783
-5.290413
-5.240110
-5.177643
-5.140492
-5.098738
-5.045148
-5.019832
-4.981694
-4.955064
-4.932050
-4.913310
-4.890953
-4.883720
-4.866624
-4.873857
-4.865637
-4.886021
-4.888651
-4.911666
-4.942570
-4.970516
-4.994845
-5.035942
-5.077039
-5.112875
-5.153972
-5.201972
-5.239782
-5.304221
-5.353538
-5.398579
-5.456115
-5.505760
-5.551130
-5.610967
-5.661927
-5.707627
-5.751682
-5.794752
-5.844725
-5.885822
-5.908179
-5.950919
-5.977221
-5.997934
-6.027853
-6.037387
-6.043962
-6.061387
-6.053168
-6.042318
-6.043304
-6.034428
-6.003523
-5.991687
-5.965714
-5.937111
-5.912124
-5.874972
-5.843081
-5.792121
-5.752668
-5.712229
-5.658639
-5.609323
-5.562637
-5.496882
-5.455786
-5.398908
-5.347291
-5.296988
-5.249316
-5.185863
-5.151013
-5.108930
-5.060271
-5.015229
-4.981366
-4.964598
-4.928762
-4.916926
-4.892926
-4.875829
-4.878788
-4.874843
-4.876487
-4.881090
-4.885364
-4.909036
-4.934022
-4.959995
-4.991558
-5.016544
-5.064217
-5.111560
-5.149040
-5.199014
-5.238795
-5.295344
-5.345647
-5.391017
-5.442964
-5.498198
-5.541596
-5.602748
-5.645488
-5.701380
-5.737874
-5.792121
-5.839136
-5.871685
-5.911467
-5.939412
-5.967687
-6.003523
-6.009770
-6.026208
-6.039031
-6.060072
-6.048894
-6.052839
-6.048565
-6.037058
-6.003852
-5.995633
-5.973605
-5.931850
-5.911795
-5.881877
-5.845054
-5.792779
-5.758915
-5.719462
-5.665544
-5.618529
-5.570528
-5.505431
-5.464663
-5.410415
-5.354195
-5.310797
-5.257207
-5.207233
-5.151013
-5.112546
-5.060271
-5.033969
-4.993530
-4.968215
-4.932050
-4.919885
-4.903775
-4.875829
-4.873857
-4.875172
-4.873528
-4.878131
-4.887994
-4.913967
-4.921200
-4.946187
-4.989256
-5.025093
-5.063231
-5.097094
-5.138848
-5.187835
-5.236823
-5.277919
-5.327235
-5.387401
-5.438361
-5.482745
-5.539294
-5.583021
-5.638584
-5.689544
-5.740833
-5.787190
-5.825327
-5.872671
-5.902918
-5.940070
-5.966043
-5.999578
-6.016016
-6.035414
-6.051524
-6.044949
-6.057113
-6.044620
-6.038044
-6.039360
-6.015030
-5.990701
-5.974920
-5.945001
-5.920343
-5.888781
-5.853931
-5.813492
-5.764176
-5.728339
-5.674749
-5.633324
-5.576117
-5.519568
-5.467293
-5.409100
-5.368989
-5.306851
-5.264111
-5.200000
-5.167123
-5.121094
-5.079669
-5.041531
-4.991558
-4.971502
-4.945529
-4.921200
-4.905090
-4.888323
-4.882405
-4.870569
-4.875172
-4.885035
-4.881419
-4.906734
-4.929748
-4.953749
-4.980051
-5.019504
-5.050079
-5.091176
-5.136218
-5.184548
-5.227946
-5.273645
-5.327564
-5.377867
-5.429484
-5.473540
-5.529431
-5.584665
-5.631022
-5.681324
-5.729326
-5.777984
-5.821383
-5.866753
-5.897329
-5.929878
-5.959796
-5.984454
-6.002537
-6.033113
-6.045606
-6.055140
-6.045277
-6.057442
-6.053168
-6.034428
-6.019304
-6.003523
-5.977879
-5.943028
-5.921659
-5.897329
-5.861493
-5.815464
-5.764833
-5.733271
-5.689215
-5.631351
-5.574802
-5.528445
-5.472882
-5.421594
-5.376880
-5.323948
-5.276276
-5.224000
-5.167780
-5.129642
-5.080984
-5.038572
-5.011284
-4.978735
-4.948160
-4.923501
-4.907063
-4.888651
-4.885364
-4.878788
-4.871884
-4.868268
-4.892597
-4.903446
-4.924817
-4.943228
-4.978407
-5.008654
-5.050408
-5.090190
-5.124382
-5.165808
-5.222357
-5.260823
-5.315071
-5.367346
-5.410744
-5.471238
-5.522856
-5.571514
-5.618858
-5.674749
-5.711243
-5.768450
-5.815135
-5.857547
-5.897000
-5.930864
-5.953221
-5.987413
-6.012071
-6.029496
-6.044949
-6.041990
-6.055140
-6.047579
-6.048894
-6.044620
-6.018647
-5.992345
-5.976563
-5.958810
-5.917056
-5.899959
-5.859520
-5.824999
-5.786203
-5.740175
-5.682311
-5.648776
-5.595186
-5.542253
-5.491622
-5.439676
-5.384771
-5.330194
-5.281536
-5.220055
-5.185863
-5.130629
-5.090190
-5.052710
-5.002407
-4.977420
-4.955392
-4.918241
-4.911337
-4.884706
-4.885693
-4.864651
-4.874843
-4.879117
-4.887994
-4.895885
-4.919228
-4.941584
-4.970187
-4.999777
-5.031339
-5.073422
-5.123724
-5.167451
-5.207562
-5.257864
-5.310139
-5.356496
-5.406141
-5.462033
-5.506746
-5.556062
-5.611625
-5.657982
-5.715846
-5.763518
-5.808889
-5.838808
-5.890754
-5.919357
-5.951248
-5.979851
-6.010427
-6.014372
-6.038702
-6.053168
-6.060401
-6.049222
-6.052182
-6.043633
-6.024236
-6.011085
-5.986098
-5.949933
-5.932508
-5.901274
-5.859191
-5.820067
-5.786203
-5.750367
-5.695462
-5.657982
-5.591898
-5.540281
-5.501814
-5.442964
-5.395620
-5.346633
-5.281536
-5.232877
-5.193425
-5.131615
-5.097752
-5.046463
-5.023448
-4.986626
-4.949803
-4.933693
-4.909036
-4.899501
-4.882076
-4.876816
-4.877144
-4.879446
-4.886350
-4.885693
-4.910679
-4.939940
-4.964598
-4.998791
-5.021805
-5.061586
-5.115834
-5.154301
-5.201972
-5.246357
-5.297317
-5.351236
-5.392004
-5.453485
-5.501814
-5.544555
-5.606364
-5.649105
-5.702037
-5.754641
-5.785546
-5.830259
-5.881548
-5.921001
-5.949604
-5.980509
-5.996619
-6.024565
-6.040017
-6.049880
-6.054483
-6.058757
-6.055140
-6.039688
-6.030482
-6.001879
-5.990372
-5.968344
-5.938755
-5.910809
-5.878918
-5.840122
-5.797382
-5.748394
-5.706969
-5.663900
-5.613268
-5.563952
-5.497540
-5.459403
-5.408442
-5.355839
-5.288769
-5.237480
-5.199014
-5.154301
-5.110902
-5.064874
-5.026736
-4.994188
-4.948488
-4.936653
-4.915611
-4.897857
-4.886021
-4.880761
-4.863007
-4.880761
-4.875172
-4.899501
-4.899501
-4.935995
-4.959667
-4.993859
-5.031011
-5.064217
-5.108272
-5.137204
-5.197370
-5.237480
-5.283509
-5.335783
-5.392662
-5.443621
-5.481759
-5.533048
-5.599131
-5.633653
-5.687243
-5.744778
-5.791464
-5.824999
-5.869712
-5.907192
-5.943357
-5.974920
-6.001879
-6.023907
-6.038373
-6.045277
-6.045277
-6.057771
-6.044620
-6.047907
-6.030154
-6.017660
-5.993002
-5.960783
-5.946316
-5.910151
-5.882534
-5.844725
-5.800012
-5.765162
-5.716832
-5.669817
-5.626420
-5.569541
-5.521870
-5.460389
-5.404497
-5.350907
-5.310468
-5.257864
-5.210521
-5.150355
-5.103670
-5.070135
-5.023120
-4.998462
-4.960653
-4.937968
-4.915940
-4.900487
-4.883062
-4.874186
-4.874843
-4.879775
-4.880432
-4.887008
-4.908707
-4.932050
-4.957036
-4.982681
-5.015558
-5.061915
-5.097752
-5.143780
-5.182904
-5.234521
-5.280550
-5.327564
-5.382798
-5.435073
-5.474855
-5.531404
-5.582035
-5.639242
-5.683626
-5.738203
-5.772395
-5.831574
-5.871685
-5.899631
-5.938426
-5.965056
-5.993002
-6.012071
-6.027195
-6.050538
-6.055470
-6.061387
-6.055140
-6.049222
-6.035085
-6.006153
-5.995633
-5.978536
-5.938097
-5.924946
-5.889767
-5.855575
-5.817766
-5.773053
-5.720120
-5.683297
-5.619515
-5.577104
-5.520226
-5.468279
-5.419950
-5.362743
-5.316057
-5.265097
-5.216439
-5.161205
-5.118793
-5.080655
-5.037915
-5.007668
-4.974790
-4.935666
-4.926789
-4.904433
-4.894241
-4.868925
-4.873857
-4.866295
-4.870569
-4.880761
-4.902460
-4.923173
-4.937639
-4.983009
-5.013914
-5.053367
-5.093806
-5.120766
-5.180603
-5.224329
-5.269700
-5.310468
-5.363729
-5.419621
-5.470252
-5.521212
-5.568226
-5.625104
-5.678037
-5.726696
-5.770422
-5.819410
-5.849000
-5.894699
-5.931521
-5.960125
-5.992673
-6.013715
-6.024565
-6.044620
-6.041661
-6.054154
-6.048236
-6.054483
-6.026866
-6.022921
-6.003852
-5.982481
-5.950262
-5.916727
-5.895685
-5.861493
-5.823684
-5.778642
-5.723736
-5.685599
-5.643516
-5.588611
-5.539952
-5.482088
-5.426196
-5.373592
-5.330523
-5.277262
-5.217425
-5.176328
-5.133916
-5.082628
-5.041531
-4.998791
-4.971502
-4.949146
-4.923173
-4.907721
-4.891282
-4.878131
-4.865309
-4.875501
-4.883391
-4.877473
-4.889309
-4.910351
-4.934680
-4.973146
-4.995831
-5.043833
-5.085258
-5.112217
-5.168109
-5.219398
-5.267070
-5.308167
-5.362085
-5.411073
-5.467293
-5.517924
-5.571186
-5.617214
-5.667187
-5.720120
-5.753983
-5.801656
-5.855246
-5.895685
-5.929549
-5.949604
-5.984454
-6.013715
-6.016674
-6.042976
-6.040017
-6.053497
-6.052839
-6.056456
-6.037058
-6.012729
-5.994318
-5.973276
-5.963413
-5.936124
-5.891740
-5.866425
-5.830917
-5.789491
-5.739518
-5.701051
-5.636283
-5.595515
-5.539952
-5.492280
-5.443621
-5.391675
-5.324605
-5.272659
-5.234521
-5.184876
-5.132601
-5.094464
-5.050079
-5.005366
-4.976763
-4.953749
-4.927447
-4.911994
-4.891611
-4.884049
-4.870569
-4.873857
-4.879775
-4.882405
-4.902131
-4.905748
-4.940269
-4.969201
-5.003722
-5.032654
-5.080984
-5.120766
-5.162520
-5.205589
-5.259837
-5.302248
-5.350250
-5.400552
-5.460060
-5.512992
-5.555404
-5.604063
-5.664886
-5.700065
-5.746093
-5.807574
-5.848013
-5.888781
-5.920672
-5.956837
-5.976892
-6.009112
-6.025880
-6.028839
-6.053825
-6.059743
-6.054483
-6.055470
-6.039360
-6.015687
-5.997276
-5.982153
-5.968016
-5.940070
-5.902589
-5.874315
-5.837163
-5.797382
-5.748724
-5.705983
-5.659626
-5.609652
-5.549815
-5.505102
-5.449868
-5.396935
-5.346633
-5.295344
-5.235837
-5.195397
-5.133588
-5.103341
-5.048107
-5.008983
-4.983996
-4.957036
-4.921858
-4.911008
-4.897529
-4.885693
-4.879446
-4.878131
-4.881090
-4.883391
-4.899172
-4.915282
-4.932050
-4.961968
-4.998462
-5.027723
-5.060271
-5.107286
-5.158246
-5.190794
-5.250960
-5.295673
-5.340058
-5.392004
-5.450197
-5.504445
-5.542911
-5.606036
-5.650420
-5.691188
-5.748724
-5.790478
-5.829273
-5.878589
-5.914754
-5.946316
-5.971961
-6.006153
-6.025551
-6.036072
-6.044949
-6.056456
-6.055140
-6.057442
-6.035743
-6.031140
-6.010098
-5.981495
-5.968673
-5.931521
-5.914425
-5.871685
-5.843410
-5.802971
-5.760231
-5.711243
-5.659297
-5.606693
-5.552445
-5.515294
-5.456772
-5.397593
-5.351565
-5.290084
-5.249645
-5.201644
-5.151999
-5.098409
-5.069806
-5.031011
-4.990242
-4.953091
-4.942242
-4.908707
-4.895227
-4.890296
-4.882405
-4.865966
-4.878131
-4.882405
-4.889638
-4.910022
-4.934680
-4.958680
-4.989914
-5.014901
-5.064217
-5.099067
-5.135561
-5.196383
-5.229589
-5.276276
-5.333482
-5.383127
-5.440991
-5.495239
-5.540609
-5.587624
-5.642200
-5.693818
-5.736230
-5.793108
-5.827958
-5.875959
-5.900288
-5.943357
-5.960783
-5.986427
-6.008455
-6.024236
-6.042976
-6.049222
-6.060072
-6.054154
-6.045606
-6.036729
-6.017660
-5.997276
-5.976235
-5.938097
-5.918042
-5.882863
-5.841766
-5.794752
-5.763847
-5.717490
-5.677380
-5.621159
-5.576117
-5.509376
-5.472553
-5.416662
-5.366688
-5.307180
-5.262796
-5.199671
-5.163177
-5.115177
-5.071450
-5.028709
-4.987612
-4.968215
-4.945200
-4.922186
-4.900487
-4.888980
-4.873199
-4.872870
-4.881090
-4.880104
-4.894569
-4.910022
-4.925803
-4.950461
-4.986626
-5.022134
-5.048764
-5.093806
-5.141807
-5.179945
-5.234192
-5.278248
-5.322304
-5.366688
-5.422580
-5.470910
-5.528116
-5.584994
-5.631351
-5.685270
-5.722750
-5.783573
-5.812505
-5.855575
-5.892397
-5.940070
-5.970974
-5.998920
-6.019962
-6.034099
-6.049551
-6.057771
-6.048894
-6.057771
-6.038373
-6.037387
-6.018647
-5.988070
-5.974591
-5.949933
-5.918371
-5.893713
-5.849328
-5.815793
-5.771738
-5.733929
-5.670804
-5.634310
-5.578747
-5.528774
-5.468279
-5.429813
-5.375237
-5.320003
-5.272988
-5.215781
-5.175342
-5.128656
-5.076710
-5.045805
-5.009311
-4.978407
-4.951776
-4.918570
-4.909036
-4.891282
-4.882076
-4.878459
-4.880432
-4.880761
-4.894241
-4.901145
-4.926789
-4.937968
-4.983009
-5.011284
-5.035942
-5.092491
-5.131615
-5.176986
-5.219398
-5.273316
-5.308496
-5.369976
-5.408772
-5.476499
-5.521870
-5.563624
-5.620502
-5.662256
-5.725380
-5.766477
-5.810204
-5.847684
-5.898644
-5.927576
-5.958481
-5.993660
-6.011414
-6.017332
-6.032126
-6.053168
-6.053168
-6.062045
-6.045935
-6.035085
-6.011085
-5.991030
-5.970645
-5.956837
-5.927576
-5.889439
-5.858862
-5.817437
-5.777656
-5.739189
-5.682640
-5.629707
-5.583021
-5.541267
-5.476170
-5.438361
-5.385757
-5.322633
-5.278248
-5.220713
-5.178630
-5.133259
-5.084272
-5.047449
-5.002736
-4.976434
-4.952763
-4.920871
-4.911008
-4.888323
-4.877473
-4.880432
-4.868268
-4.880761
-4.883720
-4.903118
-4.916597
-4.945200
-4.977092
-5.008983
-5.044161
-5.085916
-5.125040
-5.172383
-5.216439
-5.262796
-5.298632
-5.363072
-5.414361
-5.454471
-5.516938
-5.570528
-5.609323
-5.655352
-5.716504
-5.757929
-5.808560
-5.848670
-5.892069
-5.926590
-5.951577
-5.987413
-6.004180
-6.025222
-6.044620
-6.054812
-6.054483
-6.059086
-6.041332
-6.041661
-6.022263
-6.001550
-5.979851
-5.962098
-5.928891
-5.901274
-5.869712
-5.828287
-5.790478
-5.741819
-5.704010
-5.651078
-5.603734
-5.544884
-5.495896
-5.447567
-5.393977
-5.336770
-5.289755
-5.230905
-5.192110
-5.140492
-5.096437
-5.058299
-5.014572
-4.984653
-4.960324
-4.933365
-4.913967
-4.895885
-4.884706
-4.878788
-4.872870
-4.875501
-4.889309
-4.899501
-4.920214
-4.936653
-4.961310
-4.995503
-5.039230
-5.078354
-5.114190
-5.149369
-5.205589
-5.243727
-5.304550
-5.350907
-5.405484
-5.450197
-5.505760
-5.558363
-5.610310
-5.657653
-5.705654
-5.746422
-5.804944
-5.846369
-5.881219
-5.920672
-5.939412
-5.982481
-6.004838
-6.018318
-6.030482
-6.053168
-6.045606
-6.058099
-6.042976
-6.041332
-6.015359
-6.002537
-5.986755
-5.953878
-5.927248
-5.895685
-5.876945
-5.825985
-5.786203
-5.757600
-5.701709
-5.646146
-5.606364
-5.556391
-5.509705
-5.447896
-5.398251
-5.337099
-5.292714
-5.248987
-5.200658
-5.158246
-5.113204
-5.071450
-5.031997
-4.996818
-4.974462
-4.948817
-4.930406
-4.913638
-4.903775
-4.891939
-4.893583
-4.901145
-4.906734
-4.916926
-4.936653
-4.962626
-4.980708
-5.020490
-5.046463
-5.093149
-5.136547
-5.173369
-5.210850
-5.261809
-5.295673
-5.343674
-5.389374
-5.445265
-5.494910
-5.535678
-5.577761
-5.610310
-5.654037
-5.676064
-5.720449
-5.743792
-5.769436
-5.776340
-5.793108
-5.810533
-5.818423
-5.822698
-5.823026
-5.824013
-5.815793
-5.789820
-5.784231
-5.762532
-5.747737
-5.729654
-5.711243
-5.690859
-5.659297
-5.651735
-5.632009
-5.613268
-5.594529
-5.575131
-5.556719
-5.539294
-5.515294
-5.504116
-5.482088
-5.475183
-5.462690
-5.455128
-5.452169
-5.447238
-5.435731
-5.427511
-5.433429
-5.432114
-5.433429
-5.416004
-5.416662
-5.426525
-5.424881
-5.429155
-5.425539
-5.423566
-5.421265
-5.434744
-5.427511
-5.442964
-5.446580
-5.448882
-5.455457
-5.458087
-5.455128
-5.459403
-5.457758
-5.464005
-5.463348
-5.471238
-5.468279
-5.469923
-5.471238
-5.469923
-5.471896
-5.477156
-5.473211
-5.469594
-5.460718
-5.474197
-5.473868
-5.470252
-5.471896
-5.464663
-5.464663
-5.464663
-5.456443
-5.458087
-5.463676
-5.470252
-5.463348
-5.469594
-5.472882
-5.464334
-5.464992
-5.469265
-5.473211
-5.475183
-5.462033
-5.471896
-5.470252
-5.463348
-5.466307
-5.474526
-5.479129
-5.477814
-5.478143
-5.478471
-5.476170
-5.463348
-5.474855
-5.462033
-5.470581
-5.475841
-5.460718
-5.469594
-5.475183
-5.466964
-5.470252
-5.474197
-5.460389
-5.468279
-5.474855
-5.464334
-5.468279
-5.475183
-5.467293
-5.475513
-5.466307
-5.459403
-5.463348
-5.462033
-5.477814
-5.469265
-5.471896
-5.472225
-5.471238
-5.471896
-5.478471
-5.468279
-5.463348
-5.463676
-5.462361
-5.476170
-5.469923
-5.477485
-5.472882
-5.466307
-5.461375
-5.477485
-5.464005
-5.468608
-5.468608
-5.475183
-5.469594
-5.471567
-5.460718
-5.472553
-5.459403
-5.471238
-5.471896
-5.469265
-5.464992
-5.472553
-5.474855
-5.475183
-5.472882
-5.463348
-5.476828
-5.468937
-5.469265
-5.471896
-5.469265
-5.472882
-5.476170
-5.469594
-5.469923
-5.471896
-5.471896
-5.467950
-5.477814
-5.473868
-5.473868
-5.469923
-5.464005
-5.477156
-5.463019
-5.471238
-5.473211
-5.475513
-5.472553
-5.475841
-5.467950
-5.469923
-5.475183
-5.473868
-5.462690
-5.471238
-5.471567
-5.474526
-5.470910
-5.461046
-5.476170
-5.467622
-5.471567
-5.466636
-5.461704
-5.475513
-5.461704
-5.470581
-5.463348
-5.472882
-5.474855
-5.465978
-5.476170
-5.461704
-5.475183
-5.471567
-5.467622
-5.474855
-5.460718
-5.472225
-5.458416
-5.469265
-5.475513
-5.462033
-5.472553
-5.470910
-5.474855
-5.469923
-5.460718
-5.476170
-5.465649
-5.473211
-5.466964
-5.467622
-5.463348
-5.473868
-5.471567
-5.473211
-5.468279
-5.468937
-5.463019
-5.474855
-5.472225
-5.475513
-5.469594
-5.467622
-5.472553
-5.469594
-5.475513
-5.473868
-5.470581
-5.466964
-5.473540
-5.467293
-5.476170
-5.472882
-5.468937
-5.467622
-5.476170
-5.461704
-5.467622
-5.470910
-5.473540
-5.467950
-5.474526
-5.473868
-5.466307
-5.471238
-5.469594
-5.461375
-5.467622
-5.471238
-5.471238
-5.470252
-5.459403
-5.474526
-5.461046
-5.466307
-5.472882
-5.473211
-5.467950
-5.462361
-5.474197
-5.461046
-5.474526
-5.475841
-5.475513
-5.467293
-5.477156
-5.466964
-5.462361
-5.462033
-5.470910
-5.477485
-5.461375
-5.476828
-5.473868
-5.472882
-5.466964
-5.475183
-5.467293
-5.474526
-5.475513
-5.470581
-5.461704
-5.476170
-5.470581
-5.473540
-5.467622
-5.467950
-5.470581
-5.469265
-5.475841
-5.467293
-5.459403
-5.470581
-5.474197
-5.472225
-5.469265
-5.473540
-5.473868
-5.464663
-5.474855
-5.462033
-5.471567
-5.460718
-5.472225
-5.475183
-5.461704
-5.472882
-5.469594
-5.474855
-5.474855
-5.468608
-5.474855
-5.469265
-5.475513
-5.474855
-5.472882
-5.466964
-5.476499
-5.464005
-5.475513
-5.474526
-5.470910
-5.464663
-5.476828
-5.460718
-5.474855
-5.471896
-5.465978
-5.462690
-5.473211
-5.473540
-5.472225
-5.467950
-5.464334
-5.474855
-5.462033
-5.474855
-5.465321
-5.460718
-5.473211
-5.469265
-5.475841
-5.465978
-5.472225
-5.474855
-5.467950
-5.473211
-5.459731
-5.473868
-5.469265
-5.465978
-5.460718
-5.475183
-5.470910
-5.474197
-5.471896
-5.469923
-5.469594
-5.475841
-5.466307
-5.460389
-5.470581
-5.470910
-5.476499
-5.468279
-5.476170
-5.472553
-5.471896
-5.470252
-5.461704
-5.473868
-5.462690
-5.473540
-5.474526
-5.476170
-5.467950
-5.476170
-5.468608
-5.463676
-5.462690
-5.468937
-5.476170
-5.461704
-5.475513
-5.474197
-5.472225
-5.469594
-5.472225
-5.473211
-5.459731
-5.460389
-5.460060
-5.473540
-5.470910
-5.471896
-5.475513
-5.474526
-5.472882
-5.466964
-5.475513
-5.466307
-5.460718
-5.467293
-5.470252
-5.477156
-5.470581
-5.475183
-5.475513
-5.475513
-5.473868
-5.470581
-5.477156
-5.468937
-5.467622
-5.465649
-5.461046
-5.476170
-5.467293
-5.471567
-5.474197
-5.474197
-5.476170
-5.471238
-5.471567
-5.474855
-5.472882
-5.472882
-5.469265
-5.476170
-5.468608
-5.460060
-5.461704
-5.462361
-5.474526
-5.472553
-5.471238
-5.474526
-5.474855
-5.475183
-5.474855
-5.463348
-5.476170
-5.470910
-5.468608
-5.467950
-5.472225
-5.472225
-5.469265
-5.472553
-5.475183
-5.472553
-5.472882
-5.469594
-5.475513
-5.473540
-5.470581
-5.468279
-5.476499
-5.461704
-5.474855
-5.470910
-5.464992
-5.460389
-5.473211
-5.470910
-5.474197
-5.471567
-5.467950
-5.472553
-5.468608
-5.475183
-5.465978
-5.463348
-5.469594
-5.475183
-5.471896
-5.467950
-5.464334
-5.471896
-5.475183
-5.466636
-5.475513
-5.458745
-5.470252
-5.473868
-5.471567
-5.467950
-5.468279
-5.471567
-5.474526
-5.472225
-5.466307
-5.475183
-5.461046
-5.473868
-5.468608
-5.466964
-5.471896
-5.466307
-5.475183
-5.466964
-5.463019
-5.473211
-5.472553
-5.474855
-5.464005
-5.472882
-5.473868
-5.471567
-5.461375
-5.472553
-5.472553
-5.472553
-5.466964
-5.461046
-5.475183
-5.469594
-5.470581
-5.467293
-5.459074
-5.473868
-5.467950
-5.475513
-5.460718
-5.470252
-5.474526
-5.473211
-5.464005
-5.470581
-5.469923
-5.474855
-5.471567
-5.465649
-5.475513
-5.469265
-5.474197
-5.470252
-5.465649
-5.470252
-5.465649
-5.475513
-5.465321
-5.459074
-5.469923
-5.474526
-5.471238
-5.465978
-5.471238
-5.473868
-5.467950
-5.473211
-5.468608
-5.474526
-5.469923
-5.465649
-5.469594
-5.470252
-5.475513
-5.459731
-5.471238
-5.474526
-5.471896
-5.472225
-5.468279
-5.474526
-5.470910
-5.465321
-5.470581
-5.468608
-5.475183
-5.466636
-5.460060
-5.473211
-5.470910
-5.475841
-5.460718
-5.472225
-5.475183
-5.472882
-5.461704
-5.472553
-5.473211
-5.472882
-5.467950
-5.464005
-5.476499
-5.461375
-5.475513
-5.469265
-5.467622
-5.466307
-5.474197
-5.471238
-5.471896
-5.467622
-5.459074
-5.472553
-5.467293
-5.475841
-5.459403
-5.471238
-5.475183
-5.472225
-5.474526
-5.467950
-5.473540
-5.474855
-5.472225
-5.461046
-5.474197
-5.466307
-5.475183
-5.473540
-5.468279
-5.470910
-5.468937
-5.473540
-5.475183
-5.472882
-5.465978
-5.475183
-5.463676
-5.475841
-5.471238
-5.468279
-5.469265
-5.476170
-5.460718
-5.474855
-5.472225
-5.468608
-5.460718
-5.476499
-5.460060
-5.473868
-5.475183
-5.473211
-5.467293
-5.475183
-5.467950
-5.470910
-5.473540
-5.476170
-5.473211
-5.471896
-5.470252
-5.459074
-5.460060
-5.469265
-5.477156
-5.462690
-5.474855
-5.465649
-5.459074
-5.470581
-5.474526
-5.470252
-5.472225
-5.465649
-5.461375
-5.472553
-5.468937
-5.476170
-5.466307
-5.468937
-5.474526
-5.472882
-5.471896
-5.466636
-5.474855
-5.471238
-5.465978
-5.471238
-5.466636
-5.475841
-5.466307
-5.469265
-5.474855
-5.468279
-5.475513
-5.467950
-5.472225
-5.465321
-5.462690
-5.471896
-5.475183
-5.460718
-5.473868
-5.468608
-5.460060
-5.472225
-5.474197
-5.458087
-5.473540
-5.470581
-5.458745
-5.472225
-5.473868
-5.463019
-5.471238
-5.473868
-5.466307
-5.475513
-5.471238
-5.467622
-5.460060
-5.471896
-5.471567
-5.474855
-5.460718
-5.473211
-5.464663
-5.459074
-5.475183
-5.470252
-5.467622
-5.473211
-5.470581
-5.460060
-5.472553
-5.475183
-5.460718
-5.473540
-5.471238
-5.459074
-5.474855
-5.473868
-5.465978
-5.469923
-5.474855
-5.471896
-5.471238
-5.467622
-5.474855
-5.470910
-5.462690
-5.472225
-5.469265
-5.476499
-5.467622
-5.465649
-5.475841
-5.469594
-5.476499
-5.464334
-5.474197
-5.467950
-5.459731
-5.476170
-5.460718
-5.473211
-5.459403
-5.469265
-5.474526
-5.469923
-5.475841
-5.460389
-5.473211
-5.475183
-5.468937
-5.474197
-5.466307
-5.475841
-5.468608
-5.461046
-5.472882
-5.467293
-5.474855
-5.469923
-5.475513
-5.471567
-5.469265
-5.476499
-5.465321
-5.474526
-5.468608
-5.462033
-5.472553
-5.469923
-5.475183
-5.472225
-5.465978
-5.461046
-5.476499
-5.461704
-5.474855
-5.467622
-5.461375
-5.471238
-5.475183
-5.472882
-5.469923
-5.462361
-5.470581
-5.475183
-5.471896
-5.475841
-5.468279
-5.461375
-5.470910
-5.475183
-5.469594
-5.477485
-5.465978
-5.462361
-5.470910
-5.477485
-5.465978
-5.475841
-5.461375
-5.468608
-5.474855
-5.474526
-5.473211
-5.467293
-5.471567
-5.476170
-5.474526
-5.463348
-5.474197
-5.474526
-5.470910
-5.460389
-5.473868
-5.469265
-5.476170
-5.470910
-5.471238
-5.459403
-5.475183
-5.461046
-5.468279
-5.470910
-5.458745
-5.474526
-5.464992
-5.471238
-5.472553
-5.473868
-5.466636
-5.473540
-5.465321
-5.471896
-5.474855
-5.467950
-5.471567
-5.459403
-5.474197
-5.475183
-5.470252
-5.467293
-5.466964
-5.474197
-5.461375
-5.464005
-5.467622
-5.472225
-5.470910
-5.460718
-5.471896
-5.475513
-5.469265
-5.470581
-5.459731
-5.474855
-5.460718
-5.465649
-5.475183
-5.467293
-5.460718
-5.475513
-5.463019
-5.468608
-5.475183
-5.471567
-5.467293
-5.472553
-5.466636
-5.475841
-5.460060
-5.474855
-5.471567
-5.461046
-5.469594
-5.475841
-5.461375
-5.472553
-5.473540
-5.461046
-5.468279
-5.475841
-5.460060
-5.472553
-5.475183
-5.463348
-5.471896
-5.475841
-5.467950
-5.460718
-5.474855
-5.467622
-5.472882
-5.471567
-5.474855
-5.467950
-5.463019
-5.469265
-5.475841
-5.467950
-5.474855
-5.467950
-5.471896
-5.459731
-5.468608
-5.474526
-5.467622
-5.459731
-5.475513
-5.473540
-5.461704
-5.474526
-5.464663
-5.468937
-5.472882
-5.476170
-5.464005
-5.470581
-5.459731
-5.474197
-5.463019
-5.468937
-5.474855
-5.459074
-5.472882
-5.471238
-5.473868
-5.466636
-5.464334
-5.471896
-5.472553
-5.462361
-5.472882
-5.474526
-5.462033
-5.472882
-5.473211
-5.460060
-5.472553
-5.474855
-5.466964
-5.472225
-5.471896
-5.461704
-5.466636
-5.472553
-5.471896
-5.470910
-5.459074
-5.476499
-5.474855
-5.460389
-5.471896
-5.466964
-5.472225
-5.468279
-5.474197
-5.473211
-5.467950
-5.460060
-5.475183
-5.461375
-5.469265
-5.475183
-5.465978
-5.470252
-5.472553
-5.476170
-5.472225
-5.459731
-5.474855
-5.466636
-5.475513
-5.471238
-5.462033
-5.468608
-5.468937
-5.474197
-5.462690
-5.466636
-5.473211
-5.469265
-5.473868
-5.460718
-5.474526
-5.476170
-5.470252
-5.469594
-5.460718
-5.474526
-5.473211
-5.471238
-5.461375
-5.471238
-5.460060
-5.474526
-5.473211
-5.470581
-5.465321
-5.474855
-5.466964
-5.476170
-5.471238
-5.461704
-5.471238
-5.462361
-5.475183
-5.467293
-5.472225
-5.475513
-5.468937
-5.474526
-5.465649
-5.475183
-5.465649
-5.467622
-5.473868
-5.460389
-5.474855
-5.464992
-5.470252
-5.475183
-5.460389
-5.474197
-5.468608
-5.476170
-5.470910
-5.467950
-5.473540
-5.473868
-5.466636
-5.476170
-5.471567
-5.465978
-5.470581
