1.949414
1.950322
1.950322
1.951532
1.952137
1.952440
1.953348
1.951229
1.950624
1.951381
1.951532
1.951683
1.949262
1.951381
1.954710
1.951986
1.951532
1.951381
1.951229
1.951835
1.950927
1.951986
1.953045
1.951229
1.951532
1.951229
1.952289
1.951078
1.950473
1.951078
1.956223
1.954710
1.952137
1.952289
1.952289
1.951532
1.951835
1.954256
1.950776
1.950322
1.953953
1.952289
1.951835
1.949565
1.932316
1.904777
1.868766
1.839411
1.801735
1.766480
1.731528
1.696273
1.658143
1.636505
1.615776
1.598073
1.585514
1.570383
1.560245
1.554193
1.550864
1.551621
1.560094
1.570837
1.585665
1.601704
1.626973
1.656327
1.694003
1.734403
1.768447
1.817623
1.868766
1.920665
1.978768
2.032180
2.086803
2.130985
2.189240
2.247343
2.296216
2.340096
2.386397
2.416659
2.454032
2.484748
2.508352
2.530141
2.548904
2.559495
2.571297
2.577047
2.577350
2.577652
2.565850
2.556469
2.535286
2.509714
2.473248
2.434362
2.405613
2.361884
2.317702
2.266408
2.210423
2.149597
2.099362
2.042167
1.985728
1.925809
1.865437
1.808696
1.749534
1.700509
1.643314
1.591869
1.542693
1.500175
1.458262
1.429211
1.394864
1.367931
1.349320
1.326623
1.316031
1.308315
1.307861
1.305591
1.308315
1.318906
1.334643
1.349017
1.378068
1.406817
1.444645
1.485196
1.530891
1.571745
1.621526
1.678115
1.746507
1.804459
1.865437
1.916126
1.983610
2.045042
2.102690
2.159886
2.207851
2.264895
2.314978
2.360069
2.403949
2.444348
2.472795
2.503510
2.526661
2.548752
2.563429
2.581738
2.584915
2.593086
2.599290
2.596264
2.584613
2.570238
2.552989
2.526207
2.494129
2.457966
2.411665
2.365516
2.328294
2.273671
2.221923
2.165636
2.106019
2.049127
2.002069
1.940184
1.880568
1.821103
1.762395
1.701266
1.654662
1.600494
1.551318
1.509859
1.465374
1.424823
1.398798
1.374286
1.350833
1.332978
1.321781
1.310130
1.303473
1.302262
1.308920
1.319209
1.332827
1.355977
1.372470
1.403186
1.436171
1.478992
1.524536
1.571593
1.615473
1.671760
1.733041
1.791598
1.851516
1.910376
1.963486
2.024312
2.081961
2.141880
2.204219
2.262776
2.303781
2.349326
2.392752
2.432698
2.470979
2.506385
2.524694
2.545423
2.564337
2.576291
2.587942
2.593237
2.597323
2.597323
2.589455
2.576745
2.556923
2.532713
2.503964
2.464775
2.422560
2.376259
2.330109
2.278210
2.236751
2.175622
2.120545
2.057146
2.001313
1.940789
1.890100
1.836688
1.776769
1.715186
1.652695
1.598224
1.561758
1.515760
1.474150
1.436171
1.405758
1.373832
1.355826
1.333886
1.322235
1.310887
1.309071
1.305288
1.310130
1.317091
1.330860
1.348866
1.373983
1.401067
1.428001
1.467492
1.508951
1.557370
1.610329
1.666767
1.718061
1.776013
1.839109
1.897968
1.964091
2.029003
2.074698
2.130078
2.193174
2.249158
2.300301
2.345997
2.380798
2.424376
2.464926
2.499123
2.525602
2.547239
2.565699
2.575837
2.586731
2.592935
2.599592
2.594448
2.587336
2.575534
2.557074
2.528780
2.500938
2.465532
2.431790
2.386851
2.338583
2.295459
2.238869
2.190148
2.131439
2.070915
2.016444
1.954256
1.891613
1.848490
1.793262
1.729712
1.668432
1.612144
1.563877
1.524536
1.485801
1.446006
1.408936
1.378371
1.354313
1.338728
1.322689
1.315729
1.307709
1.307256
1.307558
1.317847
1.326926
1.346293
1.367023
1.393805
1.427093
1.457506
1.501840
1.547384
1.597316
1.650880
1.711555
1.762849
1.821557
1.884048
1.949262
2.013418
2.070310
2.117216
2.179253
2.239021
2.290164
2.336918
2.378982
2.412422
2.450098
2.490195
2.517734
2.543607
2.558890
2.569633
2.582646
2.590665
2.599744
2.593540
2.591573
2.578863
2.560706
2.538312
2.512741
2.473097
2.434059
2.398804
2.356589
2.305143
2.253698
2.194082
2.132801
2.088921
2.027490
1.966209
1.902205
1.842135
1.785394
1.735916
1.674484
1.618802
1.568567
1.524687
1.483531
1.451908
1.416804
1.388509
1.360819
1.338879
1.323748
1.316183
1.309374
1.309374
1.310736
1.314216
1.327834
1.341603
1.362484
1.391081
1.423007
1.458414
1.500175
1.533312
1.588086
1.638624
1.701568
1.761790
1.822314
1.868463
1.934585
1.998892
2.056087
2.117216
2.175773
2.224495
2.278059
2.324208
2.368088
2.410758
2.452216
2.481873
2.512741
2.539220
2.557528
2.573113
2.585218
2.590968
2.594599
2.594902
2.591724
2.582948
2.567212
2.544818
2.516826
2.480057
2.441927
2.395778
2.354168
2.312860
2.260961
2.201496
2.143998
2.081810
2.026733
1.980281
1.915520
1.855904
1.797347
1.738488
1.674333
1.628183
1.580067
1.533615
1.490492
1.450394
1.414837
1.390022
1.363694
1.340846
1.328136
1.316183
1.311038
1.307861
1.308769
1.311190
1.326018
1.341905
1.364299
1.386542
1.414988
1.451908
1.493064
1.537700
1.589448
1.628788
1.690523
1.754375
1.809452
1.865437
1.930803
1.982399
2.045647
2.104506
2.167754
2.222377
2.281993
2.317551
2.363246
2.408942
2.449947
2.484143
2.513043
2.532713
2.553292
2.570238
2.580376
2.591573
2.596112
2.595809
2.595204
2.589757
2.573870
2.546937
2.520911
2.488077
2.454789
2.410304
2.366272
2.314070
2.275789
2.219199
2.157162
2.095428
2.040048
1.980130
1.931105
1.866647
1.812932
1.756343
1.696878
1.631209
1.591566
1.540121
1.498511
1.457657
1.421192
1.388660
1.369141
1.347958
1.331314
1.317847
1.310584
1.307256
1.307256
1.313157
1.322840
1.338577
1.357642
1.382456
1.405909
1.440257
1.480202
1.524536
1.571291
1.625611
1.671155
1.736521
1.800071
1.855299
1.916580
1.981491
2.044285
2.092250
2.154136
2.213449
2.270493
2.321031
2.356135
2.401074
2.443138
2.476729
2.505932
2.530898
2.547239
2.564337
2.579922
2.587185
2.591422
2.592178
2.592027
2.585672
2.572962
2.554199
2.530595
2.497610
2.463716
2.419987
2.375956
2.326932
2.276546
2.223133
2.170780
2.109197
2.054120
1.995715
1.930803
1.870279
1.823675
1.766480
1.705351
1.645886
1.591869
1.545871
1.508497
1.469913
1.434658
1.403337
1.373680
1.349017
1.333886
1.317847
1.310130
1.304078
1.302716
1.306953
1.314821
1.329649
1.350833
1.374437
1.404850
1.439651
1.471729
1.516668
1.565541
1.618953
1.674787
1.738337
1.786604
1.843648
1.903416
1.967571
2.033542
2.087257
2.145360
2.193930
2.251277
2.305900
2.349628
2.389423
2.425889
2.462506
2.499123
2.527266
2.550719
2.564943
2.575232
2.586126
2.593691
2.600046
2.598987
2.589001
2.582041
2.560857
2.538614
2.500938
2.461900
2.418323
2.384430
2.338129
2.290315
2.231607
2.169267
2.113282
2.066225
2.008273
1.943815
1.884804
1.825945
1.767237
1.720936
1.658597
1.606849
1.558581
1.514852
1.475512
1.441921
1.405909
1.377161
1.352951
1.334945
1.321933
1.317696
1.310130
1.308769
1.309979
1.317393
1.332827
1.347655
1.369898
1.396377
1.428908
1.468400
1.515004
1.554798
1.606092
1.661623
1.722298
1.783427
1.842740
1.893732
1.956374
2.018865
2.075304
2.133407
2.196200
2.242198
2.294551
2.342366
2.383522
2.422711
2.461900
2.489439
2.519398
2.544364
2.560101
2.571751
2.581738
2.585975
2.594145
2.594296
2.590060
2.577350
2.557226
2.536799
2.506840
2.470979
2.430579
2.387607
2.340096
2.300907
2.246284
2.186365
2.123571
2.066679
2.019621
1.960006
1.897817
1.837596
1.781006
1.721693
1.662228
1.616835
1.568567
1.525293
1.480808
1.443888
1.409389
1.384726
1.358852
1.337820
1.320873
1.314972
1.307861
1.306953
1.309828
1.314821
1.328287
1.346596
1.369898
1.391535
1.426185
1.461894
1.505471
1.555555
1.603066
1.647551
1.708075
1.770414
1.827912
1.889495
1.953045
2.005701
2.064863
2.119335
2.177589
2.238415
2.292433
2.335405
2.378074
2.418626
2.460236
2.493978
2.518641
2.540581
2.559798
2.577199
2.586277
2.597172
2.597172
2.597777
2.594145
2.583100
2.563883
2.536950
2.509260
2.476123
2.437237
2.395021
2.348267
2.300755
2.259599
2.199680
2.138702
2.081961
2.027036
1.962275
1.910830
1.851668
1.794321
1.736370
1.675846
1.621374
1.581126
1.534674
1.494425
1.451454
1.416804
1.386844
1.365964
1.344478
1.329498
1.314065
1.306802
1.304986
1.304683
1.311038
1.322689
1.338274
1.362030
1.392443
1.416198
1.455993
1.493518
1.540121
1.588540
1.644373
1.694003
1.760731
1.813538
1.876180
1.939427
2.003280
2.050337
2.106625
2.164274
2.224495
2.278815
2.327688
2.364003
2.403041
2.446769
2.484294
2.511227
2.538463
2.554048
2.570238
2.580830
2.589606
2.593237
2.593540
2.592783
2.583705
2.565547
2.543607
2.514556
2.481117
2.449039
2.410606
2.360674
2.313314
2.258540
2.196654
2.150202
2.093007
2.035811
1.980130
1.912343
1.849095
1.804610
1.746053
1.689010
1.631663
1.578554
1.534976
1.500175
1.458868
1.419073
1.390930
1.363391
1.341300
1.324959
1.316183
1.310736
1.305894
1.307709
1.313005
1.324202
1.339182
1.359911
1.385029
1.415442
1.451000
1.487163
1.531648
1.579461
1.631361
1.690977
1.753619
1.800071
1.859687
1.921724
1.988603
2.046403
2.104355
2.150807
2.211936
2.270947
2.319064
2.364911
2.408034
2.439204
2.478847
2.510622
2.534832
2.554048
2.569633
2.579771
2.590968
2.597625
2.603375
2.596717
2.584764
2.570843
2.549963
2.523030
2.490195
2.451006
2.406823
2.371871
2.322392
2.268829
2.212239
2.151866
2.108440
2.049883
1.994353
1.928684
1.865891
1.808393
1.750744
1.700509
1.643314
1.591869
1.545871
1.501840
1.457355
1.428757
1.393805
1.372621
1.348260
1.333130
1.319966
1.313611
1.310584
1.311795
1.315729
1.324505
1.336761
1.355826
1.379581
1.410146
1.440257
1.483683
1.529832
1.568567
1.622131
1.679931
1.743330
1.801281
1.860595
1.909771
1.976498
2.038838
2.093461
2.152320
2.215265
2.262776
2.313919
2.357799
2.397593
2.436480
2.467499
2.500484
2.528023
2.550568
2.565850
2.578863
2.587942
2.594599
2.598382
2.597323
2.585521
2.570995
2.555107
2.529233
2.494735
2.461900
2.420290
2.373989
2.336767
2.286078
2.227673
2.167451
2.105566
2.045647
2.002675
1.940789
1.878752
1.819893
1.761638
1.700963
1.653301
1.602763
1.554193
1.510616
1.468854
1.433902
1.406061
1.381397
1.354918
1.333886
1.319814
1.312097
1.311643
1.309071
1.313459
1.321630
1.333583
1.353556
1.372924
1.402732
1.437836
1.474453
1.519089
1.566751
1.606849
1.661320
1.724113
1.784486
1.842740
1.904929
1.955920
2.024463
2.079843
2.139005
2.198924
2.258086
2.296670
2.343122
2.386094
2.425586
2.464926
2.498971
2.522122
2.541943
2.561462
2.577804
2.590816
2.593389
2.598079
2.596717
2.593691
2.578712
2.557831
2.530292
2.505175
2.469012
2.424829
2.380949
2.333741
2.284262
2.240837
2.183187
2.121907
2.065166
2.005398
1.942454
1.895548
1.834116
1.776769
1.720028
1.656629
1.603217
1.567811
1.519543
1.476874
1.437079
1.405153
1.375194
1.353859
1.336761
1.322840
1.312249
1.307709
1.306650
1.308617
1.315578
1.329952
1.347201
1.370352
1.397285
1.424672
1.461289
1.505168
1.553134
1.602007
1.660563
1.709134
1.778282
1.832603
1.894186
1.959249
2.019773
2.072882
2.126143
2.182279
2.242198
2.297426
2.342971
2.382916
2.426796
2.468104
2.501241
2.526207
2.543910
2.561160
2.573870
2.585975
2.591270
2.594448
2.593237
2.587034
2.576593
2.558890
2.533924
2.502754
2.474762
2.435421
2.390633
2.345997
2.297124
2.243106
2.195746
2.134617
2.077724
2.019168
1.961367
1.896001
1.848490
1.788723
1.731074
1.669945
1.616381
1.566298
1.526957
1.487617
1.442829
1.410146
1.381095
1.355826
1.338879
1.325261
1.314670
1.310130
1.308466
1.310130
1.314367
1.325715
1.343721
1.367023
1.392745
1.423915
1.451908
1.494879
1.540121
1.593987
1.649064
1.710344
1.762395
1.820195
1.881022
1.945026
2.006609
2.064107
2.111467
2.170477
2.230396
2.284262
2.331320
2.374594
2.408185
2.451157
2.490195
2.520608
2.542700
2.560101
2.573113
2.583856
2.596112
2.595809
2.598533
2.591119
2.577652
2.566002
2.540279
2.511984
2.478544
2.436934
2.406218
2.356740
2.307564
2.252639
2.195141
2.135071
2.090283
2.029759
1.970748
1.906290
1.846069
1.787361
1.744994
1.683714
1.626670
1.575830
1.531799
1.488827
1.457808
1.422099
1.392140
1.365812
1.344780
1.328287
1.318755
1.309828
1.308466
1.308769
1.314972
1.326774
1.340846
1.360970
1.387147
1.418014
1.458716
1.497754
1.532253
1.582488
1.635749
1.696424
1.758764
1.817018
1.865134
1.925356
1.992386
2.050035
2.109046
2.169267
2.219502
2.275184
2.320426
2.366272
2.408790
2.450703
2.480057
2.514102
2.539371
2.558285
2.571903
2.585218
2.590363
2.599290
2.598231
2.595204
2.584915
2.569179
2.550265
2.521819
2.488833
2.445559
2.401981
2.359463
2.318913
2.266862
2.213903
2.147176
2.090283
2.033088
1.988149
1.922178
1.859233
1.804610
1.744238
1.685983
1.643314
1.586422
1.541180
1.496392
1.456447
1.419527
1.394864
1.367477
1.345688
1.330406
1.318150
1.311795
1.311190
1.308769
1.315124
1.324051
1.337971
1.358701
1.380489
1.408633
1.443888
1.483985
1.528773
1.577948
1.619105
1.681898
1.745751
1.805669
1.864680
1.929743
1.981491
2.039140
2.094066
2.152623
2.215265
2.269434
2.311044
2.358858
2.401074
2.440717
2.477334
2.510622
2.528780
2.549357
2.566304
2.580073
2.591270
2.598231
2.599895
2.596717
2.587790
2.570238
2.550265
2.528780
2.493373
2.454183
2.411060
2.366272
2.319972
2.279118
2.227370
2.164576
2.104204
2.048068
1.986939
1.935342
1.875272
1.814748
1.760731
1.697483
1.639985
1.599888
1.549805
1.510616
1.465223
1.424218
1.394864
1.371713
1.347655
1.332222
1.319814
1.311492
1.310130
1.309525
1.314821
1.323294
1.338123
1.356431
1.380187
1.402732
1.436625
1.478689
1.520451
1.565541
1.620013
1.667978
1.735764
1.792808
1.850609
1.912191
1.977406
2.026279
2.082718
2.142031
2.203009
2.261566
2.313163
2.348115
2.390179
2.432092
2.469163
2.503964
2.528325
2.546785
2.565547
2.582343
2.589909
2.593843
2.597172
2.593237
2.586882
2.573567
2.552838
2.522878
2.491709
2.464775
2.423770
2.379285
2.333438
2.282295
2.225251
2.173352
2.114644
2.058508
1.998287
1.937763
1.876331
1.827761
1.771776
1.712765
1.652544
1.599283
1.551923
1.514701
1.472637
1.434961
1.403488
1.377161
1.353102
1.334340
1.324051
1.313308
1.308315
1.309223
1.312703
1.319814
1.331919
1.351892
1.374740
1.403488
1.430270
1.468552
1.513037
1.560094
1.611690
1.667221
1.719272
1.778736
1.835629
1.897212
1.964242
2.024312
2.082415
2.125690
2.189391
2.248099
2.301966
2.350990
2.384278
2.426191
2.462052
2.492768
2.524089
2.541792
2.555410
2.573264
2.585067
2.592481
2.596869
2.596869
2.592632
2.579771
2.559495
2.536193
2.500787
2.462506
2.432092
2.386245
2.339339
2.294703
2.238113
2.177286
2.130532
2.073488
2.012661
1.952289
1.891311
1.831241
1.786756
1.727140
1.664498
1.608362
1.562061
1.518484
1.488070
1.448730
1.413626
1.382910
1.357793
1.339787
1.326774
1.313611
1.309676
1.307256
1.310130
1.316183
1.327682
1.342965
1.367477
1.395015
1.429211
1.466433
1.500478
1.545568
1.597467
1.654511
1.718061
1.775862
1.826399
1.885410
1.948052
2.015687
2.071521
2.129926
2.177135
2.236146
2.293190
2.337826
2.385035
2.429217
2.460690
2.494129
2.520306
2.541641
2.559798
2.574324
2.582646
2.588849
2.594448
2.594145
2.590363
2.582948
2.566153
2.541641
2.510622
2.473854
2.433151
2.390028
2.351898
2.301814
2.248402
2.184095
2.127354
2.083928
2.024161
1.964393
1.903567
1.840925
1.786453
1.729258
1.681444
1.623644
1.571593
1.526806
1.483985
1.446006
1.418014
1.385331
1.361727
1.340544
1.326321
1.315880
1.310282
1.309223
1.309525
1.317696
1.328741
1.342813
1.363694
1.386542
1.422402
1.454480
1.499721
1.535430
1.587330
1.644525
1.705351
1.767539
1.825340
1.872700
1.935947
1.998892
2.062593
2.118124
2.178648
2.224041
2.276546
2.325873
2.372476
2.415297
2.455999
2.485807
2.517280
2.535740
2.553746
2.567666
2.582192
2.588849
2.597020
2.593994
2.591119
2.582041
2.565094
2.548147
2.518641
2.485353
2.443289
2.397593
2.351898
2.316946
2.261566
2.203160
2.142182
2.081356
2.025069
1.978314
1.920514
1.856358
1.798558
1.741363
1.678872
1.633176
1.582488
1.533766
1.495485
1.454631
1.417106
1.391232
1.367174
1.342511
1.327077
1.314821
1.308769
1.306196
1.307104
1.316485
1.324959
1.338274
1.361122
1.381397
1.414231
1.451908
1.494123
1.538154
1.587935
1.630150
1.688404
1.749382
1.807334
1.868160
1.934737
1.985879
2.046706
2.103145
2.163668
2.223738
2.279118
2.320274
2.363700
2.405764
2.452822
2.485202
2.513497
2.530746
2.552232
2.568725
2.583251
2.592935
2.597777
2.601711
2.593843
2.587790
2.571449
2.551324
2.519701
2.491860
2.453124
2.406823
2.362187
2.312709
2.257329
2.211936
2.150353
2.093461
2.035811
1.983761
1.931559
1.869371
1.813235
1.754224
1.693549
1.635900
1.583850
1.545266
1.504563
1.460835
1.421192
1.394712
1.363845
1.348866
1.331465
1.317696
1.313005
1.308920
1.308012
1.315880
1.325261
1.339333
1.358549
1.385936
1.410751
1.443283
1.480808
1.525293
1.572350
1.626216
1.671306
1.739396
1.797499
1.855753
1.920968
1.987544
2.045647
2.096184
2.152774
2.214206
2.267921
2.317551
2.354470
2.398047
2.440112
2.476275
2.508655
2.533470
2.547996
2.569179
2.583100
2.592935
2.597474
2.600046
2.598685
2.589303
2.574626
2.555259
2.525904
2.491709
2.460084
2.416961
2.368996
2.323300
2.273066
2.217383
2.170175
2.108289
2.054725
1.993899
1.930803
1.867707
1.824583
1.762546
1.702325
1.644676
1.591415
1.544963
1.508951
1.468552
1.428757
1.398646
1.370049
1.349168
1.332373
1.320117
1.308466
1.309071
1.307104
1.311190
1.318604
1.334037
1.352800
1.375648
1.404699
1.439954
1.472486
1.516668
1.562817
1.617894
1.673576
1.741363
1.786907
1.846826
1.908711
1.974229
2.036266
2.091645
2.139913
2.199983
2.258388
2.306656
2.352654
2.395475
2.426948
2.469163
2.505780
2.525450
2.550568
2.565094
2.578409
2.589152
2.595053
2.595809
2.595053
2.587185
2.574626
2.555107
2.528174
2.494129
2.459025
2.426342
2.383219
2.334346
2.284414
2.228278
2.167905
2.120697
2.062896
2.004339
1.942000
1.877693
1.820649
1.776013
1.722600
1.660715
1.608967
1.557976
1.513793
1.479295
1.439349
1.404850
1.377161
1.353102
1.337215
1.324656
1.312854
1.310130
1.309525
1.314367
1.320268
1.332978
1.350984
1.373378
1.400765
1.431178
1.472788
1.506682
1.556916
1.603368
1.659504
1.722600
1.786756
1.831543
1.892975
1.956525
2.016747
2.078330
2.136735
2.185911
2.246738
2.297880
2.345543
2.387002
2.427099
2.458117
2.491254
2.516675
2.541792
2.563732
2.576291
2.584008
2.594750
2.595658
2.595961
2.588849
2.575383
2.562219
2.537101
2.508655
2.470676
2.430125
2.383219
2.345543
2.295459
2.240988
2.182582
2.125084
2.067587
2.022345
1.960006
1.893429
1.836688
1.779796
1.719877
1.670701
1.618197
1.570232
1.523326
1.481413
1.442980
1.415745
1.381246
1.357944
1.338123
1.323446
1.314367
1.308769
1.310584
1.308920
1.317999
1.331314
1.350227
1.367477
1.393805
1.424218
1.467492
1.507589
1.554798
1.592323
1.650123
1.709588
1.771020
1.828215
1.890100
1.939579
2.003129
2.062140
2.122058
2.180312
2.239777
2.281236
2.329958
2.373989
2.418323
2.458269
2.492162
2.512286
2.540128
2.553897
2.570692
2.582797
2.591573
2.596717
2.592935
2.589152
2.580830
2.562824
2.536950
2.514254
2.481117
2.439960
2.398199
2.349931
2.299545
2.257178
2.196805
2.136433
2.077573
2.020227
1.961670
1.907501
1.848793
1.791295
1.735462
1.669339
1.617138
1.577797
1.531799
1.489886
1.449486
1.416501
1.383969
1.363240
1.344024
1.326623
1.316637
1.312551
1.308617
1.308617
1.315124
1.325867
1.343116
1.364753
1.394107
1.418165
1.454631
1.494577
1.542693
1.594139
1.647097
1.695970
1.760428
1.815202
1.879055
1.938217
2.004490
2.050186
2.110256
2.171385
2.230396
2.281236
2.328596
2.363095
2.403495
2.448434
2.483538
2.515313
2.539976
2.556015
2.571146
2.586126
2.591573
2.602618
2.599441
2.601106
2.589001
2.568725
2.545423
2.517885
2.479906
2.447223
2.401225
2.356437
2.308926
2.253244
2.212844
2.147327
2.092402
2.032180
1.973321
1.910225
1.859838
1.804762
1.749534
1.689312
1.634084
1.581277
1.544963
1.500175
1.458111
1.416804
1.388357
1.360365
1.342813
1.329649
1.320419
1.309071
1.308617
1.309223
1.313762
1.322084
1.339484
1.359760
1.385483
1.414383
1.444796
1.487163
1.534069
1.578402
1.632117
1.690069
1.738639
1.797196
1.856056
1.920514
1.985728
2.043983
2.103447
2.153531
2.217535
2.277302
2.326327
2.368693
2.396686
2.434664
2.476123
2.507747
2.532108
2.551173
2.565094
2.576745
2.587639
2.595961
2.593843
2.595053
2.588093
2.570995
2.557528
2.524543
2.490952
2.448736
2.418474
2.370963
2.320879
2.269888
2.213903
2.154287
2.105112
2.047160
1.989662
1.929743
1.865134
1.807788
1.762546
1.701417
1.642406
1.588540
1.542693
1.496695
1.469308
1.426639
1.397285
1.370957
1.348109
1.329801
1.320571
1.309979
1.306802
1.306348
1.313611
1.321630
1.334340
1.352648
1.381549
1.411811
1.444796
1.486103
1.520753
1.571139
1.620920
1.677208
1.743632
1.805518
1.850760
1.915520
1.982551
2.044739
2.099513
2.156254
2.207094
2.265954
2.316189
2.359615
2.401074
2.435572
2.466137
2.498971
2.527266
2.551627
2.566153
2.580225
2.588244
2.593086
2.595356
2.591270
2.586428
2.569936
2.553140
2.523635
2.495945
2.459025
2.417415
2.370812
2.330412
2.283960
2.230699
2.167451
2.105112
2.048522
2.004490
1.937309
1.877088
1.819136
1.762092
1.703535
1.655419
1.603368
1.555857
1.508195
1.469157
1.430875
1.407725
1.375950
1.352043
1.332827
1.319966
1.313913
1.309828
1.306196
1.311038
1.318755
1.332070
1.352497
1.372924
1.399706
1.433750
1.472334
1.517576
1.567357
1.607454
1.662682
1.728804
1.785697
1.843951
1.903870
1.957585
2.019924
2.076060
2.138248
2.199831
2.261566
2.299999
2.344938
2.391541
2.429217
2.462960
2.496550
2.518944
2.542700
2.561008
2.575383
2.590363
2.593389
2.595809
2.595961
2.591270
2.580376
2.557679
2.532713
2.502754
2.464624
2.424073
2.377772
2.333438
2.282295
2.235995
2.180464
2.119789
2.063501
2.006004
1.956828
1.893580
1.835477
1.779039
1.720634
1.660563
1.605789
1.565087
1.522569
1.478841
1.437684
1.406212
1.374437
1.355977
1.336761
1.323143
1.315729
1.308466
1.309374
1.308920
1.316485
1.331162
1.348714
1.372924
1.395015
1.427849
1.462953
1.512280
1.556160
1.605638
1.651636
1.718061
1.774348
1.833359
1.893732
1.958038
2.020681
2.067738
2.128565
2.187727
2.246889
2.302722
2.333287
2.379285
2.421349
2.461598
2.492162
2.522575
2.538009
2.558285
2.571903
2.585975
2.595053
2.593389
2.591119
2.588849
2.580678
2.557528
2.531806
2.501695
2.472189
2.431638
2.388818
2.344786
2.299091
2.243106
2.193779
2.135827
2.079389
2.020076
1.959249
1.895245
1.847885
1.791749
1.734100
1.672819
1.617592
1.569173
1.532556
1.488373
1.448881
1.413021
1.383969
1.358701
1.342359
1.327985
1.316031
1.312703
1.307861
1.306802
1.313005
1.326926
1.341905
1.363089
1.389114
1.423310
1.452513
1.496695
1.544812
1.597165
1.650577
1.711101
1.760731
1.820195
1.881778
1.948960
2.004945
2.065166
2.111012
2.171082
2.231001
2.285927
2.332681
2.377923
2.410758
2.455545
2.485656
2.514405
2.540581
2.554805
2.569179
2.580981
2.589909
2.593691
2.592632
2.588244
2.579922
2.563429
2.538614
2.509109
2.474308
2.433454
2.396080
2.355529
2.308926
2.254000
2.196200
2.145814
2.086954
2.029154
1.969689
1.911284
1.851062
1.793262
1.748928
1.688707
1.630453
1.578100
1.533009
1.487768
1.454782
1.418014
1.386996
1.360819
1.339182
1.322992
1.311492
1.307407
1.300295
1.302262
1.310584
1.322992
1.339031
1.360063
1.386542
1.417863
1.455085
1.498359
1.535582
1.583850
1.637867
1.696878
1.757553
1.813992
1.864226
1.928230
1.996320
2.053364
2.110559
2.169721
2.218442
2.273671
2.321636
2.366121
2.411817
2.450098
2.481117
2.511227
2.536345
2.556772
2.568423
2.577652
2.587942
2.592935
2.593843
2.589152
2.579771
2.559949
2.546331
2.514859
2.477939
2.442533
2.399258
2.361430
2.317853
2.267013
2.207548
2.148235
2.091342
2.045344
1.989359
1.925356
1.868009
1.805821
1.749231
1.700812
1.641801
1.589902
1.542239
1.499873
1.456598
1.426790
1.393805
1.368385
1.344780
1.331465
1.317091
1.310736
1.308315
1.305591
1.309071
1.321781
1.337820
1.355221
1.378674
1.409843
1.445552
1.489432
1.537851
1.576889
1.623947
1.685681
1.749231
1.808544
1.870279
1.919000
1.982248
2.041561
2.094368
2.157465
2.213903
2.260355
2.311196
2.359161
2.401679
2.440868
2.477939
2.504116
2.526812
2.549812
2.565094
2.576291
2.585975
2.590211
2.592178
2.592330
2.579014
2.566910
2.544667
2.524391
2.491406
2.453730
2.410606
2.366272
2.318156
2.281085
2.221318
2.163214
2.104204
2.045647
1.987090
1.935796
1.876482
1.819741
1.763000
1.703384
1.644373
1.602309
1.556614
1.507438
1.464466
1.426487
1.393351
1.370049
1.348260
1.329952
1.318755
1.309525
1.303473
1.306802
1.310130
1.320117
1.336761
1.357188
1.381397
1.403640
1.438441
1.478084
1.521510
1.569778
1.622433
1.669793
1.731679
1.792657
1.854996
1.915520
1.980432
2.028246
2.087408
2.144149
2.204068
2.264592
2.313163
2.350234
2.392449
2.433908
2.471887
2.501846
2.526812
2.544364
2.561160
2.573718
2.584613
2.589303
2.592178
2.592632
2.585975
2.575232
2.551476
2.525753
2.493978
2.462506
2.419987
2.378982
2.328899
2.280026
2.218745
2.174109
2.114039
2.058206
2.001767
1.936099
1.875574
1.828215
1.771776
1.712009
1.657689
1.604276
1.552831
1.518938
1.477176
1.438290
1.403034
1.374891
1.350681
1.334037
1.318906
1.311795
1.306802
1.305894
1.308617
1.315275
1.328893
1.350379
1.372924
1.404548
1.440559
1.469459
1.513793
1.558127
1.612447
1.669491
1.731830
1.779947
1.840017
1.900843
1.965604
2.030970
2.083777
2.131893
2.190299
2.250066
2.300907
2.347510
2.389574
2.424073
2.461900
2.496702
2.526661
2.545272
2.562975
2.577804
2.585975
2.593237
2.594145
2.592632
2.585521
2.576139
2.556015
2.530444
2.498971
2.462506
2.419987
2.384278
2.341306
2.290012
2.235087
2.176530
2.128262
2.072126
2.013115
1.952591
1.893126
1.833359
1.782065
1.731225
1.669642
1.615624
1.566751
1.518635
1.484893
1.443888
1.408179
1.377917
1.355069
1.334189
1.319058
1.309676
1.305894
1.306045
1.306499
1.314972
1.330860
1.343872
1.367174
1.394864
1.425731
1.464920
1.510162
1.545114
1.597316
1.652241
1.714581
1.775105
1.836688
1.884804
1.950624
2.012964
2.072126
2.133104
2.191207
2.237810
2.291525
2.335859
2.381101
2.421349
2.453124
2.487926
2.516826
2.541943
2.556469
2.574172
2.583554
2.591876
2.592632
2.594599
2.589001
2.575988
2.562521
2.538766
2.508655
2.474005
2.433605
2.391087
2.352806
2.301058
2.249007
2.190602
2.128110
2.073488
2.027338
1.969992
1.900238
1.844859
1.791446
1.733646
1.680234
1.628032
1.576435
1.530740
1.484136
1.445704
1.416198
1.385483
1.358549
1.339787
1.326774
1.317091
1.309979
1.306650
1.307861
1.314670
1.323446
1.345991
1.361878
1.390022
1.420889
1.457355
1.501083
1.547989
1.587784
1.639985
1.703384
1.761487
1.823675
1.885712
1.935947
2.000254
2.058206
2.116914
2.181220
2.238567
2.281085
2.327386
2.372022
2.414086
2.452822
2.490044
2.510168
2.532713
2.550719
2.567666
2.581133
2.590968
2.593843
2.595053
2.591119
2.584159
2.562824
2.536647
2.515313
2.482327
2.440566
2.399561
2.354016
2.307715
2.261869
2.200891
2.142939
2.084382
2.027187
1.968328
1.918244
1.859990
1.802341
1.747869
1.685076
1.633933
1.589448
1.541785
1.496544
1.455085
1.417863
1.386088
1.367325
1.342965
1.327077
1.312854
1.308920
1.308920
1.308466
1.314065
1.324202
1.342359
1.360819
1.388509
1.414685
1.452059
1.492761
1.536641
1.587481
1.641801
1.689918
1.751803
1.809301
1.868160
1.929290
1.995563
2.042167
2.102690
2.161550
2.219653
2.276092
2.325116
2.364154
2.406975
2.444802
2.480965
2.510017
2.535134
2.552232
2.568725
2.577350
2.590060
2.593994
2.594448
2.592481
2.588093
2.570843
2.545272
2.515010
2.481571
2.452670
2.409850
2.365516
2.316643
2.264592
2.208759
2.157313
2.102539
2.046101
1.984972
1.922027
1.862259
1.815051
1.758764
1.697786
1.638775
1.587632
1.543147
1.506682
1.464920
1.424672
1.391989
1.364753
1.344024
1.329952
1.315729
1.309676
1.309525
1.306802
1.311190
1.318906
1.332676
1.353708
1.381851
1.411357
1.446914
1.478841
1.523023
1.571442
1.626368
1.688102
1.749685
1.795229
1.853937
1.917185
1.983458
2.044285
2.102690
2.148386
2.209213
2.266257
2.320274
2.361733
2.405159
2.437085
2.470071
2.500182
2.528477
2.554805
2.569330
2.576896
2.587639
2.591119
2.595053
2.594296
2.582041
2.570541
2.546785
2.523030
2.487926
2.452065
2.410152
2.373081
2.325721
2.276243
2.217081
2.156557
2.111769
2.054120
1.998892
1.935493
1.875272
1.818379
1.762546
1.710950
1.652544
1.600645
1.551015
1.507287
1.465071
1.434658
1.399706
1.369898
1.347655
1.330860
1.319814
1.309071
1.309828
1.306499
1.309828
1.318150
1.332827
1.349774
1.374588
1.404850
1.440862
1.480505
1.519089
1.564633
1.617289
1.672517
1.736521
1.791295
1.838806
1.899330
1.964999
2.023858
2.084987
2.143544
2.208607
2.256270
2.306959
2.347812
2.389725
2.434513
2.464170
2.499879
2.528780
2.547844
2.562370
2.571903
2.583554
2.590816
2.596869
2.596415
2.587487
2.574021
2.560101
2.533016
2.503057
2.459479
2.415751
2.369299
2.335254
2.286229
2.236902
2.173201
2.111618
2.056541
2.010240
1.949565
1.887226
1.827609
1.769506
1.712311
1.664951
1.610934
1.565541
1.517878
1.475058
1.434658
1.406212
1.377009
1.352951
1.331616
1.317999
1.310433
1.306953
1.305894
1.308315
1.313762
1.331616
1.351287
1.369898
1.396528
1.431632
1.467190
1.511070
1.559186
1.603217
1.653906
1.720482
1.781762
1.843346
1.903718
1.955618
2.019319
2.074849
2.131439
2.191207
2.250218
2.294249
2.341306
2.386548
2.423770
2.460084
2.490346
2.514254
2.539220
2.559344
2.573113
2.582494
2.590968
2.594750
2.595961
2.587336
2.574626
2.555561
2.528628
2.503964
2.466137
2.424678
2.382160
2.338129
2.286835
2.247040
2.186516
2.129170
2.070008
2.010846
1.953802
1.901449
1.842589
1.786150
1.726686
1.666011
1.612598
1.572804
1.529681
1.486406
1.442980
1.407422
1.375648
1.359306
1.336761
1.323597
1.315578
1.306802
1.304532
1.305440
1.311038
1.326774
1.342965
1.368839
1.395620
1.421192
1.460835
1.502748
1.549351
1.597467
1.654208
1.703989
1.767237
1.827458
1.890706
1.954407
2.016595
2.060778
2.117065
2.175925
2.236297
2.291223
2.338129
2.376108
2.420290
2.460690
2.493221
2.518793
2.540884
2.554048
2.570995
2.584008
2.593237
2.592481
2.594448
2.593237
2.584764
2.566758
2.538917
2.507747
2.470828
2.440263
2.398350
2.350839
2.301512
2.247797
2.186213
2.141880
2.083777
2.027490
1.966966
1.903718
1.844405
1.800222
1.743481
1.682352
1.625308
1.574620
1.531042
1.493820
1.449486
1.413777
1.384121
1.358701
1.337669
1.327077
1.315578
1.312703
1.307256
1.309525
1.313913
1.324202
1.340998
1.362030
1.388357
1.420435
1.459776
1.494728
1.540726
1.589599
1.642104
1.707469
1.768447
1.815656
1.873456
1.937763
2.001616
2.060627
2.114644
2.164122
2.225100
2.281388
2.327840
2.368693
2.411817
2.443743
2.477485
2.512286
2.536193
2.558587
2.568423
2.579317
2.589909
2.595507
2.597020
2.592632
2.584764
2.568120
2.544364
2.515918
2.478998
2.438296
2.403041
2.359312
2.314373
2.258994
2.200285
2.139308
2.094066
2.037174
1.978919
1.917487
1.858023
1.800979
1.757402
1.695667
1.636959
1.586270
1.539364
1.495636
1.461440
1.424520
1.390022
1.363240
1.342965
1.326472
1.317847
1.312249
1.306953
1.306650
1.311795
1.322235
1.334340
1.356129
1.380641
1.411811
1.453875
1.491248
1.526654
1.578554
1.629999
1.691733
1.753922
1.812630
1.859233
1.924296
1.989511
2.047462
2.106171
2.165636
2.211936
2.268980
2.315886
2.363246
2.403646
2.443138
2.470828
2.502754
2.531049
2.552081
2.569179
2.580678
2.583856
2.588849
2.593086
2.592027
2.582948
2.565850
2.548147
2.519852
2.486110
2.447375
2.405915
2.360825
2.323906
2.270190
2.216475
2.156557
2.092250
2.036568
1.989359
1.930500
1.871489
1.813689
1.757704
1.694608
1.648459
1.593836
1.549956
1.504866
1.462045
1.423007
1.395469
1.367477
1.346142
1.332070
1.318755
1.310736
1.307709
1.306802
1.310282
1.319814
1.334945
1.356885
1.375496
1.405758
1.443283
1.484288
1.529529
1.577948
1.620920
1.683109
1.743481
1.802643
1.860292
1.920968
1.973018
2.034299
2.089678
2.152018
2.212088
2.272006
2.306959
2.352957
2.394113
2.433151
2.471433
2.505024
2.524543
2.546180
2.565094
2.576896
2.588395
2.592178
2.594145
2.592330
2.582343
2.568574
2.550265
2.520760
2.495491
2.459933
2.418928
2.373233
2.325873
2.276394
2.225857
2.165938
2.106625
2.051094
1.995260
1.932316
1.886166
1.825491
1.767691
1.707923
1.651182
1.599586
1.560699
1.518786
1.473696
1.434204
1.399706
1.372319
1.352951
1.333886
1.321025
1.311492
1.305894
1.307104
1.310433
1.314821
1.329649
1.350681
1.375648
1.405002
1.433902
1.476571
1.518786
1.563574
1.616835
1.673727
1.724719
1.781914
1.840319
1.903416
1.968630
2.034601
2.078632
2.140215
2.199378
2.256119
2.303479
2.351898
2.388061
2.434664
2.467196
2.500333
2.525450
2.543003
2.561311
2.579014
2.586126
2.593540
2.592783
2.592027
2.584461
2.576291
2.554956
2.530898
2.494735
2.466591
2.425737
2.386548
2.336010
2.286229
2.229337
2.177891
2.119335
2.062593
2.004188
1.941092
1.883443
1.836537
1.780249
1.723054
1.660563
1.606849
1.559035
1.521661
1.479597
1.439500
1.405909
1.376253
1.353102
1.339484
1.324202
1.314367
1.305742
1.308012
1.309828
1.315426
1.327531
1.344326
1.368687
1.395469
1.429816
1.462045
1.505925
1.554041
1.601855
1.658445
1.716699
1.768599
1.827761
1.888739
1.953650
2.020076
2.075909
2.132801
2.185608
2.242804
2.297729
2.344030
2.386548
2.420441
2.453730
2.486715
2.516675
2.543003
2.561765
2.574172
2.580830
2.589757
2.594145
2.594296
2.589606
2.581284
2.561462
2.536799
2.505024
2.468406
2.427250
2.392752
2.347359
2.298032
2.244771
2.182279
2.123269
2.078178
2.019168
1.959400
1.897363
1.841530
1.784940
1.724719
1.677359
1.621677
1.571896
1.526352
1.486406
1.441770
1.411054
1.380641
1.356129
1.338123
1.323597
1.314367
1.308769
1.306499
1.307861
1.315426
1.328741
1.346899
1.364450
1.387904
1.422705
1.461743
1.504866
1.551167
1.591566
1.644525
1.706562
1.767993
1.828820
1.891008
1.941394
2.005701
2.061383
2.121150
2.182279
2.243257
2.285321
2.331622
2.374443
2.418928
2.453881
2.483235
2.515161
2.539825
2.560101
2.574777
2.582494
2.589001
2.595053
2.599290
2.594448
2.580678
2.560252
2.541792
2.513043
2.480814
2.437237
2.394416
2.344332
2.307261
2.254454
2.193628
2.133709
2.078784
2.020076
1.973472
1.911284
1.852273
1.796288
1.739245
1.679780
1.635597
1.585817
1.539818
1.494728
1.453572
1.414988
1.390022
1.362786
1.342208
1.324505
1.313157
1.304834
1.306196
1.308012
1.313005
1.323597
1.340846
1.363845
1.384877
1.418771
1.454934
1.501991
1.543601
1.592777
1.633782
1.693852
1.753468
1.812781
1.874213
1.938973
1.991780
2.047160
2.104355
2.166241
2.231153
2.286078
2.323300
2.366726
2.403797
2.443894
2.479301
2.509714
2.528931
2.551173
2.566002
2.575988
2.586580
2.593086
2.596717
2.591724
2.582948
2.565850
2.542700
2.516523
2.484597
2.444953
2.401225
2.358556
2.309077
2.257329
2.211331
2.150505
2.092553
2.032937
1.974531
1.908258
1.864529
1.807636
1.749231
1.691733
1.637413
1.585211
1.549805
1.503504
1.461591
1.422856
1.391232
1.363543
1.346596
1.328287
1.314972
1.306802
1.305288
1.306953
1.311492
1.322840
1.337064
1.356583
1.384423
1.408784
1.443434
1.481413
1.528168
1.577343
1.630150
1.686891
1.742119
1.800525
1.861049
1.922329
1.986939
2.051699
2.095428
2.155649
2.219199
2.273217
2.320274
2.367180
2.393962
2.436329
2.478847
2.508806
2.535134
2.549812
2.565094
2.578106
2.590816
2.595507
2.593843
2.590816
2.581738
2.568120
2.545726
2.519398
2.485656
2.447072
2.411968
2.367785
2.321031
2.271704
2.211785
2.163668
2.104052
2.046706
1.990721
1.927776
1.866345
1.818985
1.764513
1.703838
1.643919
1.591566
1.544812
1.510918
1.465828
1.427849
1.393805
1.366115
1.345991
1.331011
1.320873
1.313459
1.308769
1.308769
1.313762
1.321781
1.334643
1.352800
1.379733
1.406363
1.442375
1.477025
1.521813
1.571291
1.621979
1.682957
1.742422
1.790085
1.847582
1.914007
1.976498
2.034450
2.097244
2.139459
2.199983
2.257480
2.309531
2.355076
2.395021
2.428461
2.464624
2.499577
2.526964
2.553443
2.564943
2.578409
2.589152
2.595204
2.602013
2.593843
2.588698
2.578106
2.555107
2.528477
2.495945
2.455243
2.415902
2.376259
2.331925
2.281539
2.225100
2.163063
2.117973
2.060173
2.004339
1.942605
1.878147
1.821708
1.762092
1.715640
1.655116
1.602763
1.554798
1.507287
1.467946
1.435869
1.399857
1.372924
1.349471
1.330557
1.318755
1.312551
1.309223
1.310887
1.314518
1.323294
1.333735
1.350379
1.373227
1.404548
1.433599
1.473393
1.515760
1.553587
1.606243
1.662833
1.728955
1.784335
1.843346
1.890100
1.960611
2.023707
2.083172
2.143242
2.201496
2.249461
2.300604
2.347056
2.387456
2.427553
2.468255
2.491860
2.521516
2.549055
2.565547
2.578712
2.589909
2.595809
2.599138
2.597474
2.591270
2.576139
2.561008
2.533621
2.501846
2.464624
2.425586
2.380042
2.340852
2.294098
2.239172
2.179253
2.117670
2.059114
2.013569
1.953197
1.891159
1.832603
1.775862
1.716397
1.669037
1.617592
1.567962
1.520602
1.478841
1.437533
1.409238
1.378674
1.354918
1.335702
1.323900
1.312703
1.308466
1.307104
1.309828
1.316485
1.332222
1.350984
1.369746
1.396982
1.429060
1.463710
1.509103
1.558732
1.598829
1.653301
1.714884
1.775559
1.835175
1.897666
1.960913
2.011299
2.068192
2.130532
2.185911
2.245527
2.288348
2.333589
2.378831
2.418020
2.457058
2.491254
2.514708
2.539220
2.559949
2.572962
2.585823
2.592783
2.595356
2.599441
2.592178
2.581435
2.561916
2.536647
2.512741
2.477031
2.434664
2.390331
2.348418
2.294098
2.253093
2.190299
2.130532
2.074547
2.015839
1.952440
1.904475
1.844556
1.787815
1.728653
1.669945
1.616381
1.577646
1.531345
1.489281
1.447368
1.412113
1.381851
1.361576
1.340998
1.326926
1.316031
1.310887
1.304986
1.309223
1.313913
1.327077
1.344175
1.367174
1.393048
1.417711
1.453875
1.499570
1.547233
1.598829
1.654662
1.703535
1.764211
1.820498
1.881476
1.945328
2.009181
2.056390
2.114190
2.174109
2.235238
2.287742
2.335254
2.368845
2.409245
2.449190
2.484597
2.515918
2.536950
2.551930
2.569330
2.583554
2.589001
2.596717
2.599744
2.593843
2.586580
2.568423
2.544818
2.517885
2.477031
2.444651
2.401225
2.358102
2.312557
2.255362
2.198924
2.148537
2.088619
2.031272
1.967722
1.906593
1.858930
1.801887
1.744238
1.684924
1.627275
1.577646
1.542391
1.500478
1.457960
1.418922
1.390324
1.365358
1.341149
1.328136
1.317999
1.307709
1.306802
1.308012
1.316334
1.321933
1.337971
1.358549
1.388055
1.417863
1.455388
1.494123
1.538457
1.587178
1.641044
1.701266
1.749382
1.809452
1.864378
1.930349
1.991327
2.051245
2.112223
2.157465
2.220410
2.275789
2.324511
2.368693
2.413027
2.443440
2.480209
2.511227
2.536345
2.556923
2.572508
2.581738
2.592783
2.595961
2.599895
2.598836
2.589303
2.573416
2.548752
2.518188
2.484143
2.443894
2.411060
2.366272
2.319669
2.265803
2.206338
2.146873
2.099362
2.042469
1.982097
1.920968
1.860746
1.806426
1.763000
1.701720
1.644222
1.593079
1.542391
1.500478
1.465374
1.426336
1.392745
1.366871
1.345083
1.327834
1.319814
1.312097
1.308315
1.307407
1.313913
1.320722
1.332827
1.354010
1.378825
1.411811
1.446914
1.490492
1.525898
1.576889
1.627881
1.682957
1.746659
1.803702
1.851819
1.913402
1.979070
2.038233
2.097092
2.159886
2.210423
2.269585
2.314070
2.359917
2.399258
2.439960
2.470071
2.502149
2.525904
2.547844
2.564186
2.576745
2.585823
2.593540
2.595809
2.595961
2.584764
2.568877
2.550265
2.524845
2.490801
2.452973
2.411060
2.365819
2.329807
2.281085
2.221469
2.162155
2.103598
2.045496
1.999043
1.937460
1.876331
1.820649
1.761184
1.702476
1.655722
1.603066
1.552680
1.511070
1.465979
1.430270
1.400311
1.373983
1.351892
1.333735
1.317696
1.309374
1.305742
1.306045
1.310433
1.319814
1.336610
1.355523
1.374740
1.402732
1.436777
1.478992
1.522720
1.572501
1.610480
1.669037
1.728199
1.791598
1.850306
1.915974
1.966512
2.028851
2.084382
2.142334
2.202252
2.260961
2.302117
2.347056
2.390028
2.431790
2.470676
2.498215
2.521063
2.545877
2.565396
2.577501
2.585218
2.594448
2.592178
2.591724
2.582948
2.577804
2.552081
2.524089
2.495188
2.462052
2.419987
2.376561
2.329958
2.279875
2.234784
2.177135
2.115401
2.057146
2.000708
1.941546
1.889495
1.828971
1.779039
1.717607
1.657083
1.603066
1.565087
1.522720
1.479748
1.439651
1.400311
1.373529
1.354918
1.336307
1.321933
1.314065
1.308920
1.308163
1.308769
1.314972
1.328287
1.347504
1.372621
1.404094
1.430573
1.469611
1.513490
1.563120
1.615624
1.672214
1.722298
1.784335
1.838352
1.898725
1.962578
2.024161
2.073790
2.130380
2.192417
2.253698
2.303630
2.350536
2.380496
2.423770
2.459479
2.496550
2.524089
2.543154
2.556923
2.571146
2.582041
2.591724
2.597474
2.596869
2.593237
2.580981
2.559798
2.536496
2.500636
2.462657
2.432546
2.385943
2.337826
2.290617
2.235843
2.187121
2.127203
2.070008
2.008727
1.951381
1.888739
1.831543
1.788723
1.729863
1.669642
1.615473
1.568416
1.523326
1.489886
1.448276
1.409843
1.379128
1.350530
1.333583
1.325110
1.313459
1.309071
1.306650
1.306953
1.317847
1.324807
1.343721
1.367325
1.393956
1.428908
1.466282
1.500478
1.546930
1.602915
1.655570
1.718212
1.777375
1.824281
1.884653
1.950170
2.011148
2.068041
2.124933
2.174260
2.238567
2.294249
2.343879
2.378982
2.416659
2.447677
2.483689
2.513649
2.539522
2.558587
2.570087
2.581738
2.590060
2.595356
2.594599
2.590363
2.575988
2.565396
2.537555
2.507747
2.470676
2.432395
2.397442
2.350839
2.304084
2.245678
2.187424
2.128413
2.080448
2.025069
1.966966
1.905231
1.845918
1.788571
1.742725
1.682655
1.625157
1.579613
1.529681
1.486860
1.452361
1.416350
1.384726
1.359155
1.337820
1.324807
1.315124
1.309374
1.306045
1.306650
1.314367
1.325867
1.339787
1.358549
1.388055
1.419376
1.460230
1.501688
1.538608
1.587027
1.640137
1.701720
1.765724
1.823373
1.883291
1.934737
1.999346
2.055633
2.111467
2.169569
2.219653
2.276394
2.324813
2.368845
2.408942
2.447223
2.478998
2.510622
2.534075
2.553443
2.574929
2.580073
2.592330
2.595658
2.596717
2.590665
2.580073
2.561160
2.540430
2.512892
2.478998
2.440263
2.395627
2.352806
2.315130
2.261717
2.203463
2.142636
2.084987
2.028397
1.980886
1.917487
1.857871
1.801433
1.745448
1.687799
1.640591
1.588843
1.539667
1.496846
1.457355
1.419073
1.390173
1.364753
1.344326
1.327077
1.316485
1.309979
1.308466
1.307861
1.309979
1.321933
1.339182
1.360214
1.381549
1.410903
1.446763
1.488827
1.535128
1.581429
1.625914
1.685681
1.750895
1.810360
1.870581
1.934434
1.983005
2.039897
2.100118
2.157919
2.222074
2.276092
2.314827
2.361279
2.403949
2.445710
2.483992
2.513346
2.531352
2.550568
2.564488
2.579922
2.587942
2.595658
2.600500
2.594902
2.585369
2.567817
2.545423
2.517128
2.493827
2.452216
2.409093
2.364759
2.315886
2.261717
2.216475
2.154741
2.099362
2.037779
1.980432
1.929441
1.868312
1.809301
1.755737
1.693549
1.638018
1.587935
1.554344
1.506984
1.467341
1.427547
1.393199
1.364904
1.347655
1.329952
1.317545
1.310130
1.306196
1.306499
1.310130
1.319966
1.336004
1.356431
1.385029
1.415593
1.440559
1.481413
1.526654
1.574468
1.627729
1.686135
1.736218
1.793262
1.852424
1.913705
1.985879
2.045344
2.091191
2.151564
2.208305
2.263987
2.317702
2.361128
2.395021
2.434059
2.470828
2.501392
2.528023
2.551324
2.566002
2.578409
2.586580
2.594448
2.596264
2.595356
2.585672
2.570995
2.552838
2.521668
2.490044
2.451308
2.417112
2.370207
2.324662
2.271250
2.220410
2.173201
2.113282
2.054120
1.996622
1.933678
1.876331
1.829879
1.774348
1.713522
1.653906
1.604730
1.555101
1.517727
1.473999
1.433902
1.400160
1.369595
1.347655
1.333432
1.319966
1.311946
1.308769
1.307709
1.307861
1.316788
1.329044
1.348866
1.373680
1.402278
1.440105
1.473847
1.517576
1.568265
1.616835
1.672668
1.734705
1.783730
1.839865
1.903718
1.970597
2.032483
2.092855
2.142636
2.193022
2.251126
2.301966
2.350990
2.393962
2.424829
2.462657
2.496702
2.520760
2.544667
2.562673
2.571600
2.584915
2.592783
2.595507
2.592027
2.586580
2.576896
2.556923
2.529384
2.500182
2.462052
2.418777
2.380496
2.335708
2.290466
2.232666
2.173806
2.116611
2.069554
2.010543
1.951229
1.886318
1.828215
1.774500
1.725021
1.663438
1.609723
1.560548
1.517122
1.474453
1.441316
1.406968
1.376101
1.354615
1.332978
1.320571
1.312551
1.308617
1.307709
1.309676
1.317091
1.330709
1.346445
1.366720
1.394864
1.432086
1.468854
1.517273
1.550864
1.600342
1.656781
1.720028
1.779796
1.842286
1.888587
1.955618
2.017200
2.074547
2.135071
2.195141
2.242047
2.293946
2.334346
2.379285
2.421652
2.460690
2.489741
2.519095
2.541641
2.561311
2.574172
2.587185
2.595658
2.597020
2.593540
2.590363
2.577955
2.557679
2.533016
2.505024
2.468255
2.426494
2.386548
2.338431
2.299242
2.245224
2.183641
2.126143
2.068343
2.022799
1.963183
1.898876
1.841530
1.784637
1.724870
1.667675
1.623644
1.574620
1.526503
1.485801
1.443585
1.406817
1.381700
1.355675
1.337517
1.321933
1.311492
1.306802
1.304834
1.303775
1.313611
1.322992
1.343418
1.368687
1.392594
1.422251
1.460230
1.505622
1.549200
1.602158
1.646038
1.707772
1.767842
1.826702
1.886318
1.950473
2.002523
2.061383
2.118729
2.179253
2.237962
2.292433
2.331017
2.376561
2.418626
2.459025
2.489287
2.517885
2.536647
2.557831
2.573870
2.587639
2.592935
2.595204
2.593994
2.593994
2.581284
2.567666
2.536345
2.507142
2.478847
2.438750
2.394567
2.346451
2.298183
2.247494
2.197410
2.141123
2.079238
2.023102
1.962124
1.912191
1.853937
1.798709
1.741212
1.681596
1.623493
1.572501
1.535733
1.491853
1.449940
1.415139
1.386088
1.359155
1.340544
1.328287
1.314065
1.308920
1.308315
1.309374
1.312249
1.323143
1.338879
1.362181
1.388509
1.419376
1.452361
1.497149
1.544358
1.589297
1.641498
1.700661
1.749987
1.809301
1.872094
1.935191
2.000708
2.060475
2.108138
2.165333
2.223587
2.278210
2.327991
2.372930
2.404251
2.442684
2.479906
2.510773
2.535437
2.552989
2.567666
2.580678
2.589757
2.593843
2.594902
2.590514
2.581435
2.566153
2.541035
2.513043
2.479906
2.447223
2.403797
2.357194
2.308926
2.256421
2.200285
2.149143
2.092099
2.033996
1.975439
1.912948
1.854694
1.810511
1.755283
1.697180
1.638775
1.587632
1.541785
1.507136
1.464466
1.425882
1.388963
1.364904
1.340241
1.330709
1.316939
1.309374
1.304834
1.304683
1.313913
1.320571
1.338728
1.359760
1.383667
1.414837
1.449789
1.482775
1.528622
1.576889
1.630453
1.691431
1.751501
1.799314
1.858779
1.922178
1.986031
2.044436
2.105717
2.151261
2.215870
2.271250
2.318458
2.361430
2.402284
2.436329
2.475064
2.507747
2.532865
2.554199
2.567363
2.576139
2.587790
2.593389
2.596415
2.598079
2.582948
2.569936
2.547239
2.520003
2.484445
2.448282
2.405462
2.370963
2.322846
2.271250
2.218442
2.157313
2.099211
2.052305
1.995412
1.932316
1.869976
1.811722
1.754678
1.705351
1.646794
1.592625
1.547686
1.504563
1.463104
1.430573
1.396680
1.368990
1.345991
1.330709
1.316183
1.308466
1.308466
1.305288
1.311795
1.322840
1.338879
1.354767
1.377614
1.406817
1.441013
1.482472
1.526806
1.564028
1.618499
1.677056
1.740455
1.800525
1.858477
1.907501
1.970446
2.035206
2.089678
2.145663
2.206640
2.259750
2.306505
2.351444
2.394113
2.435270
2.473702
2.498215
2.528477
2.545726
2.565850
2.577047
2.587034
2.591724
2.596264
2.590211
2.584915
2.572810
2.551022
2.528477
2.496550
2.457361
2.415599
2.369147
2.322998
2.282901
2.229337
2.172747
2.113434
2.053969
1.996925
1.945782
1.882686
1.823373
1.767388
1.708529
1.651334
1.608664
1.562666
1.520148
1.476874
1.436777
1.398344
1.377766
1.352497
1.333281
1.319058
1.309071
1.306045
1.306196
1.308769
1.315275
1.329952
1.349925
1.373529
1.400613
1.432842
1.473999
1.518030
1.568416
1.618197
1.665405
1.727442
1.787361
1.842740
1.906290
1.972715
2.020983
2.080297
2.138400
2.199529
2.256875
2.307261
2.342819
2.383976
2.424829
2.466893
2.496096
2.523483
2.540279
2.557226
2.576442
2.584461
2.593994
2.595658
2.594296
2.589152
2.575988
2.559041
2.529839
2.496550
2.469769
2.425737
2.382916
2.332984
2.285321
2.240534
2.179859
2.122210
2.065468
2.006004
1.943513
1.896607
1.837444
1.780552
1.725475
1.666918
1.613960
1.576284
1.526654
1.482169
1.439349
1.404548
1.377009
1.357339
1.336912
1.322386
1.312551
1.307709
1.310584
1.309525
1.315426
1.327834
1.345537
1.368687
1.399706
1.427849
1.466131
1.507589
1.553739
1.605638
1.662531
1.713068
1.774500
1.830030
1.890554
1.958795
2.019168
2.076211
2.122058
2.183036
2.243106
2.294400
2.341306
2.377167
2.416205
2.456604
2.492314
2.523332
2.544818
2.557679
2.571449
2.580073
2.590514
2.594902
2.595961
2.594750
2.577955
2.559495
2.535740
2.503510
2.467045
2.430882
2.386851
2.342063
2.297275
2.243409
2.187424
2.138097
2.079086
2.022496
1.960308
1.897061
1.838806
1.792657
1.740001
1.675997
1.622433
1.574166
1.527411
1.491248
1.454177
1.412870
1.380338
1.357188
1.334794
1.324656
1.313913
1.308920
1.306953
1.308315
1.312854
1.322840
1.341603
1.364753
1.393502
1.426487
1.463861
1.497603
1.544358
1.592323
1.646794
1.707772
1.769658
1.816866
1.877542
1.943059
2.006306
2.063199
2.122210
2.168056
2.232817
2.282749
2.330866
2.374746
2.414994
2.449947
2.486866
2.515161
2.540581
2.557982
2.570995
2.579922
2.588698
2.595658
2.591573
2.594902
2.577199
2.565245
2.541641
2.509714
2.475821
2.435118
2.393206
2.356740
2.313465
2.255967
2.199378
2.138097
2.080297
2.035509
1.976196
1.914764
1.856056
1.797499
1.739093
1.690977
1.632571
1.580672
1.536338
1.492610
1.451605
1.420738
1.390778
1.361878
1.341905
1.328590
1.318452
1.308315
1.307104
1.305288
1.312551
1.322992
1.340090
1.359003
1.383062
1.417409
1.451454
1.497300
1.541483
1.580369
1.634538
1.693246
1.757553
1.815202
1.877844
1.923691
1.991932
2.049127
2.109197
2.169116
2.231153
2.274276
2.320426
2.365213
2.406067
2.445559
2.479150
2.505477
2.531806
2.551173
2.567212
2.580678
2.590211
2.595053
2.596717
2.593843
2.587185
2.566002
2.542700
2.517885
2.484294
2.443440
2.405310
2.357497
2.308926
2.267921
2.211634
2.153228
2.092402
2.034601
1.987695
1.927474
1.866042
1.810511
1.752257
1.687043
1.634084
1.590356
1.544206
1.500175
1.459927
1.421797
1.395923
1.368687
1.345991
1.328287
1.315729
1.309979
1.308163
1.308769
1.313611
1.326321
1.338577
1.359155
1.381851
1.410146
1.443737
1.486406
1.530286
1.578554
1.620920
1.681747
1.744994
1.803097
1.864075
1.925204
1.989208
2.038384
2.094066
2.154136
2.213298
2.270190
2.309985
2.356891
2.401225
2.444500
2.481722
2.510925
2.530898
2.551022
2.565396
2.579166
2.589152
2.596264
2.595658
2.597777
2.586731
2.570541
2.545877
2.517128
2.495340
2.455091
2.415751
2.369147
2.325570
2.273368
2.224798
2.163668
2.104506
2.046857
1.989662
1.930651
1.880719
1.823675
1.770566
1.707621
1.646794
1.596560
1.559035
1.514852
1.473091
1.433145
1.399100
1.372924
1.351589
1.329498
1.318755
1.309374
1.306802
1.306650
1.311946
1.320873
1.334945
1.352497
1.376707
1.405909
1.435263
1.472486
1.519543
1.568567
1.623947
1.683714
1.734554
1.793262
1.850760
1.912494
1.977557
2.035358
2.091948
2.136433
2.197410
2.255060
2.307261
2.353108
2.389120
2.429217
2.468861
2.502149
2.528780
2.549660
2.561311
2.574021
2.586126
2.592178
2.596869
2.594902
2.591270
2.572810
2.555864
2.524089
2.496399
2.457966
2.425435
2.383522
2.332076
2.281993
2.227673
2.164122
2.117216
2.060929
2.002523
1.937611
1.881022
1.822011
1.778282
1.718515
1.658143
1.606849
1.559791
1.512583
1.479597
1.439046
1.404850
1.376253
1.352043
1.334340
1.322538
1.313762
1.305894
1.306953
1.309828
1.317696
1.328136
1.348260
1.372621
1.400613
1.434053
1.472788
1.510010
1.555555
1.608816
1.664951
1.728199
1.786302
1.835024
1.894034
1.962729
2.019621
2.076968
2.135676
2.186516
2.249461
2.302117
2.348115
2.390936
2.429066
2.454789
2.490649
2.520760
2.544818
2.562975
2.577047
2.582494
2.589152
2.594750
2.594599
2.588698
2.576745
2.557226
2.534075
2.501544
2.464019
2.426645
2.380949
2.345997
2.293795
2.238113
2.180312
2.121604
2.065166
2.019924
1.956677
1.896304
1.838201
1.781157
1.726232
1.674787
1.618953
1.566146
1.523931
1.484288
1.442829
1.413929
1.381397
1.355977
1.334643
1.320722
1.310282
1.305894
1.303775
1.304683
1.311795
1.329044
1.347050
1.364299
1.392292
1.424520
1.465828
1.510616
1.557522
1.595954
1.649669
1.710950
1.773440
1.833511
1.894337
1.946539
2.009484
2.066528
2.126295
2.189543
2.244165
2.283657
2.328899
2.371266
2.416659
2.464321
2.498366
2.520608
2.539825
2.557226
2.569936
2.582797
2.590363
2.595809
2.594750
2.591422
2.577199
2.564035
2.535286
2.511227
2.474610
2.433000
2.389423
2.342063
2.295459
2.254303
2.197562
2.133255
2.075152
2.017806
1.958644
1.910225
1.852878
1.794170
1.732890
1.672366
1.617289
1.577343
1.534674
1.492156
1.451756
1.413324
1.383969
1.363997
1.343872
1.327228
1.313157
1.305440
1.301354
1.305137
1.314972
1.326623
1.342511
1.364602
1.390324
1.413626
1.452967
1.496695
1.541331
1.594895
1.651636
1.699147
1.762092
1.818379
1.878752
1.938973
2.005852
2.056390
2.110407
2.169721
2.229337
2.283052
2.328445
2.365062
2.406975
2.446467
2.482176
2.515464
2.538917
2.551022
2.565094
2.579922
2.587336
2.596112
2.592935
2.588849
2.581133
2.566455
2.539220
2.510471
2.475670
2.443138
2.402284
2.356740
2.308321
2.253849
2.197713
2.147932
2.089980
2.032331
1.973321
1.913553
1.862713
1.805215
1.748323
1.688404
1.632571
1.582639
1.538003
1.502748
1.459776
1.422099
1.388055
1.361576
1.344780
1.325867
1.313005
1.306650
1.304986
1.306953
1.311946
1.321025
1.337215
1.358096
1.384272
1.416198
1.452059
1.488676
1.533615
1.584455
1.634841
1.695970
1.758461
1.808847
1.864075
1.927776
1.991780
2.051245
2.110256
2.155649
2.217535
2.272611
2.324511
2.367483
2.406067
2.436631
2.470979
2.504872
2.532865
2.547996
2.569936
2.577955
2.589001
2.597474
2.595809
2.593843
2.584764
2.570390
2.546634
2.521063
2.489741
2.447223
2.411514
2.369299
2.316946
2.266105
2.208305
2.145965
2.100421
2.044436
1.986182
1.925356
1.863319
1.808544
1.766026
1.703838
1.644373
1.589599
1.545871
1.499873
1.470065
1.429816
1.395923
1.368990
1.346596
1.328287
1.317847
1.309525
1.303321
1.305288
1.309676
1.319966
1.336307
1.352951
1.379733
1.411205
1.446612
1.492761
1.534825
1.572501
1.623947
1.679780
1.745600
1.800071
1.860292
1.912494
1.978617
2.039746
2.096638
2.158070
2.218897
2.264744
2.313919
2.361430
2.396534
2.436026
2.467953
2.500636
2.526661
2.547844
2.564640
2.577955
2.588244
2.593843
2.594448
2.594902
2.584613
2.569482
2.557528
2.524997
2.491406
2.453881
2.410909
2.366272
2.328445
2.278664
2.223587
2.164274
2.104809
2.045344
1.998892
1.938671
1.879206
1.818531
1.762244
1.703687
1.656932
1.605033
1.557219
1.514852
1.471880
1.431178
1.403034
1.374588
1.352194
1.335096
1.319814
1.309525
1.305742
1.305742
1.308315
1.320571
1.334491
1.353708
1.372773
1.400160
1.437987
1.480505
1.522720
1.569626
1.607151
1.666616
1.730469
1.791295
1.851970
1.909014
1.961367
2.024463
2.079691
2.140821
2.202252
2.260204
2.299242
2.348720
2.389877
2.429974
2.465683
2.498820
2.516826
2.545877
2.562975
2.578712
2.584461
2.595809
2.593237
2.594145
2.587639
2.577350
2.554653
2.527872
2.500787
2.465078
2.423165
2.376108
2.332076
2.284716
2.235541
2.175017
2.117216
2.064712
2.002523
1.943059
1.893883
1.834418
1.776164
1.718969
1.658294
1.605789
1.567357
1.521359
1.478538
1.437836
1.404245
1.374740
1.355221
1.337971
1.322840
1.313005
1.308012
1.307861
1.308466
1.316031
1.329044
1.347806
1.371562
1.397436
1.425580
1.463407
1.508195
1.556765
1.609572
1.665557
1.716851
1.775559
1.833662
1.896455
1.962426
2.028700
2.071672
2.132499
2.191358
2.250823
2.305900
2.346451
2.382009
2.424376
2.461295
2.494735
2.522878
2.542397
2.555864
2.569482
2.584764
2.594145
2.594448
2.595961
2.589909
2.580225
2.559495
2.533167
2.502149
2.465834
2.428915
2.388061
2.340550
2.292433
2.235087
2.189240
2.128565
2.071672
2.013418
1.952289
1.893732
1.845161
1.790841
1.733192
1.673879
1.620013
1.574620
1.534069
1.490643
1.448881
1.413777
1.382759
1.359457
1.338577
1.327228
1.313308
1.309979
1.307861
1.309828
1.315124
1.327077
1.340998
1.368687
1.395318
1.426941
1.467492
1.502899
1.547838
1.598829
1.655873
1.715791
1.762546
1.821406
1.882081
1.947447
2.012056
2.069554
2.126749
2.175319
2.236902
2.290466
2.337221
2.380042
2.411514
2.449190
2.486715
2.513951
2.538009
2.554048
2.568725
2.581133
2.590060
2.592481
2.595053
2.588698
2.580981
2.561916
2.540884
2.508050
2.474610
2.433757
2.398199
2.352049
2.303479
2.248705
2.194233
2.135979
2.089073
2.030667
1.971808
1.908409
1.849095
1.793716
1.747566
1.685530
1.629091
1.578856
1.534674
1.490038
1.460230
1.419678
1.390778
1.362332
1.341905
1.325413
1.317091
1.307407
1.307104
1.308315
1.312854
1.324353
1.341149
1.359457
1.386996
1.417863
1.455842
1.500175
1.540424
1.587632
1.642558
1.699904
1.764665
1.821103
1.869371
1.933223
1.998741
2.056238
2.116762
2.171385
2.223284
2.279118
2.325721
2.368996
2.410758
2.453730
2.479755
2.511530
2.536345
2.553594
2.571146
2.581284
2.588547
2.593389
2.595356
2.592027
2.582041
2.564035
2.543910
2.515464
2.478998
2.439204
2.396686
2.351293
2.313163
2.261112
2.202252
2.142788
2.083172
2.027490
1.981340
1.919454
1.859990
1.801735
1.748020
1.686437
1.643012
1.590810
1.543904
1.500024
1.456598
1.418619
1.393199
1.367628
1.345688
1.328287
1.320571
1.310433
1.308920
1.308769
1.313762
1.325867
1.340392
1.362030
1.380338
1.412567
1.450092
1.491853
1.539364
1.584152
1.629091
1.688253
1.749231
1.812024
1.872397
1.936401
1.986787
2.047311
2.103296
2.159432
2.218897
2.273671
2.311801
2.358858
2.400014
2.440112
2.477788
2.505024
2.533924
2.554502
2.570087
2.578863
2.588395
2.595204
2.594145
2.594296
2.581586
2.565699
2.543607
2.522575
2.490952
2.451157
2.407580
2.362338
2.314676
2.273217
2.216022
2.157313
2.102539
2.041410
1.983912
1.931257
1.871792
1.814748
1.761336
1.700963
1.641347
1.602612
1.554798
1.510010
1.467795
1.429060
1.394864
1.373227
1.353254
1.332676
1.317696
1.310736
1.307407
1.307861
1.311190
1.318755
1.338123
1.354918
1.382456
1.403488
1.439046
1.479900
1.525747
1.574014
1.627275
1.672214
1.738639
1.795834
1.857720
1.918395
1.984972
2.032634
2.092704
2.144755
2.205430
2.260961
2.310137
2.345845
2.388969
2.430428
2.471584
2.502754
2.527872
2.545272
2.563581
2.577501
2.589606
2.594750
2.595961
2.595658
2.587185
2.575080
2.551173
2.523937
2.491557
2.460387
2.419080
2.373081
2.324965
2.274881
2.217383
2.168964
2.112828
2.056238
1.998438
1.936401
1.873456
1.833662
1.772381
1.714430
1.655419
1.602461
1.554041
1.523326
1.481110
1.446309
1.411659
1.383969
1.363391
1.350379
1.339182
1.330709
1.326623
1.325867
1.332978
1.335550
1.351287
1.373983
1.400462
1.432389
1.470821
1.500024
1.544358
1.591718
1.644525
1.702476
1.760277
1.799920
1.858779
1.911889
1.968781
2.019924
2.068041
2.104506
2.148235
2.186062
2.224344
2.256270
2.283808
2.299393
2.317399
2.329504
2.341155
2.344786
2.352049
2.351898
2.350990
2.339339
2.320426
2.303933
2.286683
2.263381
2.236448
2.210575
2.183641
2.149597
2.128413
2.102085
2.078178
2.053666
2.036417
2.017654
2.002826
1.982702
1.967420
1.952289
1.938368
1.925809
1.920816
1.909014
1.904172
1.900995
1.897817
1.898422
1.899028
1.896001
1.897363
1.897363
1.898271
1.901146
1.904626
1.909619
1.917790
1.920211
1.927171
1.928533
1.934131
1.933375
1.936855
1.938822
1.941243
1.940487
1.945631
1.946236
1.948203
1.949414
1.951381
1.951532
