-0.00001509
0.00000016
0.00001252
0.00002009
0.00002179
0.00001776
0.00000929
-0.00000133
-0.00001139
-0.00001834
-0.00002037
-0.00001689
-0.00000865
0.00000241
0.00001359
0.00002210
0.00002571
0.00002335
0.00001541
0.00000368
-0.00000899
-0.00001938
-0.00002467
-0.00002314
-0.00001470
-0.00000098
0.00001496
0.00002927
0.00003826
0.00003931
0.00003167
0.00001679
-0.00000176
-0.00001900
-0.00002960
-0.00002932
-0.00001626
0.00000805
0.00003817
0.00006492
0.00007628
0.00005893
0.00000008
-0.00011054
-0.00027906
-0.00050630
-0.00078745
-0.00111247
-0.00146733
-0.00183569
-0.00220087
-0.00254774
-0.00286417
-0.00314196
-0.00337703
-0.00356889
-0.00371969
-0.00383291
-0.00391199
-0.00395928
-0.00397529
-0.00395848
-0.00390554
-0.00381206
-0.00367337
-0.00348545
-0.00324575
-0.00295361
-0.00261050
-0.00221984
-0.00178667
-0.00131714
-0.00081800
-0.00029626
0.00024113
0.00078733
0.00133561
0.00187926
0.00241158
0.00292594
0.00341590
0.00387555
0.00429981
0.00468475
0.00502779
0.00532775
0.00558461
0.00579922
0.00597273
0.00610608
0.00619950
0.00625221
0.00626234
0.00622714
0.00614341
0.00600805
0.00581875
0.00557452
0.00527605
0.00492587
0.00452819
0.00408851
0.00361306
0.00310823
0.00258002
0.00203367
0.00147353
0.00090313
0.00032552
-0.00025636
-0.00083919
-0.00141896
-0.00199075
-0.00254876
-0.00308659
-0.00359765
-0.00407565
-0.00451518
-0.00491209
-0.00526370
-0.00556887
-0.00582773
-0.00604129
-0.00621097
-0.00633802
-0.00642315
-0.00646620
-0.00646607
-0.00642086
-0.00632819
-0.00618560
-0.00599107
-0.00574341
-0.00544258
-0.00508992
-0.00468810
-0.00424099
-0.00375343
-0.00323091
-0.00267928
-0.00210450
-0.00151250
-0.00090910
-0.00030006
0.00030890
0.00091203
0.00150349
0.00207751
0.00262843
0.00315100
0.00364063
0.00409363
0.00450740
0.00488051
0.00521265
0.00550434
0.00575661
0.00597051
0.00614669
0.00628499
0.00638418
0.00644195
0.00645507
0.00641981
0.00633247
0.00619001
0.00599061
0.00573418
0.00542251
0.00505933
0.00464993
0.00420074
0.00371863
0.00321028
0.00268161
0.00213745
0.00158140
0.00101602
0.00044322
-0.00013515
-0.00071675
-0.00129825
-0.00187502
-0.00244113
-0.00298959
-0.00351286
-0.00400355
-0.00445511
-0.00486245
-0.00522231
-0.00553341
-0.00579620
-0.00601239
-0.00618429
-0.00631408
-0.00640317
-0.00645173
-0.00645863
-0.00642149
-0.00633722
-0.00620258
-0.00601491
-0.00577275
-0.00547626
-0.00512741
-0.00472988
-0.00428865
-0.00380955
-0.00329863
-0.00276169
-0.00220393
-0.00162988
-0.00104351
-0.00044856
0.00015107
0.00075091
0.00134569
0.00192930
0.00249497
0.00303569
0.00354482
0.00401666
0.00444699
0.00483338
0.00517522
0.00547346
0.00573007
0.00594739
0.00612732
0.00627073
0.00637699
0.00644391
0.00646792
0.00644460
0.00636941
0.00623848
0.00604935
0.00580151
0.00549666
0.00513859
0.00473286
0.00428616
0.00380558
0.00329796
0.00276929
0.00222443
0.00166705
0.00109984
0.00052496
-0.00005546
-0.00063876
-0.00122139
-0.00179868
-0.00236486
-0.00291332
-0.00343711
-0.00392941
-0.00438418
-0.00479654
-0.00516316
-0.00548227
-0.00575358
-0.00597795
-0.00615688
-0.00629208
-0.00638493
-0.00643616
-0.00644559
-0.00641218
-0.00633414
-0.00620927
-0.00603535
-0.00581057
-0.00553393
-0.00520556
-0.00482688
-0.00440064
-0.00393088
-0.00342266
-0.00288182
-0.00231470
-0.00172785
-0.00112779
-0.00052084
0.00008697
0.00068994
0.00128268
0.00186012
0.00241746
0.00295024
0.00345434
0.00392609
0.00436233
0.00476051
0.00511874
0.00543575
0.00571079
0.00594350
0.00613370
0.00628113
0.00638529
0.00644529
0.00645982
0.00642720
0.00634563
0.00621345
0.00602949
0.00579339
0.00550588
0.00516895
0.00478577
0.00436064
0.00389863
0.00340523
0.00288597
0.00234606
0.00179018
0.00122237
0.00064614
0.00006469
-0.00051882
-0.00110089
-0.00167740
-0.00224351
-0.00279363
-0.00332162
-0.00382113
-0.00428606
-0.00471102
-0.00509175
-0.00542537
-0.00571048
-0.00594704
-0.00613603
-0.00627906
-0.00637783
-0.00643371
-0.00644736
-0.00641855
-0.00634622
-0.00622865
-0.00606382
-0.00584985
-0.00558544
-0.00527025
-0.00490513
-0.00449224
-0.00403499
-0.00353791
-0.00300636
-0.00244625
-0.00186385
-0.00126555
-0.00065770
-0.00004659
0.00056159
0.00116082
0.00174527
0.00230940
0.00284809
0.00335680
0.00383174
0.00427001
0.00466961
0.00502942
0.00534905
0.00562857
0.00586823
0.00606811
0.00622787
0.00634658
0.00642266
0.00645397
0.00643807
0.00637252
0.00625526
0.00608494
0.00586124
0.00558500
0.00525825
0.00488411
0.00446657
0.00401020
0.00351990
0.00300057
0.00245700
0.00189377
0.00131528
0.00072585
0.00012990
-0.00046792
-0.00106261
-0.00164877
-0.00222069
-0.00277247
-0.00329831
-0.00379274
-0.00425097
-0.00466908
-0.00504420
-0.00537459
-0.00565950
-0.00589902
-0.00609383
-0.00624482
-0.00635280
-0.00641825
-0.00644109
-0.00642065
-0.00635572
-0.00624471
-0.00608593
-0.00587790
-0.00561967
-0.00531111
-0.00495311
-0.00454770
-0.00409806
-0.00360841
-0.00308381
-0.00253002
-0.00195316
-0.00135958
-0.00075563
-0.00014757
0.00045854
0.00105686
0.00164180
0.00220808
0.00275079
0.00326546
0.00374817
0.00419569
0.00460554
0.00497601
0.00530614
0.00559552
0.00584413
0.00605202
0.00621901
0.00634450
0.00642725
0.00646540
0.00645656
0.00639813
0.00628763
0.00612319
0.00590393
0.00563026
0.00530411
0.00492884
0.00450908
0.00405033
0.00355855
0.00303963
0.00249906
0.00194164
0.00137142
0.00079186
0.00020605
-0.00038285
-0.00097126
-0.00155487
-0.00212853
-0.00268623
-0.00322145
-0.00372754
-0.00419824
-0.00462821
-0.00501346
-0.00535157
-0.00564169
-0.00588435
-0.00608102
-0.00623358
-0.00634372
-0.00641255
-0.00644020
-0.00642578
-0.00636749
-0.00626302
-0.00610996
-0.00590638
-0.00565126
-0.00534480
-0.00498861
-0.00458563
-0.00413990
-0.00365622
-0.00313981
-0.00259597
-0.00202985
-0.00144641
-0.00085048
-0.00024688
0.00035931
0.00096260
0.00155705
0.00213631
0.00269384
0.00322332
0.00371902
0.00417628
0.00459179
0.00496377
0.00529191
0.00557709
0.00582094
0.00602521
0.00619128
0.00631957
0.00640932
0.00645846
0.00646385
0.00642171
0.00632820
0.00618012
0.00597546
0.00571393
0.00539715
0.00502861
0.00461341
0.00415773
0.00366826
0.00315158
0.00261368
0.00205958
0.00149331
0.00091799
0.00033623
-0.00024947
-0.00083620
-0.00142026
-0.00199691
-0.00256041
-0.00310414
-0.00362112
-0.00410447
-0.00454804
-0.00494692
-0.00529780
-0.00559909
-0.00585087
-0.00605451
-0.00621221
-0.00632636
-0.00639902
-0.00643142
-0.00642372
-0.00637492
-0.00628309
-0.00614569
-0.00596012
-0.00572422
-0.00543678
-0.00509785
-0.00470895
-0.00427305
-0.00379440
-0.00327820
-0.00273030
-0.00215687
-0.00156410
-0.00095810
-0.00034487
0.00026969
0.00087966
0.00147903
0.00206172
0.00262168
0.00315309
0.00365067
0.00411001
0.00452786
0.00490235
0.00523297
0.00552043
0.00576631
0.00597255
0.00614088
0.00627231
0.00636672
0.00642268
0.00643748
0.00640748
0.00632865
0.00619719
0.00601021
0.00576634
0.00546603
0.00511176
0.00470779
0.00425984
0.00377448
0.00325855
0.00271857
0.00216037
0.00158884
0.00100803
0.00042136
-0.00016798
-0.00075662
-0.00134064
-0.00191537
-0.00247536
-0.00301462
-0.00352698
-0.00400656
-0.00444829
-0.00484830
-0.00520411
-0.00551471
-0.00578025
-0.00600171
-0.00618033
-0.00631713
-0.00641249
-0.00646585
-0.00647572
-0.00643983
-0.00635553
-0.00622025
-0.00603200
-0.00578985
-0.00549418
-0.00514683
-0.00475097
-0.00431094
-0.00383182
-0.00331912
-0.00277846
-0.00221528
-0.00163485
-0.00104221
-0.00044233
0.00015973
0.00075868
0.00134898
0.00192485
0.00248051
0.00301039
0.00350952
0.00397383
0.00440034
0.00478728
0.00513400
0.00544074
0.00570822
0.00593720
0.00612804
0.00628031
0.00639263
0.00646262
0.00648714
0.00646263
0.00638560
0.00625325
0.00606387
0.00581727
0.00551498
0.00516018
0.00475753
0.00431276
0.00383216
0.00332213
0.00278869
0.00223722
0.00167226
0.00109762
0.00051657
-0.00006788
-0.00065256
-0.00123383
-0.00180740
-0.00236820
-0.00291051
-0.00342825
-0.00391537
-0.00436625
-0.00477620
-0.00514177
-0.00546091
-0.00573297
-0.00595847
-0.00613875
-0.00627545
-0.00637007
-0.00642346
-0.00643558
-0.00640539
-0.00633094
-0.00620970
-0.00603903
-0.00581667
-0.00554127
-0.00521283
-0.00483288
-0.00440456
-0.00393249
-0.00342240
-0.00288077
-0.00231434
-0.00172979
-0.00113343
-0.00053107
0.00007193
0.00067059
0.00126009
0.00183564
0.00239235
0.00292531
0.00342971
0.00390105
0.00433550
0.00473012
0.00508305
0.00539357
0.00566193
0.00588905
0.00607607
0.00622387
0.00633266
0.00640163
0.00642892
0.00641170
0.00634658
0.00623012
0.00605950
0.00583306
0.00555076
0.00521443
0.00482773
0.00439584
0.00392500
0.00342191
0.00289314
0.00234461
0.00178138
0.00120755
0.00062644
0.00004102
-0.00054573
-0.00113029
-0.00170838
-0.00227479
-0.00282353
-0.00334813
-0.00384220
-0.00429988
-0.00471642
-0.00508849
-0.00541433
-0.00569362
-0.00592717
-0.00611640
-0.00626281
-0.00636742
-0.00643048
-0.00645121
-0.00642794
-0.00635837
-0.00623999
-0.00607063
-0.00584888
-0.00557449
-0.00524856
-0.00487354
-0.00445304
-0.00399159
-0.00349426
-0.00296631
-0.00241305
-0.00183960
-0.00125100
-0.00065224
-0.00004845
0.00055500
0.00115246
0.00173797
0.00230551
0.00284926
0.00336385
0.00384476
0.00428850
0.00469273
0.00505621
0.00537861
0.00566017
0.00590128
0.00610214
0.00626240
0.00638100
0.00645615
0.00648553
0.00646654
0.00639671
0.00627411
0.00609773
0.00586768
0.00558536
0.00525336
0.00487530
0.00445553
0.00399885
0.00351016
0.00299425
0.00245567
0.00189865
0.00132725
0.00074545
0.00015733
-0.00043275
-0.00102008
-0.00159953
-0.00216569
-0.00271298
-0.00323591
-0.00372932
-0.00418864
-0.00461009
-0.00499082
-0.00532889
-0.00562325
-0.00587352
-0.00607979
-0.00624229
-0.00636121
-0.00643642
-0.00646735
-0.00645296
-0.00639181
-0.00628226
-0.00612269
-0.00591186
-0.00564915
-0.00533489
-0.00497051
-0.00455864
-0.00410307
-0.00360859
-0.00308081
-0.00252582
-0.00194996
-0.00135951
-0.00076053
-0.00015875
0.00044046
0.00103208
0.00161130
0.00217349
0.00271417
0.00322899
0.00371383
0.00416493
0.00457910
0.00495380
0.00528730
0.00557864
0.00582754
0.00603419
0.00619895
0.00632198
0.00640303
0.00644115
0.00643472
0.00638149
0.00627892
0.00612459
0.00591664
0.00565428
0.00533812
0.00497041
0.00455498
0.00409706
0.00360283
0.00307901
0.00253223
0.00196866
0.00139367
0.00081176
0.00022661
-0.00035858
-0.00094077
-0.00151664
-0.00208233
-0.00263322
-0.00316398
-0.00366881
-0.00414183
-0.00457751
-0.00497120
-0.00531946
-0.00562028
-0.00587305
-0.00607832
-0.00623740
-0.00635189
-0.00642314
-0.00645184
-0.00643784
-0.00638007
-0.00627678
-0.00612589
-0.00592546
-0.00567420
-0.00537185
-0.00501947
-0.00461949
-0.00417561
-0.00369258
-0.00317578
-0.00263093
-0.00206376
-0.00147980
-0.00088437
-0.00028259
0.00032046
0.00091958
0.00150938
0.00208421
0.00263835
0.00316616
0.00366247
0.00412288
0.00454403
0.00492382
0.00526130
0.00555659
0.00581042
0.00602374
0.00619720
0.00633074
0.00642334
0.00647298
0.00647681
0.00643157
0.00633406
0.00618180
0.00597351
0.00570951
0.00539185
0.00502424
0.00461176
0.00416033
0.00367616
0.00316523
0.00263285
0.00208343
0.00152051
0.00094696
0.00036539
-0.00022143
-0.00081012
-0.00139635
-0.00197475
-0.00253897
-0.00308208
-0.00359696
-0.00407696
-0.00451640
-0.00491105
-0.00525834
-0.00555741
-0.00580885
-0.00601427
-0.00617578
-0.00629538
-0.00637446
-0.00641345
-0.00641169
-0.00636749
-0.00627845
-0.00614186
-0.00595525
-0.00571683
-0.00542596
-0.00508331
-0.00469103
-0.00425257
-0.00377254
-0.00325632
-0.00270981
-0.00213911
-0.00155034
-0.00094951
-0.00034250
0.00026489
0.00086691
0.00145781
0.00203195
0.00258382
0.00310830
0.00360086
0.00405778
0.00447634
0.00485488
0.00519273
0.00549003
0.00574741
0.00596560
0.00614505
0.00628560
0.00638623
0.00644507
0.00645948
0.00642640
0.00634275
0.00620591
0.00601418
0.00576715
0.00546588
0.00511297
0.00471237
0.00426906
0.00378872
0.00327725
0.00274043
0.00218365
0.00161182
0.00102937
0.00044039
-0.00015109
-0.00074095
-0.00132473
-0.00189753
-0.00245410
-0.00298897
-0.00349669
-0.00397217
-0.00441098
-0.00480961
-0.00516559
-0.00547750
-0.00574484
-0.00596778
-0.00614684
-0.00628259
-0.00637533
-0.00642492
-0.00643071
-0.00639160
-0.00630619
-0.00617303
-0.00599091
-0.00575912
-0.00547764
-0.00514730
-0.00476981
-0.00434777
-0.00388454
-0.00338419
-0.00285133
-0.00229109
-0.00170897
-0.00111087
-0.00050300
0.00010816
0.00071598
0.00131383
0.00189526
0.00245428
0.00298556
0.00348470
0.00394838
0.00437436
0.00476151
0.00510951
0.00541864
0.00568939
0.00592207
0.00611650
0.00627175
0.00638610
0.00645704
0.00648153
0.00645635
0.00637854
0.00624580
0.00605695
0.00581214
0.00551304
0.00516278
0.00476575
0.00432724
0.00385309
0.00334919
0.00282119
0.00227417
0.00171252
0.00114003
0.00056000
-0.00002443
-0.00061003
-0.00119310
-0.00176931
-0.00233360
-0.00288027
-0.00340319
-0.00389614
-0.00435332
-0.00476968
-0.00514136
-0.00546589
-0.00574225
-0.00597071
-0.00615254
-0.00628954
-0.00638352
-0.00643586
-0.00644710
-0.00641678
-0.00634341
-0.00622473
-0.00605811
-0.00584104
-0.00557171
-0.00524950
-0.00487531
-0.00445173
-0.00398296
-0.00347459
-0.00293315
-0.00236569
-0.00177924
-0.00118049
-0.00057555
0.00003016
0.00063179
0.00122487
0.00180508
0.00236802
0.00290909
0.00342353
0.00390652
0.00435349
0.00476045
0.00512429
0.00544301
0.00571580
0.00594293
0.00612545
0.00626478
0.00636220
0.00641844
0.00643335
0.00640574
0.00633355
0.00621416
0.00604488
0.00582361
0.00554932
0.00522256
0.00484561
0.00442252
0.00395874
0.00346066
0.00293503
0.00238833
0.00182634
0.00125384
0.00067461
0.00009166
-0.00049238
-0.00107474
-0.00165204
-0.00221994
-0.00277306
-0.00330505
-0.00380904
-0.00427818
-0.00470629
-0.00508846
-0.00542151
-0.00570414
-0.00593686
-0.00612157
-0.00626102
-0.00635801
-0.00641480
-0.00643252
-0.00641088
-0.00634818
-0.00624161
-0.00608777
-0.00588336
-0.00562587
-0.00531420
-0.00494900
-0.00453291
-0.00407038
-0.00356733
-0.00303066
-0.00246772
-0.00188574
-0.00129149
-0.00069101
-0.00008965
0.00050791
0.00109736
0.00167455
0.00223532
0.00277535
0.00329023
0.00377560
0.00422736
0.00464194
0.00501654
0.00534922
0.00563888
0.00588518
0.00608821
0.00624820
0.00636520
0.00643876
0.00646788
0.00645096
0.00638601
0.00627096
0.00610402
0.00588415
0.00561134
0.00528686
0.00491332
0.00449460
0.00403554
0.00354168
0.00301884
0.00247276
0.00190889
0.00133221
0.00074725
0.00015819
-0.00043093
-0.00101602
-0.00159270
-0.00215628
-0.00270170
-0.00322370
-0.00371705
-0.00417684
-0.00459879
-0.00497952
-0.00531668
-0.00560902
-0.00585622
-0.00605867
-0.00621714
-0.00633241
-0.00640496
-0.00643468
-0.00642084
-0.00636206
-0.00625657
-0.00610250
-0.00589821
-0.00564274
-0.00533610
-0.00497945
-0.00457524
-0.00412710
-0.00363969
-0.00311840
-0.00256906
-0.00199767
-0.00141015
-0.00081223
-0.00020941
0.00039301
0.00098984
0.00157595
0.00214616
0.00269533
0.00321847
0.00371088
0.00416842
0.00458773
0.00496636
0.00530285
0.00559665
0.00584792
0.00605719
0.00622499
0.00635146
0.00643610
0.00647754
0.00647367
0.00642180
0.00631908
0.00616300
0.00595193
0.00568552
0.00536507
0.00499356
0.00457554
0.00411677
0.00362371
0.00310301
0.00256091
0.00200291
0.00143357
0.00085650
0.00027465
-0.00030931
-0.00089254
-0.00147160
-0.00204212
-0.00259878
-0.00313541
-0.00364535
-0.00412200
-0.00455936
-0.00495263
-0.00529856
-0.00559564
-0.00584402
-0.00604516
-0.00620131
-0.00631490
-0.00638792
-0.00642141
-0.00641519
-0.00636786
-0.00627697
-0.00613949
-0.00595239
-0.00571323
-0.00542071
-0.00507505
-0.00467818
-0.00423369
-0.00374661
-0.00322303
-0.00266964
-0.00209335
-0.00150093
-0.00089879
-0.00029286
0.00031132
0.00090857
0.00149394
0.00206259
0.00260985
0.00313121
0.00362251
0.00408010
0.00450101
0.00488309
0.00522497
0.00552603
0.00578617
0.00600547
0.00618395
0.00632122
0.00641627
0.00646747
0.00647257
0.00642901
0.00633427
0.00618627
0.00598380
0.00572688
0.00541690
0.00505673
0.00465051
0.00420339
0.00372111
0.00320959
0.00267455
0.00212119
0.00155407
0.00097712
0.00039381
-0.00019259
-0.00077869
-0.00136068
-0.00193412
-0.00249389
-0.00303424
-0.00354906
-0.00403225
-0.00447813
-0.00488186
-0.00523980
-0.00554969
-0.00581073
-0.00602337
-0.00618901
-0.00630954
-0.00638689
-0.00642253
-0.00641717
-0.00637051
-0.00628132
-0.00614762
-0.00596704
-0.00573731
-0.00545680
-0.00512490
-0.00474244
-0.00431182
-0.00383699
-0.00332327
-0.00277701
-0.00220517
-0.00161491
-0.00101323
-0.00040670
0.00019870
0.00079758
0.00138503
0.00195655
0.00250786
0.00303484
0.00353353
0.00400016
0.00443132
0.00482410
0.00517626
0.00548629
0.00575342
0.00597743
0.00615848
0.00629678
0.00639226
0.00644440
0.00645202
0.00641339
0.00632638
0.00618883
0.00599894
0.00575579
0.00545966
0.00511225
0.00471681
0.00427790
0.00380109
0.00329254
0.00275847
0.00220475
0.00163663
0.00105859
0.00047444
-0.00011242
-0.00069867
-0.00128071
-0.00185431
-0.00241454
-0.00295576
-0.00347189
-0.00395681
-0.00440486
-0.00481130
-0.00517269
-0.00548712
-0.00575412
-0.00597447
-0.00614970
-0.00628161
-0.00637170
-0.00642074
-0.00642853
-0.00639387
-0.00631473
-0.00618867
-0.00601333
-0.00578691
-0.00550865
-0.00517909
-0.00480018
-0.00437519
-0.00390847
-0.00340510
-0.00287059
-0.00231054
-0.00173049
-0.00113589
-0.00053211
0.00007539
0.00068092
0.00127856
0.00186212
0.00242534
0.00296222
0.00346733
0.00393620
0.00436562
0.00475378
0.00510023
0.00540560
0.00567118
0.00589840
0.00608826
0.00624086
0.00635513
0.00642881
0.00645858
0.00644058
0.00637092
0.00624639
0.00606499
0.00582638
0.00553207
0.00518540
0.00479115
0.00435516
0.00388368
0.00338286
0.00285831
0.00231480
0.00175628
0.00118599
0.00060685
0.00002185
-0.00056555
-0.00115116
-0.00172985
-0.00229573
-0.00284234
-0.00336312
-0.00385190
-0.00430337
-0.00471346
-0.00507958
-0.00540058
-0.00567656
-0.00590849
-0.00609773
-0.00624553
-0.00635260
-0.00641878
-0.00644298
-0.00642328
-0.00635716
-0.00624196
-0.00607533
-0.00585571
-0.00558264
-0.00525701
-0.00488113
-0.00445855
-0.00399387
-0.00349238
-0.00295971
-0.00240157
-0.00182353
-0.00123094
-0.00062893
-0.00002258
0.00058296
0.00118231
0.00176984
0.00233967
0.00288587
0.00340270
0.00388498
0.00432843
0.00472996
0.00508780
0.00540151
0.00567175
0.00589993
0.00608766
0.00623630
0.00634640
0.00641742
0.00644762
0.00643414
0.00637341
0.00626168
0.00609570
0.00587335
0.00559418
0.00525970
0.00487347
0.00444083
0.00396842
0.00346357
0.00293358
0.00238513
0.00182382
0.00125400
0.00067886
0.00010077
-0.00047825
-0.00105587
-0.00162904
-0.00219355
-0.00274401
-0.00327400
-0.00377654
-0.00424468
-0.00467218
-0.00505417
-0.00538755
-0.00567116
-0.00590562
-0.00609295
-0.00623589
-0.00633719
-0.00639889
-0.00642185
-0.00640545
-0.00634766
-0.00624537
-0.00609501
-0.00589322
-0.00563759
-0.00532721
-0.00496309
-0.00454815
-0.00408714
-0.00358611
-0.00305197
-0.00249181
-0.00191250
-0.00132030
-0.00072077
-0.00011882
0.00048103
0.00107439
0.00165670
0.00222307
0.00276827
0.00328692
0.00377378
0.00422417
0.00463438
0.00500197
0.00532586
0.00560624
0.00584427
0.00604155
0.00619957
0.00631911
0.00639990
0.00644036
0.00643771
0.00638832
0.00628829
0.00613412
0.00592342
0.00565546
0.00533151
0.00495490
0.00453079
0.00406567
0.00356672
0.00304112
0.00249549
0.00193542
0.00136536
0.00078867
0.00020803
-0.00037417
-0.00095522
-0.00153173
-0.00209930
-0.00265253
-0.00318521
-0.00369076
-0.00416277
-0.00459561
-0.00498487
-0.00532773
-0.00562296
-0.00587080
-0.00607250
-0.00622980
-0.00634433
-0.00641715
-0.00644835
-0.00643699
-0.00638122
-0.00627862
-0.00612671
-0.00592349
-0.00566791
-0.00536023
-0.00500218
-0.00459686
-0.00414854
-0.00366226
-0.00314347
-0.00259763
-0.00202998
-0.00144550
-0.00084895
-0.00024505
0.00036124
0.00096456
0.00155899
0.00213820
0.00269558
0.00322473
0.00371983
0.00417620
0.00459061
0.00496146
0.00528873
0.00557363
0.00581811
0.00602417
0.00619319
0.00632544
0.00641968
0.00647316
0.00648190
0.00644127
0.00634669
0.00619448
0.00598258
0.00571106
0.00538233
0.00500106
0.00457367
0.00410772
0.00361108
0.00309113
0.00255416
0.00200503
0.00144707
0.00088238
0.00031233
-0.00026181
-0.00083822
-0.00141396
-0.00198473
-0.00254479
-0.00308726
-0.00360466
-0.00408952
-0.00453511
-0.00493603
-0.00528863
-0.00559111
-0.00584347
-0.00604707
-0.00620411
-0.00631704
-0.00638796
-0.00641818
-0.00640800
-0.00635661
-0.00626237
-0.00612307
-0.00593644
-0.00570057
-0.00541433
-0.00507765
-0.00469171
-0.00425896
-0.00378300
-0.00326846
-0.00272077
-0.00214596
-0.00155053
-0.00094122
-0.00032495
0.00029134
0.00090080
0.00149684
0.00207330
0.00262468
0.00314631
0.00363452
0.00408667
0.00450120
0.00487740
0.00521524
0.00551500
0.00577694
0.00600096
0.00618631
0.00633150
0.00643429
0.00649184
0.00650105
0.00645888
0.00636284
0.00621136
0.00600404
0.00574191
0.00542733
0.00506395
0.00465635
0.00420975
0.00372958
0.00322119
0.00268953
0.00213907
0.00157376
0.00099718
0.00041273
-0.00017608
-0.00076539
-0.00135082
-0.00192731
-0.00248926
-0.00303065
-0.00354532
-0.00402739
-0.00447160
-0.00487367
-0.00523055
-0.00554050
-0.00580307
-0.00601882
-0.00618904
-0.00631531
-0.00639903
-0.00644105
-0.00644145
-0.00639940
-0.00631326
-0.00618080
-0.00599967
-0.00576777
-0.00548379
-0.00514757
-0.00476040
-0.00432512
-0.00384601
-0.00332866
-0.00277951
-0.00220553
-0.00161381
-0.00101119
-0.00040410
0.00020160
0.00080060
0.00138804
0.00195938
0.00251032
0.00303668
0.00353448
0.00399996
0.00442980
0.00482122
0.00517212
0.00548118
0.00574777
0.00597182
0.00615354
0.00629315
0.00639052
0.00644499
0.00645526
0.00641939
0.00633509
0.00620002
0.00601226
0.00577077
0.00547576
0.00512895
0.00473362
0.00429443
0.00381716
0.00330817
0.00277399
0.00222081
0.00165415
0.00107871
0.00049837
-0.00008355
-0.00066402
-0.00123992
-0.00180766
-0.00236301
-0.00290101
-0.00341615
-0.00390262
-0.00435476
-0.00476750
-0.00513677
-0.00545978
-0.00573512
-0.00596265
-0.00614322
-0.00627826
-0.00636932
-0.00641760
-0.00642364
-0.00638714
-0.00630700
-0.00618152
-0.00600874
-0.00578688
-0.00551479
-0.00519228
-0.00482037
-0.00440139
-0.00393892
-0.00343760
-0.00290287
-0.00234068
-0.00175725
-0.00115885
-0.00055171
0.00005804
0.00066441
0.00126146
0.00184342
0.00240469
0.00294002
0.00344468
0.00391466
0.00434687
0.00473926
0.00509079
0.00540132
0.00567133
0.00590162
0.00609282
0.00624509
0.00635778
0.00642933
0.00645729
0.00643860
0.00636996
0.00624834
0.00607155
0.00583862
0.00555019
0.00520861
0.00481784
0.00438314
0.00391067
0.00340690
0.00287819
0.00233029
0.00176817
0.00119595
0.00061705
0.00003445
-0.00054884
-0.00112950
-0.00170354
-0.00226620
-0.00281195
-0.00333478
-0.00382853
-0.00428738
-0.00470634
-0.00508154
-0.00541056
-0.00569233
-0.00592705
-0.00611574
-0.00625983
-0.00636066
-0.00641907
-0.00643511
-0.00640795
-0.00633600
-0.00621724
-0.00604959
-0.00583140
-0.00556188
-0.00524140
-0.00487169
-0.00445578
-0.00399785
-0.00350291
-0.00297649
-0.00242431
-0.00185199
-0.00126497
-0.00066844
-0.00006749
0.00053282
0.00112728
0.00171043
0.00227665
0.00282022
0.00333563
0.00381789
0.00426280
0.00466731
0.00502958
0.00534896
0.00562585
0.00586124
0.00605635
0.00621207
0.00632859
0.00640512
0.00643984
0.00643002
0.00637240
0.00626370
0.00610115
0.00588307
0.00560926
0.00528120
0.00490211
0.00447668
0.00401069
0.00351052
0.00298265
0.00243318
0.00186760
0.00129065
0.00070638
0.00011838
-0.00046987
-0.00105469
-0.00163196
-0.00219694
-0.00274433
-0.00326843
-0.00376349
-0.00422409
-0.00464555
-0.00502425
-0.00535784
-0.00564523
-0.00588644
-0.00608232
-0.00623408
-0.00634292
-0.00640959
-0.00643418
-0.00641594
-0.00635344
-0.00624468
-0.00608757
-0.00588024
-0.00562152
-0.00531122
-0.00495041
-0.00454149
-0.00408811
-0.00359501
-0.00306776
-0.00251244
-0.00193540
-0.00134301
-0.00074148
-0.00013682
0.00046522
0.00105916
0.00163974
0.00220195
0.00274111
0.00325295
0.00373372
0.00418033
0.00459045
0.00496249
0.00529555
0.00558922
0.00584338
0.00605784
0.00623209
0.00636505
0.00645497
0.00649941
0.00649549
0.00644021
0.00633084
0.00616545
0.00594331
0.00566519
0.00533351
0.00495227
0.00452678
0.00406321
0.00356811
0.00304786
0.00250826
0.00195421
0.00138965
0.00081769
0.00024088
-0.00033830
-0.00091710
-0.00149206
-0.00205880
-0.00261201
-0.00314564
-0.00365325
-0.00412852
-0.00456574
-0.00496033
-0.00530906
-0.00561021
-0.00586344
-0.00606947
-0.00622965
-0.00634542
-0.00641790
-0.00644755
-0.00643404
-0.00637629
-0.00627272
-0.00612163
-0.00592159
-0.00567183
-0.00537256
-0.00502503
-0.00463156
-0.00419539
-0.00372040
-0.00321091
-0.00267146
-0.00210675
-0.00152156
-0.00092095
-0.00031038
0.00030417
0.00091611
0.00151833
0.00210343
0.00266414
0.00319376
0.00368667
0.00413879
0.00454777
0.00491308
0.00523569
0.00551768
0.00576150
0.00596934
0.00614243
0.00628061
0.00638209
0.00644357
0.00646066
0.00642852
0.00634258
0.00619933
0.00599694
0.00573566
0.00541785
0.00504786
0.00463148
0.00417537
0.00368637
0.00317091
0.00263456
0.00208190
0.00151653
0.00094138
0.00035912
-0.00022740
-0.00081473
-0.00139854
-0.00197359
-0.00253388
-0.00307295
-0.00358434
-0.00406209
-0.00450115
-0.00489770
-0.00524928
-0.00555474
-0.00581402
-0.00602778
-0.00619704
-0.00632275
-0.00640547
-0.00644520
-0.00644133
-0.00639267
-0.00629769
-0.00615479
-0.00596254
-0.00572005
-0.00542710
-0.00508437
-0.00469353
-0.00425721
-0.00377900
-0.00326335
-0.00271547
-0.00214118
-0.00154683
-0.00093910
-0.00032486
0.00028896
0.00089558
0.00148855
0.00206192
0.00261040
0.00312950
0.00361564
0.00406614
0.00447922
0.00485384
0.00518960
0.00548644
0.00574447
0.00596367
0.00614369
0.00628372
0.00638237
0.00643776
0.00644758
0.00640936
0.00632073
0.00617977
0.00598531
0.00573721
0.00543656
0.00508567
0.00468809
0.00424836
0.00377171
0.00326377
0.00273021
0.00217646
0.00160751
0.00102790
0.00044174
-0.00014706
-0.00073461
-0.00131677
-0.00188900
-0.00244629
-0.00298320
-0.00349412
-0.00397359
-0.00441661
-0.00481906
-0.00517797
-0.00549158
-0.00575936
-0.00598172
-0.00615971
-0.00629449
-0.00638697
-0.00643740
-0.00644521
-0.00640905
-0.00632690
-0.00619653
-0.00601590
-0.00578363
-0.00549938
-0.00516413
-0.00478018
-0.00435107
-0.00388129
-0.00337596
-0.00284049
-0.00228027
-0.00170057
-0.00110652
-0.00050317
0.00010425
0.00071021
0.00130874
0.00189351
0.00245797
0.00299575
0.00350104
0.00396909
0.00439656
0.00478168
0.00512428
0.00542544
0.00568700
0.00591088
0.00609848
0.00625005
0.00636436
0.00643866
0.00646893
0.00645046
0.00637855
0.00624940
0.00606075
0.00581248
0.00550677
0.00514801
0.00474231
0.00429684
0.00381906
0.00331590
0.00279322
0.00225547
0.00170573
0.00114595
0.00057755
0.00000200
-0.00057852
-0.00116063
-0.00173955
-0.00230915
-0.00286227
-0.00339130
-0.00388882
-0.00434830
-0.00476459
-0.00513431
-0.00545588
-0.00572928
-0.00595573
-0.00613704
-0.00627508
-0.00637128
-0.00642620
-0.00643949
-0.00640982
-0.00633522
-0.00621342
-0.00604230
-0.00582028
-0.00554671
-0.00522204
-0.00484796
-0.00442726
-0.00396380
-0.00346222
-0.00292776
-0.00236607
-0.00178306
-0.00118481
-0.00057747
0.00003272
0.00063957
0.00123690
0.00181876
0.00237952
0.00291407
0.00341796
0.00388759
0.00432025
0.00471414
0.00506829
0.00538233
0.00565632
0.00589040
0.00608453
0.00623827
0.00635065
0.00642008
0.00644451
0.00642158
0.00634894
0.00622462
0.00604733
0.00581677
0.00553387
0.00520080
0.00482093
0.00439864
0.00393899
0.00344739
0.00292923
0.00238962
0.00183319
0.00126404
0.00068586
0.00010212
-0.00048363
-0.00106754
-0.00164514
-0.00221136
-0.00276046
-0.00328636
-0.00378289
-0.00424431
-0.00466568
-0.00504328
-0.00537482
-0.00565947
-0.00589767
-0.00609075
-0.00624047
-0.00634843
-0.00641559
-0.00644195
-0.00642637
-0.00636668
-0.00626006
-0.00610348
-0.00589431
-0.00563092
-0.00531311
-0.00494241
-0.00452208
-0.00405695
-0.00355305
-0.00301708
-0.00245595
-0.00187633
-0.00128436
-0.00068554
-0.00008480
0.00051334
0.00110448
0.00168413
0.00224753
0.00278968
0.00330546
0.00378990
0.00423855
0.00464776
0.00501501
0.00533896
0.00561937
0.00585686
0.00605244
0.00620711
0.00632132
0.00639472
0.00642595
0.00641276
0.00635233
0.00624169
0.00607836
0.00586082
0.00558901
0.00526451
0.00489057
0.00447191
0.00401426
0.00352383
0.00300682
0.00246896
0.00191520
0.00134965
0.00077570
0.00019630
-0.00038562
-0.00096683
-0.00154346
-0.00211085
-0.00266356
-0.00319567
-0.00370103
-0.00417377
-0.00460873
-0.00500175
-0.00534996
-0.00565172
-0.00590650
-0.00611458
-0.00627667
-0.00639348
-0.00646544
-0.00649244
-0.00647380
-0.00640837
-0.00629473
-0.00613153
-0.00591784
-0.00565343
-0.00533901
-0.00497631
-0.00456812
-0.00411809
-0.00363060
-0.00311051
-0.00256299
-0.00199330
-0.00140678
-0.00080877
-0.00020468
0.00039998
0.00099957
0.00158832
0.00216043
0.00271021
0.00323230
0.00372192
0.00417508
0.00458879
0.00496106
0.00529095
0.00557831
0.00582353
0.00602722
0.00618981
0.00631128
0.00639094
0.00642737
0.00641854
0.00636206
0.00625556
0.00609711
0.00588566
0.00562140
0.00530587
0.00494208
0.00453426
0.00408761
0.00360780
0.00310058
0.00257136
0.00202489
0.00146522
0.00089568
0.00031922
-0.00026135
-0.00084288
-0.00142160
-0.00199286
-0.00255112
-0.00309012
-0.00360318
-0.00408377
-0.00452597
-0.00492502
-0.00527763
-0.00558215
-0.00583845
-0.00604765
-0.00621155
-0.00633211
-0.00641082
-0.00644829
-0.00644398
-0.00639619
-0.00630236
-0.00615951
-0.00596487
-0.00571646
-0.00541365
-0.00505749
-0.00465088
-0.00419838
-0.00370588
-0.00318014
-0.00262816
-0.00205677
-0.00147219
-0.00087992
-0.00028468
0.00030934
0.00089820
0.00147793
0.00204422
0.00259233
0.00311718
0.00361352
0.00407631
0.00450114
0.00488458
0.00522443
0.00551980
0.00577098
0.00597902
0.00614537
0.00627123
0.00635717
0.00640271
0.00640630
0.00636540
0.00627686
0.00613751
0.00594475
0.00569715
0.00539494
0.00504019
0.00463682
0.00419030
0.00370717
0.00319441
0.00265882
0.00210655
0.00154273
0.00097140
0.00039566
-0.00018199
-0.00075919
-0.00133323
-0.00190067
-0.00245710
-0.00299713
-0.00351464
-0.00400314
-0.00445633
-0.00486861
-0.00523559
-0.00555433
-0.00582346
-0.00604303
-0.00621419
-0.00633867
-0.00641827
-0.00645440
-0.00644773
-0.00639799
-0.00630407
-0.00616425
-0.00597659
-0.00573941
-0.00545171
-0.00511358
-0.00472642
-0.00429299
-0.00381730
-0.00330443
-0.00276015
-0.00219068
-0.00160232
-0.00100134
-0.00039378
0.00021447
0.00081770
0.00141029
0.00198672
0.00254157
0.00306967
0.00356627
0.00402729
0.00444953
0.00483083
0.00517010
0.00546727
0.00572300
0.00593835
0.00611433
0.00625148
0.00634957
0.00640734
0.00642258
0.00639228
0.00631309
0.00618180
0.00599594
0.00575429
0.00545723
0.00510695
0.00470738
0.00426389
0.00378288
0.00327117
0.00273550
0.00218204
0.00161613
0.00104216
0.00046368
-0.00011629
-0.00069491
-0.00126910
-0.00183527
-0.00238909
-0.00292554
-0.00343907
-0.00392397
-0.00437476
-0.00478663
-0.00515581
-0.00547973
-0.00575710
-0.00598768
-0.00617204
-0.00631110
-0.00640573
-0.00645641
-0.00646296
-0.00642453
-0.00633970
-0.00620672
-0.00602391
-0.00579005
-0.00550475
-0.00516870
-0.00478382
-0.00435325
-0.00388121
-0.00337276
-0.00283354
-0.00226946
-0.00168655
-0.00109075
-0.00048785
0.00011650
0.00071676
0.00130751
0.00188342
0.00243933
0.00297033
0.00347198
0.00394039
0.00437245
0.00476585
0.00511911
0.00543145
0.00570261
0.00593259
0.00612132
0.00626846
0.00637320
0.00643416
0.00644948
0.00641701
0.00633459
0.00620041
0.00601336
0.00577333
0.00548143
0.00514000
0.00475259
0.00432371
0.00385855
0.00336261
0.00284139
0.00230006
0.00174335
0.00117543
0.00060000
0.00002049
-0.00055975
-0.00113720
-0.00170794
-0.00226752
-0.00281099
-0.00333297
-0.00382789
-0.00429028
-0.00471512
-0.00509813
-0.00543602
-0.00572664
-0.00596896
-0.00616293
-0.00630922
-0.00640889
-0.00646304
-0.00647248
-0.00643752
-0.00635784
-0.00623256
-0.00606041
-0.00584002
-0.00557029
-0.00525075
-0.00488190
-0.00446542
-0.00400427
-0.00350269
-0.00296601
-0.00240043
-0.00181268
-0.00120978
-0.00059871
0.00001378
0.00062129
0.00121787
0.00179803
0.00235677
0.00288955
0.00339238
0.00386182
0.00429508
0.00469011
0.00504555
0.00536076
0.00563565
0.00587046
0.00606551
0.00622087
0.00633611
0.00641009
0.00644093
0.00642606
0.00636260
0.00624766
0.00607887
0.00585488
0.00557575
0.00524315
0.00486047
0.00443261
0.00396559
0.00346605
0.00294071
0.00239587
0.00183696
0.00126848
0.00069393
0.00011612
-0.00046242
-0.00103905
-0.00161053
-0.00217280
-0.00272081
-0.00324873
-0.00375023
-0.00421897
-0.00464918
-0.00503613
-0.00537648
-0.00566850
-0.00591191
-0.00610766
-0.00625738
-0.00636289
-0.00642564
-0.00644632
-0.00642462
-0.00635929
-0.00624833
-0.00608942
-0.00588041
-0.00561985
-0.00530739
-0.00494407
-0.00453237
-0.00407613
-0.00358030
-0.00305057
-0.00249303
-0.00191385
-0.00131910
-0.00071464
-0.00010616
0.00050074
0.00110047
0.00168733
0.00225560
0.00279962
0.00331408
0.00379427
0.00423640
0.00463785
0.00499725
0.00531444
0.00559020
0.00582589
0.00602289
0.00618218
0.00630382
0.00638676
0.00642874
0.00642651
0.00637627
0.00627420
0.00611712
0.00590312
0.00563200
0.00530549
0.00492730
0.00450278
0.00403850
0.00354158
0.00301910
0.00247757
0.00192246
0.00135815
0.00078794
0.00021436
-0.00036040
-0.00093400
-0.00150351
-0.00206516
-0.00261416
-0.00314487
-0.00365111
-0.00412658
-0.00456541
-0.00496260
-0.00531445
-0.00561867
-0.00587437
-0.00608186
-0.00624221
-0.00635681
-0.00642690
-0.00645319
-0.00643563
-0.00637340
-0.00626505
-0.00610885
-0.00590321
-0.00564710
-0.00534040
-0.00498423
-0.00458097
-0.00413424
-0.00364866
-0.00312956
-0.00258265
-0.00201372
-0.00142845
-0.00083231
-0.00023056
0.00037164
0.00096911
0.00155653
0.00212843
0.00267925
0.00320350
0.00369608
0.00415255
0.00456944
0.00494443
0.00527641
0.00556534
0.00581200
0.00601753
0.00618296
0.00630877
0.00639457
0.00643889
0.00643931
0.00639274
0.00629588
0.00614583
0.00594065
0.00567988
0.00536481
0.00499855
0.00458583
0.00413259
0.00364543
0.00313099
0.00259540
0.00204394
0.00148086
0.00090945
0.00033235
-0.00024802
-0.00082896
-0.00140709
-0.00197806
-0.00253649
-0.00307617
-0.00359041
-0.00407260
-0.00451675
-0.00491802
-0.00527306
-0.00558013
-0.00583903
-0.00605072
-0.00621681
-0.00633908
-0.00641886
-0.00645669
-0.00645213
-0.00640376
-0.00630946
-0.00616682
-0.00597363
-0.00572839
-0.00543071
-0.00508156
-0.00468335
-0.00423977
-0.00375560
-0.00323633
-0.00268784
-0.00211610
-0.00152698
-0.00092619
-0.00031929
0.00028823
0.00089081
0.00148281
0.00205847
0.00261211
0.00313828
0.00363211
0.00408953
0.00450756
0.00488439
0.00521934
0.00551264
0.00576513
0.00597777
0.00615120
0.00628540
0.00637940
0.00643125
0.00643821
0.00639710
0.00630479
0.00615875
0.00595758
0.00570137
0.00539187
0.00503248
0.00462798
0.00418407
0.00370688
0.00320239
0.00267607
0.00213255
0.00157559
0.00100824
0.00043311
-0.00014717
-0.00072952
-0.00131014
-0.00188423
-0.00244612
-0.00298942
-0.00350745
-0.00399375
-0.00444258
-0.00484937
-0.00521098
-0.00552577
-0.00579344
-0.00601469
-0.00619075
-0.00632288
-0.00641192
-0.00645799
-0.00646035
-0.00641754
-0.00632761
-0.00618857
-0.00599881
-0.00575752
-0.00546501
-0.00512284
-0.00473378
-0.00430161
-0.00383083
-0.00332631
-0.00279304
-0.00223586
-0.00165948
-0.00106851
-0.00046762
0.00013818
0.00074343
0.00134209
0.00192762
0.00249325
0.00303228
0.00353863
0.00400726
0.00443455
0.00481851
0.00515875
0.00545620
0.00571265
0.00593012
0.00611021
0.00625357
0.00635951
0.00642589
0.00644934
0.00642570
0.00635064
0.00622045
0.00603269
0.00578672
0.00548398
0.00512799
0.00472399
0.00427849
0.00379851
0.00329100
0.00276221
0.00221735
0.00166049
0.00109467
0.00052226
-0.00005452
-0.00063320
-0.00121055
-0.00178237
-0.00234347
-0.00288785
-0.00340905
-0.00390067
-0.00435685
-0.00477273
-0.00514474
-0.00547070
-0.00574972
-0.00598195
-0.00616817
-0.00630940
-0.00640647
-0.00645974
-0.00646895
-0.00643325
-0.00635131
-0.00622163
-0.00604279
-0.00581380
-0.00553437
-0.00520508
-0.00482749
-0.00440413
-0.00393845
-0.00343473
-0.00289793
-0.00233355
-0.00174759
-0.00114635
-0.00053639
0.00007558
0.00068290
0.00127905
0.00185789
0.00241384
0.00294208
0.00343866
0.00390062
0.00432594
0.00471347
0.00506273
0.00537366
0.00564631
0.00588060
0.00607601
0.00623150
0.00634543
0.00641559
0.00643944
0.00641434
0.00633791
0.00620830
0.00602460
0.00578696
0.00549680
0.00515678
0.00477067
0.00434315
0.00387945
0.00338509
0.00286547
0.00232567
0.00177026
0.00120328
0.00062829
0.00004860
-0.00053252
-0.00111151
-0.00168436
-0.00224643
-0.00279247
-0.00331673
-0.00381327
-0.00427633
-0.00470073
-0.00508221
-0.00541780
-0.00570583
-0.00594596
-0.00613885
-0.00628583
-0.00638840
-0.00644776
-0.00646446
-0.00643811
-0.00636745
-0.00625049
-0.00608491
-0.00586855
-0.00559996
-0.00527884
-0.00490638
-0.00448538
-0.00402015
-0.00351621
-0.00297992
-0.00241797
-0.00183697
-0.00124315
-0.00064214
-0.00003908
0.00056131
0.00115447
0.00173575
0.00230028
0.00284292
0.00335842
0.00384168
0.00428815
0.00469416
0.00505727
0.00537636
0.00565158
0.00588405
0.00607534
0.00622696
0.00633972
0.00641334
0.00644625
0.00643562
0.00637774
0.00626866
0.00610486
0.00588406
0.00560576
0.00527165
0.00488563
0.00445353
0.00398251
0.00348030
0.00295445
0.00241161
0.00185707
0.00129462
0.00072672
0.00015497
-0.00041926
-0.00099418
-0.00156694
-0.00213335
-0.00268776
-0.00322335
-0.00373266
-0.00420829
-0.00464364
-0.00503356
-0.00537474
-0.00566590
-0.00590750
-0.00610135
-0.00624991
-0.00635560
-0.00642012
-0.00644408
-0.00642673
-0.00636616
-0.00625961
-0.00610407
-0.00589689
-0.00563641
-0.00532238
-0.00495623
-0.00454108
-0.00408149
-0.00358313
-0.00305230
-0.00249550
-0.00191910
-0.00132907
-0.00073098
-0.00013002
0.00046882
0.00106061
0.00164033
0.00220288
0.00274315
0.00325620
0.00373757
0.00418353
0.00459130
0.00495913
0.00528632
0.00557295
0.00581957
0.00602677
0.00619478
0.00632310
0.00641035
0.00645423
0.00645171
0.00639947
0.00629435
0.00613393
0.00591698
0.00564390
0.00531683
0.00493962
0.00451754
0.00405684
0.00356425
0.00304634
0.00250913
0.00195772
0.00139620
0.00082771
0.00025479
-0.00032030
-0.00089509
-0.00146648
-0.00203052
-0.00258225
-0.00311589
-0.00362509
-0.00410342
-0.00454487
-0.00494436
-0.00529814
-0.00560394
-0.00586104
-0.00606998
-0.00623217
-0.00634941
-0.00642329
-0.00645480
-0.00644399
-0.00638991
-0.00629071
-0.00614404
-0.00594746
-0.00569904
-0.00539784
-0.00504431
-0.00464051
-0.00419011
-0.00369817
-0.00317084
-0.00261488
-0.00203725
-0.00144472
-0.00084361
-0.00023970
0.00036174
0.00095582
0.00153786
0.00210327
0.00264740
0.00316566
0.00365362
0.00410723
0.00452313
0.00489884
0.00523289
0.00552479
0.00577486
0.00598387
0.00615264
0.00628158
0.00637035
0.00641763
0.00642114
0.00637787
0.00628452
0.00613807
0.00593636
0.00567869
0.00536609
0.00500151
0.00458967
0.00413661
0.00364919
0.00313439
0.00259874
0.00204786
0.00148622
0.00091719
0.00034330
-0.00023330
-0.00081031
-0.00138480
-0.00195282
-0.00250931
-0.00304822
-0.00356286
-0.00404646
-0.00449275
-0.00489657
-0.00525423
-0.00556377
-0.00582484
-0.00603837
-0.00620611
-0.00632995
-0.00641141
-0.00645115
-0.00644875
-0.00640269
-0.00631064
-0.00616991
-0.00597799
-0.00573314
-0.00543483
-0.00508410
-0.00468357
-0.00423739
-0.00375090
-0.00323020
-0.00268174
-0.00211192
-0.00152682
-0.00093203
-0.00033273
0.00026621
0.00086006
0.00144404
0.00201321
0.00256251
0.00308686
0.00358137
0.00404170
0.00446427
0.00484653
0.00518701
0.00548528
0.00574169
0.00595707
0.00613221
0.00626755
0.00636278
0.00641666
0.00642710
0.00639131
0.00630622
0.00616896
0.00597743
0.00573074
0.00542954
0.00507618
0.00467462
0.00423017
0.00374902
0.00323778
0.00270293
0.00215044
0.00158549
0.00101242
0.00043478
-0.00014434
-0.00072200
-0.00129504
-0.00185980
-0.00241196
-0.00294653
-0.00345805
-0.00394090
-0.00438969
-0.00479967
-0.00516708
-0.00548934
-0.00576509
-0.00599406
-0.00617673
-0.00631399
-0.00640669
-0.00645531
-0.00645971
-0.00641907
-0.00633197
-0.00619672
-0.00601165
-0.00577561
-0.00548825
-0.00515039
-0.00476409
-0.00433260
-0.00386027
-0.00335218
-0.00281389
-0.00225109
-0.00166943
-0.00107440
-0.00047129
0.00013468
0.00073821
0.00133387
0.00191596
0.00247865
0.00301611
0.00352278
0.00399379
0.00442519
0.00481428
0.00515970
0.00546135
0.00572014
0.00593752
0.00611505
0.00625380
0.00635393
0.00641451
0.00643338
0.00640749
0.00633324
0.00620714
0.00602643
0.00578964
0.00549703
0.00515077
0.00475485
0.00431478
0.00383706
0.00332860
0.00279609
0.00224560
0.00168221
0.00111005
0.00053239
-0.00004797
-0.00062827
-0.00120538
-0.00177549
-0.00233393
-0.00287527
-0.00339354
-0.00388265
-0.00433687
-0.00475132
-0.00512230
-0.00544748
-0.00572589
-0.00595773
-0.00614394
-0.00628581
-0.00638448
-0.00644061
-0.00645408
-0.00642403
-0.00634894
-0.00622692
-0.00605608
-0.00583495
-0.00556280
-0.00523994
-0.00486779
-0.00444893
-0.00398696
-0.00348635
-0.00295216
-0.00238993
-0.00180546
-0.00120479
-0.00059408
0.00002034
0.00063202
0.00123447
0.00182126
0.00238623
0.00292372
0.00342883
0.00389770
0.00432761
0.00471705
0.00506563
0.00537382
0.00564259
0.00587300
0.00606575
0.00622082
0.00633724
0.00641303
0.00644534
0.00643074
0.00636571
0.00624714
0.00607284
0.00584199
0.00555540
0.00521557
0.00482660
0.00439383
0.00392346
0.00342196
0.00289566
0.00235034
0.00179095
0.00122162
0.00064573
0.00006620
-0.00051416
-0.00109227
-0.00166449
-0.00222644
-0.00277295
-0.00329828
-0.00379634
-0.00426120
-0.00468747
-0.00507075
-0.00540789
-0.00569711
-0.00593797
-0.00613110
-0.00627779
-0.00637960
-0.00643782
-0.00645321
-0.00642568
-0.00635433
-0.00623755
-0.00607337
-0.00585990
-0.00559571
-0.00528035
-0.00491455
-0.00450049
-0.00404169
-0.00354290
-0.00300981
-0.00244872
-0.00186616
-0.00126870
-0.00066266
-0.00005412
0.00055118
0.00114771
0.00173015
0.00229334
0.00283232
0.00334246
0.00381964
0.00426043
0.00466229
0.00502365
0.00534386
0.00562307
0.00586192
0.00606113
0.00622110
0.00634154
0.00642126
0.00645809
0.00644906
0.00639072
0.00627972
0.00611335
0.00589012
0.00561016
0.00527551
0.00489004
0.00445923
0.00398970
0.00348856
0.00296289
0.00241910
0.00186264
0.00129783
0.00072795
0.00015554
-0.00041718
-0.00098783
-0.00155346
-0.00211032
-0.00265375
-0.00317836
-0.00367832
-0.00414780
-0.00458146
-0.00497479
-0.00532446
-0.00562835
-0.00588546
-0.00609569
-0.00625942
-0.00637718
-0.00644929
-0.00647563
-0.00645563
-0.00638830
-0.00627248
-0.00610717
-0.00589177
-0.00562642
-0.00531210
-0.00495072
-0.00454504
-0.00409852
-0.00361512
-0.00309915
-0.00255512
-0.00198774
-0.00140189
-0.00080276
-0.00019595
0.00041252
0.00101615
0.00160818
0.00218180
0.00273048
0.00324841
0.00373081
0.00417425
0.00457674
0.00493770
0.00525766
0.00553788
0.00577987
0.00598478
0.00615303
0.00628397
0.00637574
0.00642548
0.00642955
0.00638410
0.00628559
0.00613136
0.00592009
0.00565212
0.00532952
0.00495599
0.00453660
0.00407732
0.00358457
0.00306476
0.00252388
0.00196731
0.00139966
0.00082486
0.00024637
-0.00033263
-0.00090888
-0.00147887
-0.00203865
-0.00258376
-0.00310934
-0.00361026
-0.00408143
-0.00451803
-0.00491580
-0.00527131
-0.00558203
-0.00584643
-0.00606382
-0.00623423
-0.00635815
-0.00643623
-0.00646903
-0.00645683
-0.00639945
-0.00629630
-0.00614643
-0.00594874
-0.00570225
-0.00540639
-0.00506132
-0.00466815
-0.00422911
-0.00374763
-0.00322826
-0.00267655
-0.00209881
-0.00150186
-0.00089275
-0.00027847
0.00033420
0.00093887
0.00152966
0.00210123
0.00264880
0.00316816
0.00365570
0.00410842
0.00452392
0.00490044
0.00523680
0.00553233
0.00578673
0.00599993
0.00617181
0.00630204
0.00638987
0.00643403
0.00643277
0.00638399
0.00628547
0.00613529
0.00593214
0.00567576
0.00536718
0.00500885
0.00460462
0.00415947
0.00367921
0.00316995
0.00263767
0.00208786
0.00152520
0.00095356
0.00037613
-0.00020431
-0.00078494
-0.00136254
-0.00193310
-0.00249172
-0.00303256
-0.00354918
-0.00403493
-0.00448350
-0.00488951
-0.00524893
-0.00555942
-0.00582030
-0.00603239
-0.00619754
-0.00631805
-0.00639605
-0.00643296
-0.00642911
-0.00638361
-0.00629450
-0.00615913
-0.00597467
-0.00573876
-0.00545008
-0.00510877
-0.00471668
-0.00427733
-0.00379571
-0.00327789
-0.00273052
-0.00216041
-0.00157415
-0.00097787
-0.00037718
0.00022277
0.00081713
0.00140117
0.00197014
0.00251929
0.00304388
0.00353942
0.00400192
0.00442811
0.00481565
0.00516317
0.00547018
0.00573681
0.00596341
0.00615016
0.00629670
0.00640183
0.00646346
0.00647878
0.00644457
0.00635768
0.00621565
0.00601718
0.00576250
0.00545359
0.00509413
0.00468913
0.00424452
0.00376659
0.00326139
0.00273436
0.00219001
0.00163191
0.00106294
0.00048555
-0.00009770
-0.00068375
-0.00126869
-0.00184757
-0.00241450
-0.00296284
-0.00348569
-0.00397635
-0.00442887
-0.00483847
-0.00520183
-0.00551714
-0.00578399
-0.00600307
-0.00617579
-0.00630375
-0.00638839
-0.00643065
-0.00643074
-0.00638820
-0.00630192
-0.00617045
-0.00599224
-0.00576598
-0.00549087
-0.00516688
-0.00479487
-0.00437669
-0.00391520
-0.00341421
-0.00287842
-0.00231331
-0.00172503
-0.00112023
-0.00050591
0.00011074
0.00072259
0.00132281
0.00190503
0.00246361
0.00299381
0.00349186
0.00395498
0.00438135
0.00476993
0.00512025
0.00543215
0.00570551
0.00593998
0.00613486
0.00628893
0.00640044
0.00646726
0.00648696
0.00645713
0.00637559
0.00624071
0.00605165
0.00580858
0.00551276
0.00516665
0.00477376
0.00433857
0.00386625
0.00336240
0.00283274
0.00228289
0.00171809
0.00114310
0.00056217
-0.00002089
-0.00060255
-0.00117934
-0.00174763
-0.00230346
-0.00284239
-0.00335956
-0.00384974
-0.00430765
-0.00472824
-0.00510707
-0.00544062
-0.00572650
-0.00596357
-0.00615186
-0.00629232
-0.00638642
-0.00643578
-0.00644169
-0.00640477
-0.00632482
-0.00620077
-0.00603091
-0.00581323
-0.00554594
-0.00522794
-0.00485931
-0.00444162
-0.00397803
-0.00347332
-0.00293356
-0.00236575
-0.00177739
-0.00117598
-0.00056870
0.00003789
0.00063792
0.00122625
0.00179830
0.00234995
0.00287742
0.00337716
0.00384588
0.00428065
0.00467898
0.00503895
0.00535932
0.00563943
0.00587909
0.00607835
0.00623717
0.00635512
0.00643113
0.00646336
0.00644932
0.00638606
0.00627061
0.00610049
0.00587425
0.00559186
0.00525505
0.00486728
0.00443364
0.00396037
0.00345437
0.00292258
0.00237147
0.00180666
0.00123273
0.00065334
0.00007148
-0.00051015
-0.00108862
-0.00166041
-0.00222120
-0.00276580
-0.00328837
-0.00378279
-0.00424321
-0.00466448
-0.00504268
-0.00537531
-0.00566137
-0.00590110
-0.00609565
-0.00624650
-0.00635497
-0.00642172
-0.00644651
-0.00642810
-0.00636445
-0.00625306
-0.00609147
-0.00587776
-0.00561104
-0.00529173
-0.00492173
-0.00450433
-0.00404397
-0.00354593
-0.00301596
-0.00245995
-0.00188369
-0.00129278
-0.00069263
-0.00008856
0.00051405
0.00110967
0.00169261
0.00225713
0.00279758
0.00330877
0.00378624
0.00422655
0.00462746
0.00498793
0.00530801
0.00558843
0.00583026
0.00603436
0.00620094
0.00632930
0.00641761
0.00646309
0.00646223
0.00641130
0.00630689
0.00614647
0.00592888
0.00565462
0.00532594
0.00494674
0.00452222
0.00405844
0.00356183
0.00303865
0.00249470
0.00193504
0.00136395
0.00078514
0.00020192
-0.00038243
-0.00096436
-0.00153981
-0.00210414
-0.00265214
-0.00317827
-0.00367693
-0.00414285
-0.00457146
-0.00495912
-0.00530333
-0.00560269
-0.00585675
-0.00606574
-0.00623019
-0.00635059
-0.00642709
-0.00645927
-0.00644613
-0.00638618
-0.00627770
-0.00611907
-0.00590915
-0.00564759
-0.00533511
-0.00497360
-0.00456608
-0.00411658
-0.00362984
-0.00311107
-0.00256561
-0.00199877
-0.00141571
-0.00082141
-0.00022078
0.00038118
0.00097928
0.00156803
0.00214167
0.00269431
0.00322018
0.00371394
0.00417110
0.00458825
0.00496327
0.00529536
0.00558481
0.00583268
0.00604028
0.00620864
0.00633804
0.00642768
0.00647557
0.00647866
0.00643324
0.00633552
0.00618227
0.00597153
0.00570308
0.00537872
0.00500228
0.00457935
0.00411673
0.00362178
0.00310170
0.00256293
0.00201080
0.00144932
0.00088135
0.00030899
-0.00026590
-0.00084115
-0.00141379
-0.00197975
-0.00253379
-0.00306975
-0.00358095
-0.00406077
-0.00450324
-0.00490357
-0.00525849
-0.00556631
-0.00582679
-0.00604075
-0.00620952
-0.00633445
-0.00641639
-0.00645538
-0.00645057
-0.00640033
-0.00630259
-0.00615528
-0.00595680
-0.00570646
-0.00540471
-0.00505331
-0.00465519
-0.00421427
-0.00373510
-0.00322261
-0.00268180
-0.00211764
-0.00153502
-0.00093886
-0.00033428
0.00027324
0.00087775
0.00147287
0.00205196
0.00260841
0.00313604
0.00362953
0.00408479
0.00449919
0.00487156
0.00520209
0.00549187
0.00574246
0.00595526
0.00613103
0.00626949
0.00636916
0.00642739
0.00644073
0.00640535
0.00631766
0.00617488
0.00597559
0.00571999
0.00541007
0.00504943
0.00464301
0.00419663
0.00371643
0.00320845
0.00267823
0.00213057
0.00156955
0.00099863
0.00042093
-0.00016049
-0.00074226
-0.00132049
-0.00189062
-0.00244745
-0.00298532
-0.00349835
-0.00398083
-0.00442757
-0.00483419
-0.00519739
-0.00551500
-0.00578596
-0.00601013
-0.00618801
-0.00632040
-0.00640809
-0.00645158
-0.00645085
-0.00640536
-0.00631405
-0.00617556
-0.00598850
-0.00575177
-0.00546485
-0.00512812
-0.00474305
-0.00431222
-0.00383939
-0.00332929
-0.00278746
-0.00221997
-0.00163319
-0.00103354
-0.00042737
0.00017922
0.00078039
0.00137059
0.00194456
0.00249735
0.00302435
0.00352138
0.00398479
0.00441158
0.00479947
0.00514697
0.00545330
0.00571824
0.00594194
0.00612463
0.00626626
0.00636634
0.00642369
0.00643649
0.00640239
0.00631880
0.00618332
0.00599419
0.00575072
0.00545362
0.00510518
0.00470922
0.00427085
0.00379607
0.00329125
0.00276267
0.00221603
0.00165622
0.00108723
0.00051231
-0.00006575
-0.00064420
-0.00121991
-0.00178907
-0.00234697
-0.00288810
-0.00340636
-0.00389549
-0.00434960
-0.00476366
-0.00513388
-0.00545796
-0.00573506
-0.00596554
-0.00615053
-0.00629144
-0.00638936
-0.00644469
-0.00645689
-0.00642448
-0.00634525
-0.00621672
-0.00603661
-0.00580344
-0.00551691
-0.00517820
-0.00479001
-0.00435642
-0.00388254
-0.00337409
-0.00283699
-0.00227700
-0.00169951
-0.00110952
-0.00051173
0.00008921
0.00068848
0.00128087
0.00186074
0.00242211
0.00295890
0.00346534
0.00393637
0.00436812
0.00475810
0.00510533
0.00541016
0.00567391
0.00589831
0.00608490
0.00623446
0.00634660
0.00641957
0.00645031
0.00643491
0.00636907
0.00624890
0.00607157
0.00583586
0.00554260
0.00519466
0.00479684
0.00435534
0.00387721
0.00336964
0.00283940
0.00229237
0.00173330
0.00116588
0.00059295
0.00001691
-0.00055981
-0.00113432
-0.00170295
-0.00226116
-0.00280356
-0.00332424
-0.00381714
-0.00427655
-0.00469750
-0.00507615
-0.00540993
-0.00569754
-0.00593872
-0.00613397
-0.00628409
-0.00638979
-0.00645142
-0.00646869
-0.00644071
-0.00636606
-0.00624310
-0.00607028
-0.00584652
-0.00557151
-0.00524596
-0.00487169
-0.00445162
-0.00398966
-0.00349048
-0.00295933
-0.00240175
-0.00182346
-0.00123021
-0.00062776
-0.00002186
0.00058170
0.00117712
0.00175860
0.00232047
0.00285735
0.00336436
0.00383734
0.00427308
0.00466941
0.00502519
0.00534023
0.00561500
0.00585028
0.00604676
0.00620469
0.00632351
0.00640175
0.00643703
0.00642626
0.00636605
0.00625319
0.00608518
0.00586076
0.00558022
0.00524565
0.00486086
0.00443115
0.00396287
0.00346287
0.00293795
0.00239435
0.00183744
0.00127153
0.00069995
0.00012534
-0.00044997
-0.00102353
-0.00159232
-0.00215249
-0.00269922
-0.00322686
-0.00372919
-0.00419991
-0.00463315
-0.00502394
-0.00536865
-0.00566514
-0.00591276
-0.00611214
-0.00626474
-0.00637236
-0.00643657
-0.00645831
-0.00643756
-0.00637330
-0.00626366
-0.00610626
-0.00589873
-0.00563922
-0.00532699
-0.00496269
-0.00454868
-0.00408893
-0.00358887
-0.00305498
-0.00249438
-0.00191432
-0.00132178
-0.00072317
-0.00012422
0.00047007
0.00105529
0.00162741
0.00218261
0.00271711
0.00322713
0.00370888
0.00415873
0.00457335
0.00494992
0.00528628
0.00558093
0.00583306
0.00604230
0.00620849
0.00633145
0.00641062
0.00644497
0.00643295
0.00637259
0.00626180
0.00609873
0.00588223
0.00561221
0.00528997
0.00491831
0.00450145
0.00404478
0.00355445
0.00303689
0.00249827
0.00194418
0.00137932
0.00080750
0.00023178
-0.00034517
-0.00092071
-0.00149177
-0.00205458
-0.00260443
-0.00313580
-0.00364256
-0.00411840
-0.00455738
-0.00495444
-0.00530579
-0.00560920
-0.00586397
-0.00607074
-0.00623105
-0.00634678
-0.00641962
-0.00645057
-0.00643961
-0.00638567
-0.00628673
-0.00614029
-0.00594380
-0.00569531
-0.00539397
-0.00504040
-0.00463687
-0.00418723
-0.00369671
-0.00317142
-0.00261801
-0.00204311
-0.00145308
-0.00085379
-0.00025057
0.00035161
0.00094802
0.00153390
0.00210437
0.00265435
0.00317870
0.00367244
0.00413108
0.00455091
0.00492931
0.00526484
0.00555719
0.00580694
0.00601516
0.00618291
0.00631078
0.00639850
0.00644476
0.00644720
0.00640273
0.00630798
0.00615987
0.00595626
0.00569644
0.00538146
0.00501424
0.00459942
0.00414293
0.00365147
0.00313194
0.00259085
0.00203395
0.00146605
0.00089098
0.00031193
-0.00026831
-0.00084684
-0.00142033
-0.00198476
-0.00253536
-0.00306675
-0.00357317
-0.00404896
-0.00448892
-0.00488873
-0.00524519
-0.00555627
-0.00582109
-0.00603962
-0.00621233
-0.00633988
-0.00642272
-0.00646087
-0.00645386
-0.00640076
-0.00630036
-0.00615143
-0.00595303
-0.00570478
-0.00540708
-0.00506117
-0.00466921
-0.00423414
-0.00375964
-0.00324990
-0.00270962
-0.00214381
-0.00155786
-0.00095747
-0.00034867
0.00026219
0.00086853
0.00146370
0.00204120
0.00259494
0.00311953
0.00361057
0.00406476
0.00448006
0.00485553
0.00519112
0.00548740
0.00574506
0.00596459
0.00614586
0.00628793
0.00638895
0.00644633
0.00645691
0.00641746
0.00632510
0.00617779
0.00597471
0.00571649
0.00540537
0.00504501
0.00464026
0.00419677
0.00372052
0.00321737
0.00269269
0.00215117
0.00159668
0.00103244
0.00046122
-0.00011433
-0.00069131
-0.00126627
-0.00183501
-0.00239253
-0.00293314
-0.00345071
-0.00393911
-0.00439258
-0.00480617
-0.00517607
-0.00549974
-0.00577596
-0.00600465
-0.00618648
-0.00632255
-0.00641389
-0.00646114
-0.00646428
-0.00642256
-0.00633460
-0.00619867
-0.00601303
-0.00577635
-0.00548814
-0.00514900
-0.00476083
-0.00432680
-0.00385121
-0.00333929
-0.00279681
-0.00222988
-0.00164460
-0.00104697
-0.00044279
0.00016229
0.00076275
0.00135309
0.00192786
0.00248167
0.00300939
0.00350632
0.00396850
0.00439285
0.00477740
0.00512125
0.00542443
0.00568761
0.00591167
0.00609730
0.00624452
0.00635243
0.00641912
0.00644174
0.00641685
0.00634092
0.00621094
0.00602492
0.00578241
0.00548476
0.00513508
0.00473809
0.00429962
0.00382609
0.00332390
0.00279893
0.00225623
0.00169983
0.00113293
0.00055816
-0.00002200
-0.00060470
-0.00118639
-0.00176259
-0.00232781
-0.00287578
-0.00339986
-0.00389346
-0.00435062
-0.00476647
-0.00513751
-0.00546175
-0.00573859
-0.00596852
-0.00615275
-0.00629266
-0.00638939
-0.00644350
-0.00645478
-0.00642226
-0.00634434
-0.00621913
-0.00604479
-0.00581993
-0.00554392
-0.00521714
-0.00484110
-0.00441844
-0.00395286
-0.00344897
-0.00291208
-0.00234801
-0.00176297
-0.00116334
-0.00055562
0.00005372
0.00065831
0.00125205
0.00182919
0.00238450
0.00291341
0.00341210
0.00387760
0.00430774
0.00470111
0.00505687
0.00537455
0.00565382
0.00589418
0.00609486
0.00625457
0.00637156
0.00644362
0.00646829
0.00644313
0.00636594
0.00623519
0.00605018
0.00581132
0.00552019
0.00517955
0.00479319
0.00436572
0.00390227
0.00340816
0.00288865
0.00234866
0.00179267
0.00122471
0.00064840
0.00006717
-0.00051550
-0.00109591
-0.00166988
-0.00223269
-0.00277911
-0.00330351
-0.00380019
-0.00426365
-0.00468898
-0.00507218
-0.00541038
-0.00570190
-0.00594617
-0.00614350
-0.00629475
-0.00640087
-0.00646257
-0.00648004
-0.00645273
-0.00637946
-0.00625860
-0.00608840
-0.00586742
-0.00559495
-0.00527137
-0.00489833
-0.00447884
-0.00401707
-0.00351813
-0.00298772
-0.00243172
-0.00185597
-0.00126602
-0.00066713
-0.00006428
0.00053758
0.00113342
0.00171798
0.00228572
0.00283095
0.00334807
0.00383192
0.00427813
0.00468351
0.00504617
0.00536556
0.00564225
0.00587751
0.00607278
0.00622910
0.00634663
0.00642430
0.00645978
0.00644972
0.00639021
0.00627746
0.00610850
0.00588186
0.00559803
0.00525962
0.00487126
0.00443913
0.00397035
0.00347221
0.00295150
0.00241392
0.00186385
0.00130435
0.00073751
0.00016492
-0.00041164
-0.00098968
-0.00156555
-0.00213423
-0.00268952
-0.00322436
-0.00373142
-0.00420382
-0.00463572
-0.00502278
-0.00536246
-0.00565394
-0.00589778
-0.00609550
-0.00624892
-0.00635960
-0.00642838
-0.00645514
-0.00643875
-0.00637732
-0.00626855
-0.00611023
-0.00590072
-0.00563931
-0.00532654
-0.00496421
-0.00455530
-0.00410382
-0.00361443
-0.00309223
-0.00254252
-0.00197063
-0.00138192
-0.00078182
-0.00017586
0.00043018
0.00103033
0.00161843
0.00218836
0.00273425
0.00325080
0.00373353
0.00417904
0.00458509
0.00495059
0.00527539
0.00555999
0.00580512
0.00601140
0.00617889
0.00630690
0.00639390
0.00643752
0.00643485
0.00638277
0.00627839
0.00611953
0.00590508
0.00563533
0.00531208
0.00493868
0.00451975
0.00406097
0.00356859
0.00304908
0.00250866
0.00195302
0.00138716
0.00081525
0.00024081
-0.00033314
-0.00090379
-0.00146823
-0.00202320
-0.00256491
-0.00308895
-0.00359044
-0.00406413
-0.00450479
-0.00490752
-0.00526810
-0.00558325
-0.00585082
-0.00606974
-0.00623996
-0.00636214
-0.00643731
-0.00646650
-0.00645047
-0.00638942
-0.00628299
-0.00613030
-0.00593021
-0.00568161
-0.00538386
-0.00503711
-0.00464259
-0.00420277
-0.00372139
-0.00320329
-0.00265424
-0.00208057
-0.00148891
-0.00088589
-0.00027795
0.00032879
0.00092854
0.00151588
0.00208569
0.00263315
0.00315378
0.00364351
0.00409883
0.00451687
0.00489555
0.00523357
0.00553033
0.00578580
0.00600018
0.00617363
0.00630595
0.00639632
0.00644323
0.00644451
0.00639759
0.00629987
0.00614917
0.00594422
0.00568502
0.00537311
0.00501158
0.00460488
0.00415848
0.00367839
0.00317060
0.00264071
0.00209353
0.00153305
0.00096251
0.00038466
-0.00019777
-0.00078170
-0.00136331
-0.00193786
-0.00249966
-0.00304227
-0.00355895
-0.00404314
-0.00448899
-0.00489185
-0.00524855
-0.00555750
-0.00581854
-0.00603261
-0.00620124
-0.00632604
-0.00640823
-0.00644825
-0.00644563
-0.00639906
-0.00630659
-0.00616604
-0.00597547
-0.00573359
-0.00544016
-0.00509616
-0.00470389
-0.00426682
-0.00378943
-0.00327689
-0.00273478
-0.00216887
-0.00158493
-0.00098864
-0.00038563
0.00021853
0.00081824
0.00140790
0.00198190
0.00253481
0.00306152
0.00355745
0.00401881
0.00444265
0.00482704
0.00517090
0.00547392
0.00573622
0.00595806
0.00613952
0.00628019
0.00637905
0.00643442
0.00644410
0.00640559
0.00631646
0.00617476
0.00597936
0.00573027
0.00542878
0.00507753
0.00468034
0.00424197
0.00376780
0.00326347
0.00273452
0.00218618
0.00162321
0.00104986
0.00047003
-0.00011261
-0.00069437
-0.00127133
-0.00183919
-0.00239324
-0.00292844
-0.00343953
-0.00392136
-0.00436914
-0.00477874
-0.00514688
-0.00547127
-0.00575058
-0.00598429
-0.00617246
-0.00631542
-0.00641345
-0.00646652
-0.00647416
-0.00643539
-0.00634885
-0.00621302
-0.00602657
-0.00578861
-0.00549910
-0.00515900
-0.00477046
-0.00433674
-0.00386211
-0.00335164
-0.00281092
-0.00224578
-0.00166216
-0.00106587
-0.00046263
0.00014199
0.00074244
0.00133323
0.00190885
0.00246389
0.00299314
0.00349187
0.00395601
0.00438238
0.00476889
0.00511451
0.00541917
0.00568350
0.00590843
0.00609475
0.00624271
0.00635167
0.00641994
0.00644488
0.00642312
0.00635103
0.00622530
0.00604353
0.00580471
0.00550963
0.00516098
0.00476322
0.00432225
0.00384484
0.00333805
0.00280867
0.00226266
0.00170497
0.00113943
0.00056894
-0.00000418
-0.00057770
-0.00114908
-0.00171505
-0.00227140
-0.00281301
-0.00333404
-0.00382827
-0.00428964
-0.00471269
-0.00509298
-0.00542742
-0.00571427
-0.00595309
-0.00614440
-0.00628929
-0.00638899
-0.00644441
-0.00645592
-0.00642314
-0.00634503
-0.00622006
-0.00604657
-0.00582314
-0.00554895
-0.00522415
-0.00485004
-0.00442913
-0.00396512
-0.00346273
-0.00292745
-0.00236529
-0.00178253
-0.00118553
-0.00058056
0.00002625
0.00062899
0.00122198
0.00179980
0.00235735
0.00288991
0.00339327
0.00386386
0.00429877
0.00469591
0.00505390
0.00537198
0.00564987
0.00588747
0.00608465
0.00624094
0.00635539
0.00642648
0.00645219
0.00643011
0.00635782
0.00623321
0.00605485
0.00582235
0.00553663
0.00519996
0.00481595
0.00438934
0.00392564
0.00343074
0.00291053
0.00237047
0.00181545
0.00124964
0.00067657
0.00009936
-0.00047900
-0.00105533
-0.00162598
-0.00218665
-0.00273233
-0.00325746
-0.00375619
-0.00422277
-0.00465191
-0.00503922
-0.00538146
-0.00567665
-0.00592403
-0.00612385
-0.00627700
-0.00638457
-0.00644753
-0.00646629
-0.00644062
-0.00636959
-0.00625175
-0.00608546
-0.00586926
-0.00560227
-0.00528459
-0.00491752
-0.00450360
-0.00404660
-0.00355131
-0.00302320
-0.00246816
-0.00189219
-0.00130119
-0.00070087
-0.00009674
0.00050585
0.00110157
0.00168509
0.00225104
0.00279409
0.00330914
0.00379157
0.00423750
0.00464397
0.00500912
0.00533214
0.00561310
0.00585266
0.00605162
0.00621052
0.00632927
0.00640691
0.00644154
0.00643054
0.00637085
0.00625955
0.00609434
0.00587408
0.00559916
0.00527167
0.00489532
0.00447516
0.00401711
0.00352745
0.00301223
0.00247689
0.00192600
0.00136323
0.00079158
0.00021367
-0.00036775
-0.00094946
-0.00152738
-0.00209649
-0.00265089
-0.00318411
-0.00368957
-0.00416105
-0.00459326
-0.00498219
-0.00532534
-0.00562167
-0.00587137
-0.00607548
-0.00623534
-0.00635213
-0.00642645
-0.00645807
-0.00644592
-0.00638821
-0.00628278
-0.00612754
-0.00592089
-0.00566210
-0.00535162
-0.00499112
-0.00458349
-0.00413262
-0.00364318
-0.00312031
-0.00256941
-0.00199598
-0.00140555
-0.00080371
-0.00019615
0.00041121
0.00101229
0.00160087
0.00217076
0.00271611
0.00323165
0.00371307
0.00415720
0.00456211
0.00492710
0.00525241
0.00553889
0.00578748
0.00599879
0.00617265
0.00630787
0.00640220
0.00645251
0.00645513
0.00640640
0.00630320
0.00614352
0.00592689
0.00565452
0.00532937
0.00495587
0.00453951
0.00408632
0.00360237
0.00309324
0.00256376
0.00201790
0.00145885
0.00088926
0.00031167
-0.00027111
-0.00085562
-0.00143753
-0.00201152
-0.00257148
-0.00311075
-0.00362261
-0.00410070
-0.00453956
-0.00493494
-0.00528405
-0.00558554
-0.00583937
-0.00604650
-0.00620838
-0.00632659
-0.00640234
-0.00643619
-0.00642786
-0.00637626
-0.00627966
-0.00613597
-0.00594314
-0.00569963
-0.00540470
-0.00505879
-0.00466364
-0.00422233
-0.00373919
-0.00321957
-0.00266955
-0.00209564
-0.00150448
-0.00090257
-0.00029617
0.00030889
0.00090712
0.00149344
0.00206303
0.00261136
0.00313414
0.00362738
0.00408741
0.00451107
0.00489574
0.00523948
0.00554103
0.00579973
0.00601543
0.00618823
0.00631827
0.00640543
0.00644916
0.00644836
0.00640140
0.00630628
0.00616095
0.00596368
0.00571351
0.00541061
0.00505658
0.00465455
0.00420914
0.00372614
0.00321215
0.00267402
0.00211835
0.00155110
0.00097723
0.00040072
-0.00017537
-0.00074851
-0.00131634
-0.00187616
-0.00242462
-0.00295743
-0.00346944
-0.00395482
-0.00440748
-0.00482162
-0.00519228
-0.00551580
-0.00579010
-0.00601470
-0.00619050
-0.00631931
-0.00640326
-0.00644421
-0.00644314
-0.00639992
-0.00631316
-0.00618049
-0.00599899
-0.00576589
-0.00547924
-0.00513850
-0.00474505
-0.00430224
-0.00381536
-0.00329119
-0.00273743
-0.00216203
-0.00157261
-0.00097596
-0.00037784
0.00021704
0.00080482
0.00138207
0.00194547
0.00249144
0.00301598
0.00351467
0.00398288
0.00441615
0.00481059
0.00516326
0.00547238
0.00573740
0.00595877
0.00613755
0.00627488
0.00637148
0.00642716
0.00644062
0.00640948
0.00633056
0.00620048
0.00601625
0.00577603
0.00547963
0.00512892
0.00472777
0.00428185
0.00379811
0.00328402
0.00274693
0.00219343
0.00162895
0.00105762
0.00048248
-0.00009417
-0.00067019
-0.00124310
-0.00180956
-0.00236522
-0.00290464
-0.00342167
-0.00390984
-0.00436303
-0.00477600
-0.00514484
-0.00546723
-0.00574239
-0.00597082
-0.00615380
-0.00629287
-0.00638923
-0.00644336
-0.00645476
-0.00642199
-0.00634293
-0.00621517
-0.00603654
-0.00580563
-0.00552215
-0.00518718
-0.00480321
-0.00437394
-0.00390403
-0.00339872
-0.00286350
-0.00230382
-0.00172500
-0.00113216
-0.00053040
0.00007512
0.00067896
0.00127537
0.00185832
0.00242162
0.00295928
0.00346582
0.00393663
0.00436828
0.00475866
0.00510694
0.00541337
0.00567892
0.00590478
0.00609189
0.00624050
0.00634989
0.00641831
0.00644307
0.00642091
0.00634846
0.00622281
0.00604198
0.00580538
0.00551405
0.00517071
0.00477953
0.00434589
0.00387583
0.00337562
0.00285127
0.00230823
0.00175118
0.00118406
0.00061017
0.00003249
-0.00054602
-0.00112207
-0.00169184
-0.00225084
-0.00279395
-0.00331558
-0.00381000
-0.00427169
-0.00469571
-0.00507804
-0.00541575
-0.00570709
-0.00595136
-0.00614870
-0.00629975
-0.00640527
-0.00646581
-0.00648144
-0.00645165
-0.00637536
-0.00625112
-0.00607739
-0.00585295
-0.00557722
-0.00525059
-0.00487466
-0.00445226
-0.00398740
-0.00348504
-0.00295087
-0.00239093
-0.00181137
-0.00121821
-0.00061722
-0.00001391
0.00058645
0.00117872
0.00175782
0.00231872
0.00285644
0.00336623
0.00384374
0.00428523
0.00468782
0.00504956
0.00536947
0.00564737
0.00588367
0.00607897
0.00623365
0.00634758
0.00641982
0.00644860
0.00643142
0.00636538
0.00624765
0.00607598
0.00584922
0.00556767
0.00523335
0.00484988
0.00442232
0.00395667
0.00345937
0.00293678
0.00239469
0.00183805
0.00127092
0.00069658
0.00011786
-0.00046246
-0.00104123
-0.00161461
-0.00217790
-0.00272558
-0.00325158
-0.00374965
-0.00421388
-0.00463919
-0.00502171
-0.00535898
-0.00564996
-0.00589482
-0.00609453
-0.00625040
-0.00636354
-0.00643447
-0.00646286
-0.00644747
-0.00638632
-0.00627704
-0.00611726
-0.00590518
-0.00563992
-0.00532190
-0.00495292
-0.00453620
-0.00407614
-0.00357804
-0.00304777
-0.00249141
-0.00191502
-0.00132446
-0.00072533
-0.00012303
0.00047719
0.00107010
0.00165048
0.00221310
0.00275286
0.00326495
0.00374506
0.00418963
0.00459597
0.00496237
0.00528801
0.00557278
0.00581702
0.00602116
0.00618535
0.00630918
0.00639149
0.00643038
0.00642333
0.00636751
0.00626017
0.00609917
0.00588335
0.00561288
0.00528952
0.00491651
0.00449852
0.00404118
0.00355073
0.00303349
0.00249544
0.00194190
0.00137737
0.00080555
0.00022953
-0.00034790
-0.00092388
-0.00149514
-0.00205772
-0.00260691
-0.00313728
-0.00364295
-0.00411799
-0.00455680
-0.00495464
-0.00530788
-0.00561427
-0.00587284
-0.00608377
-0.00624801
-0.00636679
-0.00644121
-0.00647180
-0.00645834
-0.00639980
-0.00629450
-0.00614044
-0.00593577
-0.00567928
-0.00537077
-0.00501137
-0.00460367
-0.00415158
-0.00366014
-0.00313515
-0.00258279
-0.00200926
-0.00142055
-0.00082231
-0.00021990
0.00038154
0.00097690
0.00156098
0.00212844
0.00267388
0.00319203
0.00367807
0.00412793
0.00453863
0.00490845
0.00523689
0.00552451
0.00577253
0.00598229
0.00615472
0.00628982
0.00638637
0.00644188
0.00645273
0.00641471
0.00632360
0.00617597
0.00596977
0.00570489
0.00538339
0.00500940
0.00458874
0.00412840
0.00363575
0.00311789
0.00258107
0.00203034
0.00146955
0.00090149
0.00032836
-0.00024772
-0.00082420
-0.00139769
-0.00196375
-0.00251700
-0.00305135
-0.00356044
-0.00403823
-0.00447944
-0.00487995
-0.00523697
-0.00554902
-0.00581566
-0.00603713
-0.00621387
-0.00634617
-0.00643385
-0.00647612
-0.00647171
-0.00641903
-0.00631653
-0.00616305
-0.00595813
-0.00570220
-0.00539665
-0.00504376
-0.00464652
-0.00420842
-0.00373322
-0.00322482
-0.00268724
-0.00212467
-0.00154162
-0.00094309
-0.00033474
0.00027710
0.00088547
0.00148306
0.00206256
0.00261708
0.00314068
0.00362868
0.00407795
0.00448691
0.00485542
0.00518432
0.00547504
0.00572896
0.00594692
0.00612882
0.00627342
0.00637835
0.00644030
0.00645547
0.00642009
0.00633090
0.00618573
0.00598377
0.00572582
0.00541426
0.00505288
0.00464653
0.00420075
0.00372133
0.00321395
0.00268389
0.00213591
0.00157422
0.00100258
0.00042448
-0.00015660
-0.00073699
-0.00131269
-0.00187921
-0.00243167
-0.00296486
-0.00347348
-0.00395237
-0.00439683
-0.00480282
-0.00516716
-0.00548763
-0.00576291
-0.00599246
-0.00617630
-0.00631474
-0.00640809
-0.00645644
-0.00645949
-0.00641652
-0.00632642
-0.00618795
-0.00599993
-0.00576158
-0.00547283
-0.00513448
-0.00474842
-0.00431760
-0.00384598
-0.00333833
-0.00280000
-0.00223670
-0.00165428
-0.00105859
-0.00045540
0.00014961
0.00075083
0.00134265
0.00191952
0.00247595
0.00300671
0.00350697
0.00397260
0.00440034
0.00478795
0.00513431
0.00543923
0.00570325
0.00592724
0.00611196
0.00625766
0.00636370
0.00642847
0.00644938
0.00642314
0.00634626
0.00621559
0.00602892
0.00578551
0.00548640
0.00513453
0.00473455
0.00429243
0.00381491
0.00330882
0.00278055
0.00223559
0.00167833
0.00111209
0.00053941
-0.00003751
-0.00061630
-0.00119391
-0.00176634
-0.00232848
-0.00287426
-0.00339698
-0.00388989
-0.00434672
-0.00476226
-0.00513276
-0.00545610
-0.00573176
-0.00596046
-0.00614373
-0.00628333
-0.00638071
-0.00643654
-0.00645054
-0.00642142
-0.00634710
-0.00622510
-0.00605303
-0.00582909
-0.00555247
-0.00522362
-0.00484442
-0.00441802
-0.00394871
-0.00344157
-0.00290221
-0.00233647
-0.00175026
-0.00114945
-0.00053991
0.00007249
0.00068174
0.00128174
0.00186631
0.00242940
0.00296531
0.00346897
0.00393627
0.00436427
0.00475128
0.00509684
0.00540147
0.00566628
0.00589254
0.00608118
0.00623236
0.00634522
0.00641776
0.00644702
0.00642938
0.00636111
0.00623893
0.00606057
0.00582523
0.00553389
0.00518937
0.00479612
0.00435990
0.00388724
0.00338491
0.00285937
0.00231637
0.00176075
0.00119642
0.00062649
0.00005362
-0.00051962
-0.00109035
-0.00165508
-0.00220961
-0.00274897
-0.00326767
-0.00376001
-0.00422047
-0.00464411
-0.00502689
-0.00536589
-0.00565935
-0.00590653
-0.00610742
-0.00626249
-0.00637223
-0.00643690
-0.00645632
-0.00642982
-0.00635628
-0.00623441
-0.00606299
-0.00584122
-0.00556898
-0.00524705
-0.00487719
-0.00446213
-0.00400547
-0.00351147
-0.00298490
-0.00243087
-0.00185468
-0.00126184
-0.00065803
-0.00004914
0.00055866
0.00115903
0.00174551
0.00231173
0.00285171
0.00336020
0.00383290
0.00426678
0.00466012
0.00501246
0.00532436
0.00559698
0.00583162
0.00602921
0.00618989
0.00631271
0.00639557
0.00643538
0.00642843
0.00637090
0.00625947
0.00609190
0.00586746
0.00558721
0.00525399
0.00487224
0.00444756
0.00398620
0.00349447
0.00297830
0.00244283
0.00189235
0.00133028
0.00075950
0.00018268
-0.00039734
-0.00097710
-0.00155240
-0.00211812
-0.00266848
-0.00319723
-0.00369814
-0.00416544
-0.00459425
-0.00498086
-0.00532289
-0.00561924
-0.00586986
-0.00607536
-0.00623665
-0.00635444
-0.00642897
-0.00645982
-0.00644581
-0.00638525
-0.00627614
-0.00611659
-0.00590520
-0.00564140
-0.00532574
-0.00496000
-0.00454718
-0.00409135
-0.00359740
-0.00307080
-0.00251733
-0.00194279
-0.00135293
-0.00075335
-0.00014951
0.00045320
0.00104938
0.00163363
0.00220053
0.00274480
0.00326139
0.00374580
0.00419423
0.00460378
0.00497258
0.00529972
0.00558515
0.00582932
0.00603290
0.00619634
0.00631954
0.00640160
0.00644077
0.00643451
0.00637981
0.00627364
0.00611344
0.00589767
0.00562622
0.00530070
0.00492445
0.00450245
0.00404083
0.00354644
0.00302623
0.00248668
0.00193342
0.00137102
0.00080292
0.00023176
-0.00034031
-0.00091112
-0.00147802
-0.00203749
-0.00258502
-0.00311511
-0.00362155
-0.00409788
-0.00453792
-0.00493634
-0.00528909
-0.00559368
-0.00584921
-0.00605618
-0.00621606
-0.00633079
-0.00640220
-0.00643149
-0.00641892
-0.00636370
-0.00626405
-0.00611758
-0.00592177
-0.00567452
-0.00537466
-0.00502241
-0.00461960
-0.00416974
-0.00367780
-0.00314996
-0.00259313
-0.00201455
-0.00142134
-0.00082025
-0.00021744
0.00038158
0.00097182
0.00154879
0.00210831
0.00264640
0.00315930
0.00364339
0.00409539
0.00451237
0.00489194
0.00523226
0.00553207
0.00579058
0.00600733
0.00618194
0.00631392
0.00640246
0.00644635
0.00644394
0.00639331
0.00629250
0.00613979
0.00593414
0.00567540
0.00536466
0.00500431
0.00459801
0.00415057
0.00366758
0.00315509
0.00261920
0.00206571
0.00149983
0.00092614
0.00034853
-0.00022961
-0.00080513
-0.00137484
-0.00193525
-0.00248232
-0.00301149
-0.00351766
-0.00399548
-0.00443962
-0.00484522
-0.00520818
-0.00552552
-0.00579545
-0.00601744
-0.00619192
-0.00632002
-0.00640310
-0.00644232
-0.00643826
-0.00639071
-0.00629859
-0.00616014
-0.00597323
-0.00573585
-0.00544664
-0.00510533
-0.00471311
-0.00427286
-0.00378904
-0.00326751
-0.00271514
-0.00213931
-0.00154747
-0.00094671
-0.00034348
0.00025651
0.00084828
0.00142743
0.00198994
0.00253200
0.00304988
0.00353993
0.00399863
0.00442283
0.00480987
0.00515778
0.00546533
0.00573195
0.00595755
0.00614218
0.00628569
0.00638737
0.00644579
0.00645870
0.00642327
0.00633645
0.00619548
0.00599851
0.00574505
0.00543642
0.00507578
0.00466805
0.00421943
0.00373682
0.00322719
0.00269691
0.00215133
0.00159460
0.00102974
0.00045902
-0.00011551
-0.00069141
-0.00126538
-0.00183290
-0.00238822
-0.00292459
-0.00343481
-0.00391183
-0.00434954
-0.00474328
-0.00509023
-0.00538943
-0.00564154
-0.00584831
-0.00601189
-0.00613414
-0.00621603
-0.00625734
-0.00625654
-0.00621110
-0.00611795
-0.00597414
-0.00577749
-0.00552712
-0.00522382
-0.00487019
-0.00447044
-0.00403013
-0.00355569
-0.00305404
-0.00253218
-0.00199698
-0.00145510
-0.00091297
-0.00037692
0.00014683
0.00065212
0.00113304
0.00158414
0.00200075
0.00237925
0.00271734
0.00301404
0.00326959
0.00348510
0.00366209
0.00380198
0.00390561
0.00397298
0.00400323
0.00399484
0.00394618
0.00385612
0.00372467
0.00355362
0.00334677
0.00310997
0.00285071
0.00257752
0.00229909
0.00202341
0.00175699
0.00150440
0.00126808
0.00104852
0.00084481
0.00065524
0.00047808
0.00031214
0.00015716
0.00001389
-0.00011607
-0.00023076
-0.00032832
-0.00040753
-0.00046816
-0.00051111
-0.00053827
-0.00055223
-0.00055579
-0.00055146
-0.00054112
-0.00052581
-0.00050577
-0.00048070
-0.00045012
-0.00041387
-0.00037242
-0.00032709
-0.00028000
-0.00023379
-0.00019121
-0.00015461
-0.00012544
-0.00010405
-0.00008953
-0.00007999
-0.00007299
-0.00006602
-0.00005715
-0.00004540
-0.00003096
