4.155566
4.160169
4.159511
4.159840
4.159511
4.159511
4.160169
4.159840
4.170032
4.159511
4.165100
4.159511
4.158196
4.159511
4.160826
4.159183
4.162141
4.167730
4.183840
4.205540
4.226910
4.256171
4.278527
4.300555
4.331460
4.351186
4.376502
4.388338
4.393269
4.399187
4.398201
4.395242
4.394913
4.383735
4.369926
4.347241
4.330473
4.293322
4.259459
4.218362
4.159183
4.112168
4.039509
3.964220
3.869862
3.774846
3.645309
3.547006
3.427990
3.303714
3.181081
3.052202
2.936803
2.851979
2.759265
2.670825
2.593235
2.528795
2.485068
2.465013
2.453506
2.469287
2.495589
2.546549
2.621509
2.693839
2.803650
2.934830
3.091326
3.279713
3.467772
3.638734
3.875122
4.092442
4.339679
4.573109
4.838758
5.030104
5.258602
5.492690
5.688639
5.907931
6.092702
6.224541
6.374134
6.514849
6.621701
6.703895
6.768334
6.808774
6.842309
6.868282
6.868940
6.847569
6.803514
6.739402
6.646030
6.548056
6.412929
6.263994
6.090401
5.901027
5.720859
5.499265
5.253671
5.008076
4.744400
4.490258
4.292336
4.059564
3.820546
3.566404
3.312919
3.054504
2.850335
2.613290
2.379532
2.172734
1.984676
1.828508
1.721328
1.603957
1.502694
1.431680
1.376446
1.351459
1.351788
1.359678
1.393542
1.455022
1.545435
1.659519
1.767357
1.915305
2.083965
2.255256
2.446931
2.616249
2.846390
3.068641
3.324426
3.575609
3.859341
4.113483
4.344282
4.598424
4.882813
5.126106
5.372029
5.557458
5.771490
5.987823
6.171280
6.329092
6.490520
6.589481
6.696004
6.785102
6.841980
6.901817
6.939298
6.962969
6.956394
6.923845
6.868940
6.785431
6.684168
6.572385
6.462574
6.303776
6.134457
5.945083
5.718886
5.502224
5.309891
5.060351
4.810154
4.549108
4.318638
4.072715
3.888602
3.630843
3.390510
3.136368
2.871048
2.625783
2.431149
2.222050
2.034649
1.864016
1.733822
1.615792
1.528668
1.441543
1.383679
1.351459
1.345541
1.356719
1.380391
1.438255
1.520777
1.629601
1.757822
1.903798
2.036951
2.220077
2.407478
2.614934
2.844418
3.063380
3.267549
3.518732
3.796874
4.057920
4.329816
4.590534
4.807196
5.062982
5.312521
5.546608
5.755709
5.972043
6.117690
6.287337
6.446793
6.588166
6.692059
6.781157
6.836720
6.893269
6.931736
6.949161
6.952120
6.929105
6.890639
6.819623
6.732169
6.611509
6.485588
6.325146
6.152540
6.003276
5.780367
5.557129
5.326001
5.080078
4.829223
4.616178
4.369269
4.128278
3.900109
3.648268
3.394784
3.196862
2.940090
2.699429
2.449561
2.238160
2.047143
1.905770
1.764398
1.640779
1.534585
1.443844
1.386966
1.355733
1.342582
1.346199
1.375788
1.428392
1.510914
1.599683
1.729219
1.879140
2.039910
2.223694
2.403204
2.565618
2.790828
3.010448
3.261302
3.503279
3.779778
3.987563
4.258472
4.517546
4.787798
5.043913
5.257616
5.475265
5.698174
5.924370
6.112100
6.283392
6.443834
6.557261
6.666743
6.768334
6.837049
6.893269
6.940284
6.951133
6.954093
6.952448
6.905105
6.833761
6.736772
6.645701
6.514521
6.355722
6.185746
6.003276
5.785298
5.607760
5.386167
5.143531
4.893663
4.629000
4.382749
4.178251
3.946466
3.705146
3.451991
3.209027
2.949625
2.763211
2.509726
2.287476
2.094486
1.923195
1.782152
1.680889
1.568449
1.463571
1.394857
1.355733
1.343240
1.345870
1.369870
1.415898
1.496777
1.609546
1.730534
1.839358
1.999799
2.173063
2.353559
2.559042
2.782608
2.957187
3.192260
3.434566
3.696927
3.967836
4.242033
4.453106
4.714481
4.985062
5.227369
5.478223
5.696529
5.878342
6.080538
6.248213
6.408326
6.552658
6.667729
6.741375
6.818308
6.879460
6.929434
6.952120
6.971846
6.955408
6.912667
6.840007
6.749923
6.640441
6.519452
6.402737
6.244267
6.055551
5.846779
5.621240
5.398003
5.199423
4.957117
4.689823
4.438640
4.196005
3.959946
3.771887
3.519718
3.268206
3.016037
2.770443
2.520576
2.342052
2.140514
1.956730
1.811741
1.677602
1.565161
1.483626
1.414583
1.367240
1.347514
1.346199
1.365925
1.396501
1.467516
1.569107
1.693383
1.827522
1.982703
2.127692
2.313778
2.499206
2.727374
2.941406
3.176807
3.368482
3.627556
3.898465
4.167402
4.435681
4.697056
4.917664
5.162600
5.410496
5.633405
5.855985
6.062127
6.200212
6.362627
6.514849
6.644058
6.737101
6.814692
6.866967
6.917598
6.948503
6.954093
6.953435
6.916612
6.854802
6.788719
6.680223
6.557261
6.408326
6.242952
6.068045
5.910562
5.680748
5.457839
5.211259
4.974870
4.708563
4.498806
4.255513
4.012549
3.770243
3.522019
3.286289
3.075216
2.833239
2.580413
2.350929
2.155309
1.972840
1.852509
1.717712
1.596395
1.496448
1.418200
1.368884
1.352445
1.347514
1.363295
1.396501
1.462584
1.558586
1.653930
1.786754
1.932730
2.112568
2.293065
2.492959
2.674442
2.894062
3.123875
3.366181
3.625583
3.895506
4.099346
4.370584
4.625055
4.899910
5.142216
5.383865
5.567321
5.792531
6.012153
6.189034
6.355393
6.511561
6.605920
6.713429
6.804829
6.871899
6.918585
6.947517
6.963298
6.955408
6.920886
6.859405
6.785102
6.676278
6.584221
6.433970
6.277802
6.097634
5.905630
5.682064
5.463758
5.272739
5.036351
4.780894
4.522477
4.270966
4.029974
3.837970
3.580212
3.338564
3.087710
2.843760
2.594550
2.405505
2.208899
2.011306
1.855139
1.719685
1.601655
1.521763
1.439899
1.387295
1.353103
1.346856
1.350144
1.382364
1.446474
1.534914
1.652286
1.775247
1.892290
2.059307
2.240790
2.435752
2.662606
2.887815
3.070285
3.303056
3.548321
3.825148
4.085537
4.354803
4.613219
4.826922
5.083037
5.324357
5.562389
5.772476
5.980262
6.148594
6.317913
6.479342
6.606906
6.711128
6.796609
6.849871
6.905105
6.936996
6.960339
6.961326
6.932393
6.891954
6.811404
6.706525
6.589810
6.449094
6.291940
6.157800
5.974344
5.747161
5.525238
5.292795
5.049502
4.847635
4.580670
4.342967
4.083564
3.845861
3.591390
3.397743
3.158396
2.913789
2.672798
2.427862
2.220735
2.062595
1.886373
1.745986
1.622697
1.517489
1.436611
1.389925
1.354089
1.346527
1.350801
1.383350
1.442529
1.510585
1.621053
1.747302
1.890318
2.055033
2.241447
2.387094
2.600468
2.826006
3.060421
3.306015
3.551280
3.776161
4.028988
4.294308
4.550752
4.820346
5.070872
5.258274
5.503539
5.719215
5.950015
6.141690
6.319886
6.442519
6.578960
6.684497
6.773924
6.852830
6.892612
6.930092
6.953435
6.957380
6.934695
6.877488
6.812719
6.726580
6.612824
6.492821
6.347174
6.171937
5.988153
5.770833
5.583760
5.355590
5.116900
4.861443
4.584944
4.348885
4.141428
3.910958
3.657803
3.406291
3.168917
2.919378
2.726059
2.479151
2.266105
2.070814
1.895578
1.751904
1.653601
1.543462
1.454365
1.393871
1.359678
1.345870
1.348171
1.372172
1.419844
1.504667
1.609874
1.727575
1.851851
2.010320
2.199364
2.379532
2.584029
2.774389
2.989406
3.234014
3.474676
3.743941
4.012549
4.225595
4.487956
4.750647
5.021227
5.253671
5.500909
5.667597
5.892808
6.092045
6.262350
6.424108
6.565809
6.677593
6.754197
6.827514
6.884392
6.920886
6.954093
6.955408
6.946530
6.906749
6.835076
6.738087
6.629920
6.504657
6.380709
6.218295
6.034510
5.815217
5.587705
5.363481
5.171477
4.929171
4.661220
4.406749
4.152607
3.918191
3.736708
3.473032
3.234014
2.980530
2.742498
2.489342
2.319367
2.121117
1.940620
1.789385
1.658533
1.547736
1.472119
1.407350
1.365925
1.345541
1.350801
1.374473
1.411953
1.479680
1.584888
1.703246
1.840673
1.998484
2.145775
2.320682
2.526165
2.754662
2.974612
3.219877
3.411880
3.681146
3.949754
4.216060
4.478093
4.735852
4.951527
5.195807
5.426935
5.658063
5.877355
6.085798
6.223884
6.397477
6.537535
6.656880
6.753869
6.829815
6.871570
6.920557
6.942914
6.953435
6.951133
6.921215
6.859076
6.772280
6.658853
6.532932
6.391888
6.217308
6.050620
5.872095
5.646884
5.425948
5.180354
4.936075
4.727961
4.469873
4.220006
3.973754
3.730462
3.477306
3.288919
3.041682
2.803978
2.559700
2.333833
2.138213
1.955086
1.824234
1.702917
1.577983
1.476721
1.407022
1.372172
1.344884
1.345212
1.364939
1.404391
1.473763
1.554312
1.671355
1.808125
1.961662
2.143473
2.319367
2.474876
2.692524
2.914117
3.145903
3.387551
3.656159
3.878410
4.135182
4.404448
4.658918
4.931472
5.175094
5.425620
5.596911
5.816532
6.034838
6.209417
6.380709
6.531288
6.626961
6.726252
6.807787
6.875515
6.928777
6.947188
6.956394
6.947188
6.914639
6.851186
6.772609
6.664771
6.567124
6.424436
6.260706
6.093031
5.893465
5.665954
5.490388
5.248081
5.001501
4.740783
4.473490
4.229211
4.033262
3.797203
3.540431
3.297138
3.052202
2.820088
2.622496
2.383477
2.183255
1.992566
1.826207
1.696013
1.602313
1.495133
1.425433
1.376774
1.349815
1.344226
1.357706
1.392556
1.456666
1.548065
1.665437
1.793330
1.913003
2.087253
2.268078
2.461397
2.685620
2.905898
3.092313
3.338892
3.591390
3.877095
4.131566
4.397872
4.596123
4.875252
5.120188
5.355262
5.586719
5.809957
5.985522
6.175225
6.337640
6.491506
6.619729
6.720334
6.790034
6.855460
6.910694
6.940284
6.957051
6.956394
6.929434
6.877159
6.796609
6.690086
6.571727
6.432984
6.304433
6.127224
5.931274
5.701790
5.490717
5.249725
5.063968
4.807196
4.542532
4.292665
4.039180
3.806080
3.599610
3.362893
3.117628
2.869076
2.629729
2.393998
2.226653
2.038266
1.869276
1.732178
1.617765
1.509928
1.435296
1.378747
1.352774
1.343240
1.351459
1.392884
1.434967
1.521763
1.636176
1.767357
1.910044
2.080020
2.224351
2.414711
2.633674
2.860856
3.087052
3.330673
3.531225
3.806408
4.058249
4.329487
4.584287
4.855196
5.051146
5.293452
5.534772
5.743873
5.968097
6.162074
6.296214
6.460601
6.591783
6.701922
6.793650
6.862364
6.911023
6.941270
6.960339
6.961326
6.933051
6.882748
6.800554
6.719018
6.605920
6.474081
6.315612
6.147279
5.954288
5.777079
5.551540
5.323699
5.080078
4.834813
4.563903
4.367296
4.108222
3.879396
3.615720
3.375715
3.128478
2.934173
2.696470
2.452849
2.244406
2.045828
1.872893
1.759795
1.638807
1.533928
1.449105
1.386638
1.351130
1.344555
1.349815
1.380062
1.437598
1.517161
1.622368
1.724616
1.868619
2.026759
2.210214
2.395971
2.606386
2.785896
3.012092
3.258672
3.505909
3.777476
4.028330
4.245650
4.506039
4.777606
5.036351
5.278986
5.524909
5.698502
5.918123
6.114730
6.293912
6.452382
6.595728
6.676935
6.769979
6.846254
6.900173
6.935023
6.960339
6.960668
6.937325
6.902475
6.822254
6.725265
6.612824
6.485917
6.358353
6.191006
6.008207
5.784641
5.553842
5.329618
5.132682
4.889718
4.617822
4.367625
4.115784
3.881040
3.685749
3.440155
3.197191
2.946008
2.708963
2.463698
2.289119
2.094486
1.913003
1.764727
1.638807
1.534257
1.459954
1.398145
1.360665
1.348500
1.351788
1.379733
1.413597
1.484612
1.590806
1.715082
1.861057
1.992237
2.177665
2.363751
2.572851
2.802992
3.021626
3.214945
3.453635
3.720927
3.981645
4.249595
4.505710
4.776291
4.982432
5.221451
5.464744
5.678447
5.903328
6.105196
6.244925
6.412271
6.556932
6.669374
6.771622
6.839021
6.889652
6.932393
6.956065
6.960339
6.942914
6.902475
6.840994
6.747293
6.641756
6.516164
6.364599
6.199225
6.047989
5.842834
5.615980
5.385509
5.144189
4.912403
4.694426
4.445544
4.193704
3.955343
3.701530
3.449360
3.259329
3.005845
2.772416
2.520576
2.297010
2.103034
1.949497
1.803851
1.678259
1.567463
1.470803
1.402748
1.367240
1.345212
1.345541
1.372172
1.413597
1.485927
1.567463
1.690424
1.832783
1.984676
2.166816
2.340737
2.494931
2.722771
2.937789
3.179766
3.426346
3.693310
3.913260
4.167402
4.436996
4.696727
4.966651
5.215862
5.410825
5.626501
5.848094
6.058181
6.238678
6.403395
6.526028
6.643729
6.742033
6.823569
6.885707
6.929763
6.944229
6.962312
6.953435
6.917598
6.851843
6.756499
6.650633
6.547069
6.401422
6.238021
6.069031
5.857629
5.636693
5.458497
5.212574
4.969610
4.699687
4.441928
4.193704
4.001371
3.769257
3.516759
3.274782
3.029188
2.784909
2.589618
2.351258
2.155638
1.968237
1.813385
1.691081
1.600669
1.498092
1.417871
1.368884
1.349815
1.348171
1.363295
1.395843
1.454365
1.558586
1.680561
1.817001
1.938648
2.107637
2.285832
2.474548
2.708634
2.934501
3.121902
3.367496
3.617692
3.890246
4.150634
4.420886
4.631630
4.901882
5.143202
5.383208
5.608089
5.828039
6.009851
6.185746
6.361969
6.514849
6.633537
6.745649
6.805486
6.867625
6.921215
6.943572
6.963955
6.960339
6.927462
6.862364
6.786088
6.678250
6.552987
6.408326
6.271556
6.104538
5.907603
5.677789
5.468689
5.229670
5.036351
4.775633
4.511957
4.264719
4.021098
3.790627
3.580541
3.340208
3.082449
2.848363
2.606057
2.375587
2.213830
2.022813
1.853166
1.718041
1.595408
1.491187
1.427077
1.374473
1.356719
1.345870
1.360993
1.399460
1.441543
1.530311
1.644067
1.775247
1.933058
2.101719
2.256571
2.433451
2.645510
2.871048
3.099545
3.350399
3.550951
3.835669
4.101318
4.363351
4.620123
4.887087
5.088955
5.325672
5.560746
5.778066
6.000317
6.180814
6.313310
6.475068
6.606248
6.709484
6.796938
6.866967
6.906091
6.940284
6.959024
6.955079
6.927462
6.871570
6.792006
6.715731
6.592440
6.452711
6.294241
6.125909
5.931932
5.756038
5.530827
5.293452
5.053118
4.780894
4.522477
4.326200
4.076003
3.837970
3.581856
3.341851
3.093956
2.900309
2.660962
2.431149
2.225338
2.032019
1.864674
1.748945
1.632889
1.519462
1.434310
1.379733
1.346856
1.346856
1.349486
1.379733
1.439241
1.528668
1.646039
1.750589
1.889003
2.061280
2.236187
2.422273
2.637619
2.823047
3.046284
3.297796
3.545033
3.822190
4.079290
4.296938
4.554368
4.822977
5.073174
5.311206
5.544964
5.720859
5.941466
6.135772
6.305420
6.471122
6.606248
6.688442
6.779184
6.853816
6.910694
6.948503
6.965600
6.963955
6.939955
6.897543
6.820281
6.718361
6.611180
6.493479
6.340270
6.174239
5.986837
5.759983
5.540690
5.355590
5.103750
4.851580
4.583301
4.339350
4.091784
3.857697
3.659775
3.404647
3.165629
2.917734
2.678387
2.441670
2.268407
2.076403
1.896236
1.756507
1.632231
1.528339
1.452721
1.392556
1.360993
1.344226
1.346856
1.378747
1.422145
1.498092
1.608559
1.736452
1.877825
2.042540
2.186542
2.373286
2.580741
2.804636
3.025572
3.274124
3.470402
3.742955
4.010577
4.281486
4.536943
4.800949
5.010378
5.253013
5.488415
5.703105
5.934233
6.096319
6.268268
6.434957
6.569755
6.674963
6.775568
6.841651
6.893269
6.934037
6.964284
6.966915
6.949818
6.901488
6.832775
6.741375
6.627619
6.496438
6.338297
6.176540
6.028592
5.815875
5.588363
5.363810
5.115585
4.861772
4.642151
4.400174
4.152936
3.921150
3.677200
3.431607
3.238945
2.989735
2.748416
2.495918
2.280243
2.087910
1.943908
1.797604
1.671684
1.563189
1.466201
1.395186
1.356719
1.339952
1.339294
1.370528
1.421159
1.498092
1.583573
1.707849
1.843961
2.001772
2.183583
2.369340
2.527480
2.758936
2.977571
3.218233
3.453635
3.726845
3.949096
4.216060
4.480723
4.738811
4.996898
5.237561
5.429236
5.649186
5.882616
6.083497
6.259391
6.425094
6.542138
6.661154
6.751238
6.837377
6.902475
6.941599
6.957380
6.965271
6.947845
6.912338
6.841322
6.745978
6.654250
6.532932
6.383010
6.227829
6.045030
5.829354
5.644583
5.425620
5.178052
4.935417
4.672070
4.412338
4.217704
3.977699
3.723886
3.469087
3.235986
2.992037
2.802992
2.563316
2.331531
2.128678
1.940291
1.790700
1.690753
1.574038
1.478037
1.407679
1.369542
1.348171
1.348829
1.367240
1.414912
1.474420
1.572066
1.696342
1.795960
1.948839
2.127034
2.317065
2.518275
2.746443
2.919378
3.154779
3.400373
3.663063
3.938246
4.195347
4.414311
4.675686
4.947253
5.174436
5.417729
5.644583
5.815217
6.032866
6.215335
6.387613
6.529644
6.654579
6.747293
6.816665
6.878145
6.923188
6.959682
6.953106
6.948832
6.917598
6.860392
6.767348
6.669374
6.535233
6.389586
6.258405
6.090401
5.888863
5.669241
5.450935
5.207314
5.010378
4.738811
4.479737
4.234472
3.981973
3.744270
3.544376
3.303385
3.066339
2.828636
2.584687
2.349943
2.192460
2.000457
1.829495
1.699630
1.583573
1.482968
1.424775
1.377103
1.349486
1.343568
1.365596
1.403734
1.455351
1.547736
1.663136
1.792672
1.944237
2.124075
2.266105
2.459753
2.683319
2.900309
3.135382
3.382948
3.582514
3.865587
4.113483
4.390310
4.653987
4.928513
5.122161
5.362823
5.587705
5.803381
6.026947
6.205143
6.342900
6.500712
6.622687
6.730196
6.817322
6.883077
6.922530
6.955736
6.971189
6.963955
6.927790
6.861049
6.786746
6.692388
6.570083
6.429039
6.268926
6.100922
5.935877
5.710667
5.486114
5.241506
5.007090
4.749331
4.533327
4.293651
4.042468
3.810682
3.559171
3.319824
3.121573
2.879596
2.628742
2.395971
2.195091
2.006375
1.866646
1.728562
1.605272
1.500722
1.426748
1.380062
1.352774
1.339623
1.351788
1.388939
1.450748
1.539188
1.630258
1.759466
1.905770
2.077390
2.266105
2.457780
2.633674
2.854281
3.076860
3.331660
3.577253
3.858683
4.059893
4.326528
4.583629
4.861772
5.110325
5.344741
5.530169
5.751106
5.974015
6.159444
6.327119
6.483287
6.613811
6.698306
6.788061
6.856446
6.912667
6.948503
6.964613
6.955408
6.930092
6.880775
6.799568
6.699621
6.590138
6.471451
6.311666
6.143334
5.951658
5.726448
5.506169
5.319754
5.074160
4.816072
4.553382
4.309761
4.055947
3.872821
3.621966
3.376373
3.130121
2.886172
2.648140
2.458438
2.239804
2.045170
1.874208
1.732836
1.611847
1.530640
1.449762
1.390583
1.359678
1.346527
1.354747
1.382364
1.437926
1.517818
1.625656
1.750261
1.895249
2.032019
2.214159
2.405176
2.615263
2.837184
3.067983
3.266891
3.513142
3.792600
4.050687
4.316336
4.573109
4.782866
5.038981
5.278329
5.513073
5.733352
5.959549
6.114073
6.288981
6.456985
6.591125
6.694689
6.784773
6.837706
6.899845
6.945873
6.964942
6.965600
6.934037
6.894255
6.829487
6.733156
6.615454
6.475725
6.332050
6.152211
6.005578
5.788586
5.567650
5.336851
5.087640
4.891362
4.620452
4.364008
4.110524
3.874136
3.620651
3.384921
3.193903
2.946337
2.711264
2.468958
2.256900
2.064568
1.917606
1.770316
1.639793
1.533928
1.450420
1.403076
1.364939
1.350801
1.352774
1.380720
1.435625
1.492831
1.600340
1.725603
1.866975
2.031362
2.212187
2.355203
2.558056
2.773731
2.996968
3.238945
3.493087
3.711722
3.988549
4.247294
4.511957
4.780894
5.035694
5.225725
5.465401
5.681077
5.909904
6.104867
6.280104
6.452382
6.557261
6.672661
6.766362
6.843624
6.901817
6.936996
6.952120
6.960997
6.945873
6.904448
6.826528
6.726580
6.637154
6.509589
6.367229
6.196267
6.012153
5.795819
5.620254
5.395701
5.159312
4.905828
4.636562
4.385050
4.181868
3.936274
3.701530
3.449689
3.210013
2.963433
2.769457
2.531754
2.313778
2.115527
1.935360
1.778864
1.678259
1.559243
1.465214
1.399131
1.360665
1.346199
1.348171
1.368226
1.412611
1.480009
1.589162
1.712452
1.817330
1.969881
2.154651
2.330545
2.537672
2.771101
2.948310
3.189301
3.435223
3.711722
3.970138
4.231184
4.444887
4.707248
4.966980
5.204683
5.452250
5.670885
5.846450
6.055880
6.232432
6.398792
6.540493
6.663126
6.739074
6.819623
6.876173
6.932393
6.957380
6.964942
6.959682
6.915955
6.851515
6.755841
6.656222
6.526028
6.371832
6.236706
6.058839
5.845464
5.624528
5.402605
5.166545
4.976514
4.705276
4.446531
4.194032
3.951726
3.708763
3.505909
3.273795
3.024585
2.786882
2.534384
2.319038
2.155309
1.970538
1.818974
1.684835
1.576011
1.479352
1.423131
1.366254
1.342911
1.345541
1.370528
1.405707
1.461269
1.564833
1.683848
1.822591
1.971196
2.152021
2.288133
2.478822
2.703045
2.926282
3.162999
3.409250
3.615391
3.895506
4.157867
4.431736
4.689166
4.960733
5.150435
5.395372
5.618939
5.835601
6.054236
6.226185
6.361969
6.518795
6.640112
6.737759
6.824555
6.881433
6.920557
6.952448
6.962969
6.955079
6.925489
6.853816
6.784444
6.683182
6.558576
6.413915
6.252816
6.071332
5.910890
5.684693
5.466387
5.219149
4.977829
4.716454
4.502422
4.251568
4.003015
3.771230
3.523663
3.289905
3.086395
2.847705
2.601125
2.365395
2.162213
1.971196
1.844290
1.714424
1.601326
1.497434
1.424118
1.371514
1.350473
1.344884
1.357377
1.397487
1.462584
1.563846
1.650642
1.777220
1.923524
2.110924
2.285174
2.482438
2.655702
2.879267
3.104806
3.354345
3.613090
3.892876
4.090797
4.364008
4.622096
4.893992
5.139586
5.382550
5.548581
5.772805
5.996700
6.182458
6.355393
6.518466
6.610523
6.715731
6.799239
6.869268
6.923845
6.954421
6.960668
6.959353
6.929105
6.871241
6.798253
6.683511
6.586851
6.456985
6.285365
6.119662
5.930617
5.707050
5.519320
5.286219
5.042926
4.786483
4.527738
4.281486
4.081592
3.844546
3.595007
3.347769
3.099217
2.856253
2.663921
2.427862
2.216789
2.027416
1.857769
1.723301
1.622368
1.514859
1.434639
1.381377
1.359678
1.353103
1.356719
1.386309
1.446146
1.539517
1.646697
1.780508
1.916620
2.057663
2.234872
2.420629
2.643537
2.857569
3.042996
3.285302
3.537143
3.814628
4.067454
4.347570
4.604013
4.828566
5.076790
5.310548
5.543321
5.762284
5.947055
6.141361
6.310351
6.476054
6.605262
6.713429
6.804500
6.852830
6.908721
6.939298
6.960339
6.960997
6.929763
6.888009
6.810747
6.707511
6.594413
6.459286
6.298187
6.166348
5.973029
5.753407
5.531814
5.292795
5.052461
4.851580
4.574752
4.332775
4.088496
3.853094
3.608158
3.410894
3.168259
2.923980
2.682990
2.438054
2.229612
2.079034
1.891304
1.754535
1.627957
1.522750
1.441214
1.389597
1.354747
1.343897
1.347514
1.381049
1.438584
1.511900
1.614477
1.743356
1.887688
2.051745
2.231913
2.378875
2.587974
2.810554
3.037079
3.290563
3.531883
3.751832
4.014193
4.285103
4.541546
4.811470
5.064626
5.251698
5.487758
5.700146
5.925685
6.126895
6.297858
6.437587
6.572056
6.688114
6.780499
6.855789
6.912995
6.945215
6.968558
6.966915
6.944887
6.900831
6.821267
6.743348
6.627948
6.500712
6.335667
6.166348
5.982234
5.758339
5.585075
5.359865
5.114270
4.869991
4.596123
4.411681
4.149319
3.915890
3.657145
3.414182
3.173191
2.976913
2.739539
2.494931
2.275969
2.078705
1.894592
1.760124
1.657218
1.549709
1.461269
1.403734
1.360336
1.345541
1.347514
1.371185
1.420501
1.500393
1.608888
1.708178
1.842646
2.006704
2.188515
2.368025
2.573179
2.800362
2.974612
3.216589
3.455936
3.726516
4.002028
4.267349
4.474805
4.746701
5.011693
5.244794
5.485785
5.703105
5.871766
6.084483
6.258405
6.424765
6.570083
6.680881
6.768006
6.838035
6.899516
6.943243
6.961654
6.961654
6.954093
6.914968
6.843295
6.745320
6.630907
6.503013
6.378079
6.215993
6.037797
5.827053
5.595267
5.385180
5.185286
4.937061
4.670425
4.419242
4.157538
3.919507
3.719283
3.471059
3.236644
2.988091
2.754005
2.509398
2.333175
2.135254
1.949826
1.797604
1.669382
1.551353
1.479023
1.402748
1.361651
1.345870
1.342582
1.369870
1.408994
1.478365
1.582586
1.706534
1.838043
1.991580
2.144131
2.331860
2.529124
2.764197
2.979543
3.215274
3.413195
3.668981
3.937918
4.199950
4.463298
4.724345
4.938376
5.180354
5.418715
5.639323
5.864204
6.072976
6.221582
6.385312
6.543781
6.655893
6.754526
6.834418
6.883735
6.935681
6.965600
6.958366
6.950805
6.915626
6.869597
6.785431
6.671346
6.545096
6.394189
6.229144
6.078894
5.872095
5.649186
5.429893
5.181669
4.943965
4.726646
4.465928
4.219677
3.977042
3.736708
3.483881
3.297796
3.048586
2.812855
2.565947
2.340079
2.141829
1.988950
1.821276
1.690424
1.569435
1.476064
1.407679
1.376446
1.348500
1.348829
1.370199
1.401761
1.472776
1.547736
1.666423
1.796289
1.949826
2.127363
2.308846
2.470602
2.687922
2.908857
3.141300
3.393798
3.656816
3.884328
4.141428
4.410694
4.666152
4.938705
5.182327
5.369071
5.587377
5.807326
6.023989
6.206788
6.377750
6.507945
6.624989
6.731512
6.816993
6.882748
6.927790
6.954421
6.964613
6.960339
6.923845
6.862693
6.775568
6.695346
6.573700
6.426738
6.263665
6.090073
5.878999
5.659049
5.484141
5.254986
5.007748
4.747687
4.480723
4.231184
4.028659
3.794901
3.538129
3.306344
3.059106
2.823705
2.629400
2.389067
2.186542
2.002429
1.830481
1.697986
1.604285
1.499736
1.426419
1.380720
1.359021
1.345870
1.356391
1.391569
1.452063
1.547408
1.664780
1.800234
1.916948
2.085938
2.268736
2.460082
2.685291
2.905898
3.086066
3.332646
3.577253
3.857039
4.114469
4.381104
4.587903
4.866704
5.103750
5.350001
5.577842
5.796805
5.979604
6.165362
6.341585
6.502685
6.628276
6.722964
6.797267
6.874200
6.914639
6.947845
6.962312
6.959682
6.930749
6.876173
6.793650
6.689429
6.571398
6.432327
6.306077
6.137745
5.948370
5.732037
5.507813
5.261232
5.071858
4.809168
4.540231
4.291678
4.043125
3.809367
3.604213
3.367825
3.126176
2.884856
2.644523
2.404848
2.237173
2.038594
1.868619
1.731192
1.609874
1.507955
1.446146
1.390254
1.354747
1.343897
1.350144
1.386309
1.434967
1.521435
1.639793
1.759137
1.901825
2.067198
2.213173
2.400574
2.621838
2.843431
3.083107
3.329687
3.522677
3.801477
4.056934
4.322912
4.576067
4.845333
5.042926
5.283589
5.519649
5.734338
5.962508
6.149909
6.289310
6.456985
6.589481
6.700936
6.790691
6.862035
6.904119
6.955408
6.970531
6.968887
6.939626
6.884721
6.819294
6.722306
6.601317
6.470465
6.315283
6.157142
5.956919
5.771490
5.559759
5.328302
5.082379
4.834813
4.561273
4.366310
4.116442
3.870519
3.611117
3.376044
3.138012
2.948639
2.712251
2.464027
2.246379
2.053061
1.880126
1.767028
1.643738
1.534585
1.446474
1.391569
1.354747
1.356062
1.354418
1.387953
1.432008
1.515188
1.628943
1.733822
1.866646
2.032019
2.205611
2.382162
2.593235
2.778992
3.001571
3.251110
3.499334
3.778463
4.035563
4.259459
4.516560
4.781880
5.037008
5.285891
5.509457
5.680091
5.910890
6.108155
6.288652
6.450080
6.586193
6.677593
6.780499
6.846912
6.896557
6.940613
6.970860
6.963298
6.945873
6.903790
6.825870
6.733156
6.617098
6.513863
6.357695
6.188376
6.002947
5.777737
5.558444
5.370386
5.130380
4.885115
4.612233
4.370255
4.111839
3.922794
3.681474
3.431935
3.198506
2.957515
2.720799
2.520905
2.298983
2.105664
1.921880
1.773603
1.648670
1.556942
1.463242
1.403405
1.365267
1.348500
1.350801
1.366911
1.408994
1.487242
1.597052
1.722972
1.857769
1.987963
2.169775
2.354874
2.554111
2.785238
3.007818
3.201794
3.440155
3.706790
3.971453
4.238088
4.498477
4.700673
4.975199
5.214547
5.454223
5.672858
5.896424
6.063770
6.236706
6.414573
6.565152
6.676606
6.768006
6.831131
6.894255
6.939298
6.960339
6.967243
6.950147
6.917927
6.848885
6.758800
6.647674
6.525041
6.364270
6.200212
6.057524
5.842505
5.616637
5.394715
5.141559
4.956788
4.693111
4.428448
4.172333
3.933644
3.692981
3.492759
3.262617
3.016366
2.783594
2.531754
2.303257
2.146103
1.956072
1.800234
1.672013
1.560230
1.468173
1.412940
1.367569
1.348500
1.346527
1.370528
1.410638
1.469817
1.563518
1.691081
1.821933
1.983032
2.150706
2.301284
2.496575
2.726388
2.946337
3.183383
3.427990
3.632487
3.907999
4.164443
4.435023
4.699687
4.971911
5.161614
5.400961
5.630117
5.840861
6.050948
6.238350
6.381038
6.528329
6.651948
6.750252
6.827843
6.894913
6.931736
6.953106
6.971189
6.964284
6.914639
6.842638
6.757156
6.668058
6.548056
6.409313
6.234405
6.056866
5.841519
5.665296
5.455209
5.211587
4.979144
4.705605
4.445873
4.244664
3.997755
3.756763
3.501964
3.267878
3.021955
2.834225
2.588632
2.363422
2.164515
1.973169
1.814043
1.706205
1.586860
1.484612
1.410967
1.363952
1.351459
1.344884
1.359021
1.393542
1.458639
1.552997
1.676615
1.787741
1.938319
2.124075
2.298654
2.492959
2.716196
2.889459
3.113683
3.361249
3.615062
3.894520
4.153265
4.371570
4.626698
4.902211
5.137613
5.385509
5.611048
5.789573
6.007550
6.189691
6.361969
6.510575
6.639783
6.732827
6.806801
6.880118
6.931407
6.960011
6.962969
6.966257
6.934037
6.873542
6.790034
6.678908
6.557590
6.442190
6.286680
6.113744
5.913520
5.687324
5.468031
5.221122
5.026159
4.766099
4.507354
4.257814
4.023070
3.791614
3.583829
3.343167
3.087710
2.853952
2.599810
2.411752
2.217776
2.025444
1.855139
1.716726
1.602641
1.516832
1.435625
1.380391
1.354089
1.348171
1.358692
1.387295
1.446146
1.534914
1.648998
1.780508
1.926483
2.062595
2.248023
2.423588
2.644523
2.870719
3.106121
3.307002
3.554897
3.837642
4.092113
4.365324
4.620452
4.845005
5.087640
5.324686
5.556472
5.769188
5.991111
6.141690
6.316269
6.482300
6.619400
6.724279
6.802527
6.870584
6.917927
6.954093
6.971518
6.968558
6.931736
6.876173
6.822254
6.710799
6.596056
6.455670
6.295885
6.120648
5.965467
5.741243
5.514060
5.282274
5.045228
4.787140
4.566862
4.322254
4.068441
3.832710
3.580212
3.338564
3.145245
2.899980
2.670496
2.433451
2.223365
2.033992
1.889332
1.745000
1.629272
1.512229
1.431680
1.383350
1.361322
1.348171
1.355404
1.385980
1.442200
1.526366
1.621053
1.747630
1.888016
2.056348
2.232899
2.422601
2.604084
2.826993
3.054175
3.296481
3.555554
3.830409
4.028330
4.298254
4.553711
4.822648
5.073174
5.312850
5.506169
5.714283
5.938836
6.138073
6.305748
6.468163
6.592111
6.692388
6.785102
6.855131
6.908721
6.949818
6.957709
6.969545
6.945544
6.893269
6.816336
6.714744
6.624989
6.493479
6.334681
6.164047
5.978947
5.757024
5.576856
5.351645
5.104078
4.856512
4.586259
4.334419
4.131894
3.895506
3.641035
3.404647
3.165300
2.926611
2.733292
2.489342
2.273339
2.075746
1.899852
1.748617
1.651957
1.537873
1.453379
1.396501
1.362309
1.348171
1.350473
1.375788
1.428721
1.504010
1.613491
1.738096
1.843303
2.005060
2.187529
2.372628
2.584687
2.812855
2.989078
3.237302
3.475333
3.747229
4.003344
4.281815
4.492230
4.754591
5.016953
5.254328
5.495648
5.704420
5.886232
6.099607
6.271885
6.429039
6.571070
6.680223
6.762088
6.838692
6.900831
6.942585
6.969873
6.970860
6.953435
6.910694
6.838692
6.751567
6.634852
6.495780
6.341256
6.211390
6.031550
5.816203
5.587048
5.360522
5.122818
4.918650
4.647411
4.393269
4.139127
3.898794
3.657145
3.458566
3.223493
2.977242
2.748744
2.500192
2.285174
2.125391
1.941278
1.790042
1.662478
1.552339
1.461269
1.409981
1.371843
1.348500
1.348829
1.381377
1.426419
1.486913
1.582258
1.701931
1.836728
1.993881
2.179309
2.327257
2.527480
2.750388
2.974283
3.216589
3.463826
3.677858
3.949754
4.210471
4.472833
4.739468
5.005117
5.200080
5.433839
5.648857
5.876698
6.085141
6.263337
6.395175
6.548056
6.671017
6.759787
6.835733
6.899845
6.933708
6.955079
6.960668
6.955079
6.909708
6.840007
6.766362
6.659839
6.534247
6.388600
6.216322
6.048318
5.870780
5.647542
5.422989
5.176080
4.932787
4.658918
4.459024
4.207183
3.966192
3.723229
3.478621
3.246836
3.047599
2.813513
2.561344
2.331531
2.124404
1.943250
1.819960
1.690424
1.574367
1.481324
1.402748
1.362966
1.348171
1.345541
1.372829
1.406035
1.471461
1.576668
1.675629
1.808453
1.964621
2.143144
2.324627
2.529124
2.704360
2.925624
3.157081
3.399716
3.654515
3.932657
4.129264
4.409379
4.659905
4.941007
5.180025
5.415099
5.594938
5.814230
6.034510
6.214020
6.383010
6.533260
6.630907
6.742362
6.818966
6.887680
6.933051
6.960339
6.972175
6.964942
6.919900
6.861707
6.773924
6.660825
6.543124
6.431012
6.259391
6.086785
5.884917
5.659707
5.437455
5.231314
4.992953
4.726974
4.470202
4.227567
3.986248
3.797531
3.541417
3.305686
3.053846
2.814170
2.574495
2.386108
2.184241
1.991580
1.828508
1.699301
1.579299
1.500722
1.426419
1.375131
1.355404
1.344884
1.363295
1.394857
1.461269
1.556613
1.669382
1.794316
1.942593
2.083308
2.266434
2.461725
2.687264
2.912473
3.141300
3.341523
3.595007
3.876766
4.135511
4.395242
4.651357
4.871964
5.125120
5.370386
5.587705
5.804696
6.020372
6.167335
6.342900
6.504328
6.630578
6.732827
6.814692
6.877488
6.922859
6.958695
6.974805
6.968887
6.934366
6.884721
6.800883
6.699949
6.576001
6.437587
6.265967
6.122621
5.933576
5.710009
5.496634
5.250711
5.010378
4.805552
4.535628
4.291021
4.040166
3.805422
3.551609
3.355989
3.116313
2.869076
2.630057
2.393998
2.191803
2.036951
1.865002
1.725931
1.603957
1.502694
1.426419
1.383679
1.352774
1.346856
1.357048
1.394199
1.450748
1.521435
1.641765
1.764398
1.910702
2.082650
2.264133
2.421944
2.642551
2.864473
3.099217
3.343167
3.580870
3.804765
4.064496
4.328830
4.583629
4.854539
5.099475
5.290822
5.527211
5.741571
5.966125
6.159115
6.325804
6.464547
6.599673
6.707840
6.794308
6.865652
6.913982
6.958038
6.965600
6.975134
6.945873
6.890967
6.802527
6.703895
6.609865
6.474739
6.310022
6.139718
5.949028
5.724804
5.548910
5.322056
5.076133
4.820018
4.552724
4.305158
4.101318
3.866245
3.614076
3.371441
3.128149
2.891432
2.706990
2.459095
2.250653
2.052403
1.877825
1.738425
1.641108
1.528339
1.442858
1.390912
1.356391
1.348500
1.353432
1.379733
1.427734
1.517161
1.628286
1.753877
1.875523
2.041225
2.228954
2.407478
2.618879
2.844418
3.023599
3.269850
3.519718
3.789312
4.045755
4.315021
4.528395
4.793716
5.044241
5.279315
5.507813
5.731709
5.912534
6.116374
6.289968
6.454683
6.599016
6.699949
6.773266
6.854145
6.905763
6.945544
6.969873
6.960339
6.944887
6.903790
6.832117
6.745978
6.620386
6.488218
6.358024
6.187718
6.010180
5.790230
5.570938
5.334878
5.134326
4.892019
4.612233
4.370913
4.123346
3.887287
3.686406
3.436209
3.200150
2.952584
2.724415
2.475534
2.297339
2.098431
1.918264
1.771302
1.651629
1.544120
1.472776
1.406693
1.362966
1.350801
1.349158
1.378090
1.418529
1.492174
1.591134
1.713109
1.853166
2.011306
2.167474
2.345340
2.556412
2.782279
3.006503
3.253740
3.452319
3.725859
3.989864
4.257157
4.512943
4.774647
4.988350
5.224739
5.459155
5.680419
5.900041
6.113415
6.246240
6.413587
6.559891
6.673976
6.767019
6.846254
6.888995
6.937983
6.964284
6.967572
6.944558
6.904776
6.842309
6.758142
6.645373
6.513206
6.361640
6.191992
6.009194
5.840533
5.622884
5.392742
5.146162
4.897280
4.674700
4.424174
4.169703
3.934959
3.682132
3.435552
3.210342
3.005516
2.774389
2.529124
2.311147
2.112897
1.931743
1.805166
1.672341
1.558586
1.460612
1.397487
1.360993
1.345870
1.346856
1.367569
1.410967
1.478037
1.590806
1.693383
1.833769
1.986320
2.163857
2.339093
2.540960
2.722443
2.951597
3.188643
3.435223
3.702516
3.971124
4.176608
4.439626
4.707248
4.976185
5.211259
5.455867
5.630774
5.851711
6.061469
6.238021
6.406025
6.552658
6.648003
6.743677
6.835733
6.895899
6.933051
6.970531
6.971846
6.948503
6.915626
6.851515
6.763074
6.653264
6.552001
6.405038
6.239665
6.061798
5.858286
5.633405
5.453237
5.207642
4.952514
4.689166
4.433380
4.183512
3.990193
3.754133
3.509526
3.267220
3.024585
2.784909
2.586002
2.359806
2.159912
1.971196
1.812727
1.675629
1.579956
1.479352
1.404720
1.372172
1.346856
1.346856
1.363624
1.400117
1.466201
1.575353
1.689109
1.821604
1.943579
2.118815
2.300298
2.498877
2.723429
2.942721
3.134724
3.377030
3.630186
3.905698
4.169374
4.434695
4.639192
4.912732
5.153723
5.391427
5.616309
5.837574
6.010509
6.191006
6.362298
6.522082
6.646359
6.745978
6.809432
6.876502
6.925818
6.959024
6.968887
6.962312
6.931736
6.878474
6.784444
6.686141
6.555617
6.413258
6.238350
6.103223
5.903657
5.681406
5.461785
5.214218
4.977171
4.774976
4.507354
4.262089
4.025700
3.782408
3.524321
3.327714
3.084093
2.845075
2.596851
2.364738
2.166158
2.016238
1.843632
1.714096
1.600011
1.494804
1.421159
1.377432
1.352116
1.348829
1.364610
1.405378
1.463242
1.538860
1.653930
1.780836
1.934702
2.105007
2.285832
2.438054
2.668195
2.891432
3.117628
3.365194
3.614733
3.845532
4.094085
4.370255
4.626041
4.905170
5.141230
5.332905
5.560088
5.776093
5.996700
6.182129
6.350791
6.484602
6.613482
6.719347
6.804500
6.866967
6.931078
6.954093
6.973490
6.973819
6.940613
6.885378
6.788719
6.701922
6.586851
6.445478
6.289639
6.114073
5.918123
5.738941
5.520964
5.280301
5.042269
4.775633
4.511299
4.312062
4.059893
3.827450
3.571335
3.331988
3.084751
2.896364
2.659318
2.425232
2.216789
2.023142
1.858756
1.742041
1.623683
1.519133
1.441543
1.381049
1.353432
1.347842
1.353103
1.386966
1.444502
1.533928
1.646039
1.747959
1.892290
2.055691
2.243420
2.437396
2.653071
2.833568
3.048914
3.300097
3.542074
3.815285
4.077975
4.293651
4.550094
4.821661
5.072845
5.316466
5.550882
5.719215
5.946398
6.139718
6.306735
6.475068
6.613153
6.694689
6.789376
6.862035
6.913653
6.951462
6.967572
6.978093
6.942914
6.893269
6.821267
6.717703
6.600002
6.494794
6.332708
6.170293
5.974344
5.757353
5.536417
5.305946
5.101448
4.850265
4.568834
4.326200
4.080934
3.846190
3.646953
3.402674
3.161026
2.915104
2.673455
2.481123
2.266763
2.076075
1.898208
1.759137
1.634861
1.524394
1.457324
1.395514
1.358363
1.348171
1.346527
1.385651
1.422474
1.511571
1.615135
1.744014
1.884071
2.023800
2.203639
2.394656
2.604742
2.829294
3.051873
3.251110
3.484868
3.759722
4.010906
4.276555
4.535300
4.749331
5.014323
5.263863
5.491045
5.704420
5.939823
6.094347
6.277145
6.437587
6.581591
6.685154
6.782143
6.855789
6.902475
6.943572
6.972175
6.968558
6.944558
6.899187
6.839021
6.744663
6.632879
6.507945
6.342243
6.170622
6.021688
5.799107
5.587048
5.363153
5.111311
4.866046
4.648726
4.391297
4.133867
3.900766
3.649255
3.412538
3.225795
2.972310
2.736580
2.492959
2.273339
2.079034
1.934045
1.785110
1.659190
1.546421
1.456995
1.396172
1.365596
1.346856
1.352445
1.383350
1.432008
1.513544
1.589819
1.709493
1.844947
2.004731
2.180624
2.368025
2.529124
2.754662
2.974612
3.221849
3.469416
3.739996
3.952384
4.218033
4.479737
4.745715
5.015309
5.250054
5.438113
5.655761
5.876698
6.081524
6.257748
6.427724
6.542466
6.664113
6.758471
6.836391
6.892612
6.946202
6.962969
6.972175
6.960668
6.920228
6.843624
6.752224
6.637482
6.534904
6.378407
6.213363
6.034510
5.819491
5.595924
5.421345
5.168847
4.930157
4.663521
4.411352
4.153593
3.960274
3.720927
3.472046
3.234671
2.988749
2.754662
2.551809
2.326600
2.132295
1.942922
1.795631
1.665108
1.574038
1.475406
1.405707
1.367569
1.347842
1.348171
1.367240
1.408337
1.480338
1.582915
1.705219
1.843632
1.963963
2.144788
2.325285
2.523535
2.750060
2.969680
3.162999
3.410894
3.668324
3.940548
4.206526
4.467901
4.678974
4.956130
5.187587
5.434496
5.643268
5.862560
6.034838
6.215664
6.387285
6.542795
6.661154
6.758471
6.823569
6.888009
6.938311
6.973490
6.970860
6.960339
6.928119
6.853487
6.769979
6.656222
6.534247
6.387285
6.257748
6.086127
5.890506
5.665625
5.435812
5.186272
4.995912
4.727304
4.470202
4.215732
3.968494
3.723886
3.522348
3.295494
3.051873
2.809896
2.565618
2.333504
2.176350
1.982046
1.828837
1.695356
1.587847
1.489872
1.428392
1.372500
1.351459
1.348171
1.365925
1.407022
1.461269
1.555956
1.671355
1.808125
1.957716
2.131966
2.274982
2.467972
2.698771
2.920364
3.157081
3.397743
3.596651
3.868218
4.124990
4.393927
4.659247
4.939034
5.127421
5.372687
5.595267
5.820148
6.027277
6.204486
6.342243
6.502356
6.632222
6.726909
6.819623
6.880775
6.924503
6.955736
6.971846
6.966915
6.926475
6.864008
6.797925
6.693374
6.571070
6.440875
6.270241
6.092045
5.891493
5.711324
5.500251
5.252684
5.005775
4.738153
4.535628
4.278856
4.036550
3.794901
3.541088
3.304043
3.057462
2.864801
2.626770
2.392354
2.191474
2.003087
1.836728
1.725274
1.608559
1.504338
1.431680
1.379405
1.354747
1.349486
1.357048
1.392884
1.454036
1.548723
1.667739
1.767028
1.912674
2.085280
2.262160
2.452520
2.681346
2.852637
3.079162
3.324426
3.577253
3.859012
4.123346
4.335405
4.589219
4.863087
5.108024
5.349344
5.536088
5.751106
5.975330
6.163060
6.332708
6.496438
6.630249
6.716717
6.792664
6.866967
6.925160
6.956394
6.983682
6.971518
6.933708
6.880775
6.807787
6.699949
6.582248
6.475725
6.310022
6.138731
5.953631
5.721516
5.503868
5.318110
5.068571
4.820018
4.539574
4.291021
4.033591
3.850135
3.595007
3.364537
3.120587
2.888802
2.642551
2.453177
2.237502
2.051088
1.874537
1.732178
1.609546
1.522421
1.439570
1.385651
1.355733
1.348829
1.359349
1.383021
1.434967
1.517818
1.632560
1.760781
1.909716
2.045170
2.227310
2.410437
2.622496
2.846061
3.069627
3.278727
3.523335
3.798846
4.053646
4.326528
4.582643
4.805881
5.062653
5.299699
5.525896
5.740585
5.965138
6.118676
6.288981
6.468821
6.602632
6.712114
6.791020
6.850200
6.905763
6.947517
6.963298
6.974805
6.941599
6.899845
6.828500
6.722635
6.614468
6.478684
6.318571
6.182129
6.000317
5.786942
5.557787
5.325672
5.080078
4.881170
4.610589
4.357762
4.100332
3.866245
3.617035
3.426346
3.189301
2.946995
2.715538
2.469287
2.249667
2.048129
1.909716
1.764398
1.648012
1.538860
1.458639
1.408994
1.370199
1.352774
1.356062
1.382364
1.433652
1.514859
1.605272
1.721986
1.862043
2.028074
2.214817
2.399587
2.561015
2.788197
3.016037
3.259658
3.509197
3.786682
3.993809
4.251568
4.512285
4.778264
5.040954
5.280301
5.473620
5.684365
5.905301
6.107169
6.285693
6.452711
6.567124
6.678908
6.775568
6.850528
6.910365
6.949818
6.974148
6.974148
6.947845
6.901817
6.826857
6.728224
6.639126
6.516164
6.361969
6.184760
6.009194
5.788915
5.610719
5.388797
5.143202
4.901882
4.631301
4.374200
4.166744
3.920821
3.670625
3.422730
3.192588
2.952255
2.764854
2.522220
2.301613
2.103363
1.921551
1.773275
1.668725
1.557600
1.464228
1.400117
1.363624
1.347842
1.350144
1.372172
1.417214
1.496448
1.603957
1.730205
1.840673
1.994868
2.173391
2.345669
2.552796
2.778992
2.958173
3.200150
3.443114
3.702845
3.969480
4.233157
4.445873
4.709550
4.983747
5.220793
5.460141
5.675817
5.853355
6.063770
6.238678
6.413258
6.561535
6.675949
6.747951
6.829815
6.891954
6.931078
6.968558
6.973490
6.965928
6.926147
6.852501
6.760115
6.652277
6.524384
6.372490
6.235062
6.061469
5.842176
5.617295
5.393400
5.154381
4.961390
4.692125
4.433051
4.181539
3.935945
3.699557
3.500649
3.269850
3.023599
2.779649
2.530110
2.305558
2.147418
1.958374
1.803193
1.680889
1.570093
1.479023
1.422803
1.374473
1.357048
1.351788
1.374473
1.416885
1.473763
1.566148
1.685163
1.817330
1.970867
2.153336
2.291421
2.493945
2.722771
2.940748
3.186671
3.429963
3.631172
3.904383
4.165100
4.431078
4.691796
4.967309
5.156025
5.396358
5.613349
5.836258
6.050291
6.236048
6.367887
6.525699
6.642743
6.753869
6.817322
6.887022
6.928119
6.961654
6.972175
6.964942
6.918585
6.855789
6.778198
6.678579
6.559234
6.409970
6.248870
6.068702
5.897739
5.670228
5.463758
5.225067
4.978487
4.704618
4.492230
4.246965
3.995453
3.767284
3.518732
3.285960
3.081792
2.852308
2.597509
2.369011
2.166487
1.979744
1.850208
1.715082
1.600011
1.493489
1.420501
1.372500
1.354418
1.349815
1.361322
1.399789
1.465543
1.567463
1.660506
1.791686
1.936675
2.113555
2.291092
2.486712
2.668853
2.890774
3.118286
3.366181
3.609802
3.884985
4.092442
4.361378
4.625055
4.910102
5.148134
5.385509
5.562389
5.780038
6.002618
6.182458
6.362298
6.507945
6.613811
6.717046
6.809103
6.879460
6.937654
6.973161
6.968887
6.969216
6.934037
6.877488
6.795623
6.688114
6.571727
6.456656
6.293584
6.122293
5.922726
5.696858
5.470662
5.276685
5.032406
4.774318
4.502751
4.263732
4.013535
3.825148
3.567390
3.334290
3.089682
2.851979
2.612632
2.418985
2.207584
2.017882
1.840673
1.713109
1.591792
1.508612
1.430693
1.378747
1.351788
1.347185
1.361322
1.387295
1.447789
1.534914
1.644396
1.771960
1.922538
2.053061
2.237502
2.429177
2.651756
2.877952
3.107765
3.308316
3.553581
3.831724
4.093428
4.360721
4.614205
4.832840
5.079092
5.328302
5.550554
5.770833
5.953631
6.138073
6.320543
6.483944
6.622358
6.722306
6.805486
6.856446
6.916941
6.958695
6.983025
6.972504
6.941270
6.895899
6.816665
6.713429
6.597372
6.457643
6.291283
6.153197
5.962508
5.742229
5.524909
5.296411
5.048844
4.850265
4.578369
4.326857
4.069098
3.831395
3.574623
3.387551
3.150834
2.913789
2.669510
2.431149
2.225009
2.069170
1.891962
1.752562
1.627957
1.519133
1.433652
1.392227
1.358692
1.342911
1.352445
1.387295
1.441543
1.510914
1.623025
1.745000
1.886701
2.056020
2.238488
2.388738
2.596523
2.824362
3.044969
3.295166
3.539444
3.757750
4.016495
4.295623
4.551081
4.822648
5.074160
5.260904
5.494991
5.717242
5.940151
6.130840
6.306735
6.438902
6.582577
6.695675
6.786088
6.859076
6.911023
6.949161
6.966915
6.962312
6.951791
6.891954
6.807787
6.719018
6.634852
6.507288
6.340928
6.176540
5.986837
5.764257
5.588692
5.360522
5.121832
4.865388
4.589219
4.337707
4.127291
3.888602
3.646953
3.403661
3.160697
2.921679
2.737237
2.489342
2.275640
2.081664
1.906757
1.764727
1.662149
1.557271
1.463242
1.401104
1.360336
1.347842
1.346199
1.376774
1.423789
1.500064
1.610532
1.742370
1.851194
2.012950
2.192789
2.376902
2.586659
2.805951
2.988091
3.226452
3.469416
3.738681
3.998741
4.270637
4.477436
4.738153
5.007090
5.236574
5.481840
5.694228
5.885575
6.085470
6.271556
6.436272
6.577316
6.687785
6.761759
6.838692
6.899516
6.942914
6.966586
6.966915
6.957709
6.925160
6.841322
6.746964
6.630907
6.509589
6.384326
6.213692
6.033852
5.812258
5.593623
5.380249
5.134326
4.929171
4.658918
4.407078
4.146360
3.902081
3.655173
3.464484
3.232699
2.991708
2.757621
2.506110
2.287805
2.123418
1.943250
1.795960
1.667081
1.553654
1.472447
1.407022
1.360336
1.342253
1.348171
1.375459
1.409981
1.481982
1.590806
1.711794
1.856454
2.018868
2.160569
2.335805
2.529453
2.748087
2.970338
3.209356
3.402674
3.653857
3.932329
4.197649
4.463298
4.729605
4.947911
5.188902
5.423318
5.649186
5.870780
6.074291
6.218623
6.387613
6.537535
6.660496
6.758471
6.837049
6.897872
6.926475
6.958038
6.972504
6.960668
6.913982
6.845925
6.774252
6.669044
6.543781
6.395175
6.227171
6.048975
5.882287
5.656090
5.425291
5.191532
4.943637
4.669768
4.466586
4.213759
3.971453
3.731777
3.482895
3.248151
3.053846
2.813513
2.568248
2.342052
2.140185
1.954100
1.823577
1.696013
1.577983
1.476721
1.411953
1.370857
1.352774
1.351788
1.365267
1.408008
1.471132
1.577983
1.675300
1.806152
1.959031
2.135911
2.311805
2.510384
2.696141
2.926939
3.160697
3.406620
3.670625
3.927726
4.143401
4.403790
4.660233
4.941664
5.180354
5.419702
5.594281
5.812258
6.027605
6.206788
6.378079
6.532603
6.628934
6.737101
6.822254
6.882091
6.931736
6.955736
6.967572
6.967572
6.940613
6.866967
6.779513
6.672332
6.574028
6.429368
6.260049
6.087771
5.884917
5.661351
5.482826
5.244794
4.998871
4.740783
4.482696
4.227567
4.030303
3.792929
3.541417
3.303714
3.061079
2.828308
2.635647
2.392683
2.188186
1.995854
1.835084
1.700287
1.605929
1.504996
1.429049
1.381049
1.353103
1.346856
1.357377
1.390254
1.449105
1.547079
1.675958
1.800563
1.918592
2.089226
2.266105
2.454821
2.687264
2.903597
3.091326
3.338892
3.585473
3.858026
4.120387
4.387022
4.588232
4.867690
5.110983
5.351645
5.577184
5.796148
5.976974
6.162403
6.339941
6.506301
6.625646
6.731512
6.801869
6.872227
6.923845
6.961326
6.968887
6.967243
6.932065
6.881762
6.801869
6.702251
6.576988
6.434628
6.285365
6.138073
5.946398
5.727106
5.511101
5.268466
5.028789
4.823963
4.551738
4.296610
4.041810
3.805751
3.556869
3.369797
3.131108
2.889459
2.646496
2.401560
2.197721
2.040896
1.869605
1.735466
1.614806
1.506969
1.435625
1.388939
1.354089
1.344884
1.351788
1.386638
1.448447
1.516832
1.630258
1.767028
1.908072
2.077390
2.260516
2.414053
2.624797
2.850993
3.081134
3.328372
3.583171
3.806080
4.056934
4.321268
4.578698
4.850594
5.098489
5.289507
5.521293
5.737626
5.968097
6.153197
6.328434
6.462245
6.598029
6.708169
6.798582
6.866310
6.918256
6.950147
6.969216
6.967243
6.939955
6.887680
6.808774
6.726580
6.614797
6.482629
6.321530
6.148923
5.961522
5.779709
5.562389
5.325672
5.079421
4.829881
4.563245
4.354145
4.102962
3.866574
3.617035
3.366509
3.133080
2.940090
2.707648
2.463698
2.252954
2.060622
1.883414
1.752233
1.642423
1.530640
1.444502
1.387295
1.355404
1.344555
1.347842
1.372500
1.436282
1.520448
1.631574
1.729548
1.861386
2.023800
2.204954
2.394656
2.612303
2.787540
3.002229
3.247165
3.498019
3.778463
4.037536
4.305158
4.516888
4.781222
5.043913
5.280959
5.517019
5.686337
5.912205
6.109470
6.279775
6.455341
6.594741
6.703237
6.776883
6.851186
6.905434
6.945215
6.967572
6.970202
6.953763
6.906420
6.828829
6.730854
6.616441
6.483287
6.361969
6.190020
6.008865
5.787929
5.564362
5.337179
5.143202
4.897937
4.621439
4.379461
4.122360
3.881369
3.682132
3.429634
3.187657
2.945351
2.710607
2.467315
2.301613
2.104349
1.927469
1.784124
1.658533
1.552339
1.473763
1.408008
1.366583
1.354089
1.353432
1.379076
1.415241
1.490859
1.596724
1.725931
1.859742
2.026101
2.173720
2.356518
2.555426
2.782937
3.003544
3.254398
3.445086
3.705146
3.971124
4.238088
4.504724
4.771688
4.986706
5.224739
5.463758
5.674830
5.895767
6.096648
6.245254
6.412271
6.550028
6.672661
6.771622
6.847569
6.895899
6.941270
6.968230
6.970531
6.964284
6.912995
6.849871
6.755184
6.645044
6.525041
6.368545
6.196267
6.022345
5.849410
5.621240
5.399318
5.152737
4.904512
4.634589
4.435023
4.182854
3.944165
3.704489
3.456922
3.211329
3.021955
2.778334
2.525507
2.308846
2.114541
1.930757
1.809768
1.677930
1.568778
1.478694
1.413597
1.368555
1.354418
1.347514
1.367898
1.410638
1.487571
1.595737
1.693712
1.826207
1.982374
2.159912
2.338107
2.538330
2.720799
2.938775
3.175821
3.421086
3.688379
3.955343
4.165429
4.428777
4.691467
4.966980
5.209286
5.444360
5.622555
5.845135
6.056209
6.230459
6.402080
6.550357
6.647346
6.754526
6.830473
6.887022
6.939626
6.965600
6.967901
6.951791
6.916283
6.847898
6.762417
6.660496
6.567124
6.421477
6.254460
6.074620
5.869465
5.635377
5.463428
5.213889
4.967966
4.697714
4.447846
4.200608
4.006631
3.775504
3.519718
3.287933
3.034448
2.796745
2.600139
2.366052
2.164843
1.973497
1.816673
1.689109
1.594093
1.494804
1.427405
1.371514
1.347514
1.349486
1.359349
1.396172
1.468831
1.565161
1.682533
1.810426
1.925497
2.104020
2.288133
2.490986
2.710936
2.932200
3.118286
3.364537
3.611446
3.895177
4.153593
4.416612
4.626370
4.909773
5.147148
5.382550
5.602829
5.825738
6.001632
6.187718
6.359339
6.523726
6.636825
6.748279
6.807787
6.879789
6.931407
6.959353
6.984668
6.968558
6.935352
6.884392
6.792006
6.688771
6.574358
6.417861
6.253145
6.113744
5.918452
5.697845
5.472305
5.226382
4.992295
4.783195
4.515902
4.268664
4.019783
3.784052
3.531554
3.343167
3.098230
2.857240
2.611646
2.376573
2.173720
2.021498
1.849879
1.721328
1.597052
1.503023
1.431022
1.388282
1.363952
1.349486
1.357377
1.391569
1.459625
1.534257
1.647683
1.784124
1.920894
2.101719
2.274654
2.434108
2.650112
2.872363
3.098230
3.355002
3.605856
3.832053
4.090140
4.359406
4.615849
4.886759
5.130052
5.319097
5.550554
5.766887
5.991440
6.173910
6.345530
6.482958
6.607893
6.711128
6.802198
6.869268
6.923516
6.951791
6.970531
6.978093
6.938640
6.877488
6.792006
6.721649
6.596056
6.465204
6.296214
6.125580
5.932261
5.751435
5.526882
5.298055
5.038981
4.781880
4.525436
4.324884
4.073044
3.840272
3.586788
3.351386
3.113354
2.917405
2.683319
2.435095
2.225009
2.033005
1.862043
1.749603
1.624998
1.521763
1.440885
1.387624
1.359349
1.350144
1.354418
1.387953
1.444502
1.532284
1.648012
1.750589
1.890318
2.052074
2.231913
2.421944
2.637290
2.812198
3.039709
3.285960
3.527608
3.808381
4.060550
4.280828
4.544505
4.814100
5.068242
5.313179
5.543321
5.716585
5.939823
6.133800
6.303118
6.468163
6.605920
6.691730
6.786746
6.863022
6.917270
6.956394
6.973490
6.968887
6.944887
6.892940
6.824226
6.711785
6.601646
6.467834
6.340928
6.173581
5.996372
5.759326
5.541348
5.306274
5.108681
4.855196
4.591849
4.341652
4.094085
3.849149
3.641693
3.408921
3.170232
2.931542
2.693511
2.451534
2.277941
2.091527
1.907414
1.764398
1.647683
1.535901
1.465543
1.402090
1.360993
1.347185
1.351130
1.381377
1.422474
1.495790
1.604614
1.730534
1.870592
2.035307
2.181282
2.364080
2.570549
2.802335
3.026229
3.276426
3.471059
3.745256
4.002686
4.272609
4.533327
4.801935
5.004789
5.243807
5.476908
5.689625
5.921740
6.124922
6.263665
6.428053
6.570083
6.682853
6.777869
6.853158
6.899845
6.940284
6.971518
6.968887
6.949818
6.901488
6.824555
6.748279
6.636496
6.505972
6.354736
6.183773
5.997358
5.823765
5.601514
5.379920
5.128079
4.875909
4.603684
4.403461
4.150634
3.907013
3.664049
3.421086
3.185027
2.991379
2.758608
2.514987
2.297010
2.098431
1.913332
1.792343
1.669382
1.553326
1.469817
1.404720
1.362637
1.347514
1.348171
1.372172
1.420173
1.494475
1.601984
1.696013
1.827851
1.983032
2.166816
2.350271
2.565947
2.751046
2.969680
3.215602
3.462511
3.731448
3.998741
4.206197
4.467572
4.725988
4.991309
5.223423
5.466716
5.639980
5.866506
6.072976
6.249528
6.421148
6.564494
6.660825
6.756827
6.836720
6.902475
6.947517
6.971846
6.979737
6.968887
6.927462
6.843624
6.755184
6.637154
6.540165
6.386956
6.231117
6.050291
5.831656
5.607431
5.427921
5.189231
4.948239
4.676672
4.423845
4.172662
3.975069
3.736380
3.479936
3.244863
2.996311
2.763868
2.565947
2.345340
2.145117
1.964292
1.813714
1.673985
1.583244
1.483626
1.411624
1.367898
1.350473
1.348500
1.363952
1.404063
1.469489
1.574367
1.698314
1.831468
1.954100
2.137884
2.313778
2.512028
2.739210
2.958502
3.143601
3.398401
3.650898
3.924109
4.188115
4.450147
4.653000
4.925883
5.171148
5.405893
5.638665
5.852368
6.027277
6.206788
6.374463
6.534575
6.644058
6.750581
6.829487
6.882091
6.930749
6.963955
6.971518
6.963298
6.914310
6.863022
6.780170
6.674634
6.552987
6.406353
6.242624
6.104210
5.893465
5.664310
5.446003
5.204026
4.957774
4.748674
4.484340
4.235129
3.986905
3.751503
3.499334
3.316865
3.058449
2.813513
2.568577
2.348299
2.149720
2.005388
1.844947
1.705876
1.585545
1.486256
1.414255
1.371514
1.348500
1.344226
1.358692
1.402748
1.469817
1.548065
1.666752
1.793001
1.947524
2.123418
2.307531
2.461725
2.689565
2.908857
3.140642
3.387222
3.643337
3.864930
4.116113
4.385050
4.643137
4.911088
5.163258
5.349673
5.578171
5.796805
6.014783
6.200541
6.367229
6.497424
6.623673
6.726252
6.815678
6.881762
6.931407
6.959682
6.975791
6.972833
6.938640
6.878474
6.788719
6.702579
6.582248
6.443834
6.281748
6.107497
5.904973
5.733352
5.503539
5.266821
5.022213
4.762482
4.496504
4.302856
4.045098
3.809039
3.554568
3.317851
3.074230
2.885514
2.644852
2.409451
2.203639
2.010649
1.847906
1.741055
1.616779
1.510914
1.426419
1.379076
1.351130
1.349158
1.354089
1.391240
1.452063
1.546093
1.662478
1.767686
1.910373
2.074759
2.260188
2.450218
2.677401
2.850335
3.074888
3.319824
3.565089
3.848491
4.108880
4.388338
4.587903
4.858484
5.107695
5.336193
5.564034
5.738613
5.960864
6.152540
6.329092
6.486246
6.624331
6.731512
6.805486
6.863679
6.913982
6.954093
6.971846
6.973490
6.945544
6.886036
6.809103
6.709484
6.589810
6.454026
6.330735
6.153197
5.966782
5.740914
5.520964
5.282274
5.080078
4.834155
4.564232
4.314692
4.060222
3.836327
3.620980
3.382291
3.137683
2.890774
2.655373
2.418327
2.255585
2.066211
1.892619
1.749274
1.622039
1.510585
1.442200
1.383021
1.351459
1.347514
1.355075
1.387295
1.433652
1.514530
1.628943
1.759137
1.904126
2.069170
2.211529
2.393012
2.605071
2.835869
3.055161
3.308316
3.506238
3.790627
4.046413
4.309432
4.566204
4.835799
5.034707
5.270109
5.503539
5.728092
5.951001
6.145307
6.278789
6.456985
6.584549
6.695675
6.786088
6.860392
6.907735
6.961326
6.970860
6.975791
6.949818
6.895570
6.846254
6.738087
6.622687
6.493150
6.332708
6.159444
5.971714
5.797792
5.574554
5.355919
5.099475
4.845333
4.624068
4.374200
4.118086
3.893204
3.643994
3.408592
3.220205
2.974283
2.725730
2.475205
2.258873
2.061937
1.917277
1.774590
1.651629
1.540503
1.450420
1.394199
1.360993
1.345541
1.348171
1.376117
1.431351
1.508941
1.594093
1.722972
1.862043
2.018539
2.196406
2.383806
2.546878
2.779978
2.999270
3.257357
3.486512
3.757421
3.962904
4.228882
4.487956
4.758208
5.023200
5.259917
5.457510
5.671543
5.900698
6.101251
6.270241
6.440217
6.578631
6.669702
6.767019
6.846583
6.914639
6.952120
6.976449
6.978093
6.958366
6.909379
6.838692
6.745649
6.634194
6.530631
6.375120
6.204486
6.015769
5.802066
5.581787
5.398331
5.155038
4.916677
4.640507
4.390639
4.135182
3.949096
3.705804
3.456264
3.218561
2.973954
2.737895
2.536357
2.316408
2.120788
1.938319
1.791028
1.662149
1.569764
1.467516
1.406693
1.367898
1.360665
1.359678
1.378090
1.419186
1.486913
1.590477
1.716726
1.850865
1.976785
2.153008
2.331203
2.527151
2.755977
2.980530
3.178451
3.424045
3.691009
3.962576
4.227239
4.489929
4.697714
4.965664
5.203697
5.442716
5.658391
5.878999
6.039113
6.226842
6.398792
6.555946
6.667729
6.764389
6.828829
6.889324
6.938311
6.964613
6.969545
6.948832
6.921544
6.854474
6.768663
6.660168
6.537206
6.383668
6.218623
6.074291
5.870451
5.646884
5.421017
5.178710
4.928185
4.708892
4.460011
4.202909
3.964220
3.723886
3.476320
3.287604
3.040366
2.802992
2.551481
2.327257
2.124404
1.973826
1.816344
1.681547
1.566805
1.476064
1.406364
1.371514
1.351130
1.346199
1.367240
1.408337
1.487900
1.566476
1.687465
1.811412
1.962648
2.144788
2.316736
2.472575
2.700744
2.923980
3.162670
3.408592
3.670954
3.890903
4.153265
4.428448
4.680946
4.959089
5.187916
5.384851
5.603815
5.825080
6.033195
6.212048
6.389915
6.517150
6.641428
6.742033
6.826199
6.898858
6.939298
6.964613
6.977436
6.971518
6.927462
6.856775
6.770965
6.686470
6.575673
6.421806
6.256433
6.083168
5.878999
5.701132
5.478552
5.232958
4.981446
4.720070
4.462969
4.259787
4.013207
3.776490
3.524649
3.288919
3.041353
2.850664
2.601783
2.373614
2.179967
1.995525
1.841331
1.732836
1.606587
1.500064
1.428063
1.378418
1.354089
1.351130
1.355404
1.389597
1.456995
1.552010
1.677930
1.784453
1.933387
2.102376
2.279914
2.466328
2.687593
2.861185
3.088696
3.329687
3.586130
3.867889
4.138470
4.352172
4.607630
4.887745
5.136956
5.370714
5.600856
5.772148
5.989796
6.175225
6.346188
6.509589
6.626961
6.717374
6.806144
6.872885
6.929105
6.962641
6.978093
6.974805
6.940941
6.881762
6.799897
6.693045
6.583563
6.461588
6.299502
6.125251
5.932590
5.707379
5.488744
5.251040
5.053776
4.801278
4.528724
4.279513
4.021098
3.788983
3.582185
3.342838
3.100203
2.864801
2.619865
2.388080
2.226324
2.029389
1.866975
1.724945
1.613491
1.514859
1.451077
1.390912
1.360336
1.353432
1.361322
1.393871
1.439241
1.526366
1.639464
1.774261
1.927798
2.099089
2.245393
2.434766
2.651428
2.870719
3.098559
3.348098
3.534513
3.800162
4.061865
4.329158
4.589219
4.867033
5.063311
5.303644
5.531156
5.745517
5.973358
6.163060
6.304433
6.469478
6.602304
6.708498
6.806144
6.866638
6.911352
6.956394
6.982038
6.969545
6.936010
6.882420
6.823897
6.720005
6.602304
6.457643
6.313968
6.134457
5.982892
5.757353
5.533457
5.303644
5.058050
4.803250
4.585931
4.327515
4.081921
3.843560
3.597308
3.367167
3.180753
2.946666
2.712908
2.474876
2.264462
2.075746
1.936346
1.793330
1.682862
1.582258
1.515517
1.458639
1.435625
1.426419
1.436940
1.478037
1.549380
1.642752
1.726918
1.853824
2.004073
2.177665
2.353230
2.542604
2.717511
2.920364
3.132752
3.366838
3.594021
3.844875
4.023399
4.257814
4.481380
4.694755
4.910102
5.089941
5.223423
5.377947
5.515046
5.625843
5.717242
5.783983
5.829025
5.875711
5.890506
5.903986
5.891821
5.848423
5.801080
5.729736
5.646556
5.555814
5.459812
5.353947
5.259917
5.142874
5.037008
4.929828
4.807853
4.693111
4.610918
4.513600
4.428119
4.348556
4.273267
4.202909
4.160498
4.112825
4.070742
4.033920
4.009262
3.990850
3.981973
3.964877
3.950740
3.956000
3.956000
3.959288
3.973097
3.985261
3.997097
4.004330
4.021426
4.031947
4.046084
4.055290
4.070414
4.079948
4.089811
4.100989
4.115784
4.112496
4.124661
4.140113
4.138798
4.146031
4.150634
4.156881
4.158854
