-0.00012529
-0.00011728
-0.00011024
-0.00010355
-0.00009704
-0.00009108
-0.00008642
-0.00008404
-0.00008477
-0.00008906
-0.00009658
-0.00010609
-0.00011535
-0.00012122
-0.00011998
-0.00010771
-0.00008084
-0.00003665
0.00002626
0.00010767
0.00020557
0.00031632
0.00043489
0.00055535
0.00067145
0.00077721
0.00086752
0.00093849
0.00098777
0.00101445
0.00101897
0.00100262
0.00096709
0.00091384
0.00084355
0.00075574
0.00064843
0.00051819
0.00036037
0.00016948
-0.00006008
-0.00033338
-0.00065413
-0.00102410
-0.00144258
-0.00190616
-0.00240877
-0.00294194
-0.00349534
-0.00405745
-0.00461629
-0.00516008
-0.00567786
-0.00615983
-0.00659749
-0.00698362
-0.00731201
-0.00757715
-0.00777392
-0.00789725
-0.00794208
-0.00790330
-0.00777604
-0.00755594
-0.00723963
-0.00682514
-0.00631225
-0.00570280
-0.00500074
-0.00421213
-0.00334499
-0.00240902
-0.00141539
-0.00037641
0.00069468
0.00178394
0.00287694
0.00395901
0.00501559
0.00603260
0.00699691
0.00789693
0.00872304
0.00946804
0.01012731
0.01069878
0.01118258
0.01158039
0.01189463
0.01212753
0.01228034
0.01235267
0.01234223
0.01224500
0.01205575
0.01176902
0.01138014
0.01088640
0.01028796
0.00958841
0.00879488
0.00791761
0.00696912
0.00596305
0.00491294
0.00383106
0.00272764
0.00161050
0.00048522
-0.00064426
-0.00177466
-0.00290229
-0.00402198
-0.00512637
-0.00620559
-0.00724743
-0.00823803
-0.00916287
-0.01000798
-0.01076107
-0.01141253
-0.01195597
-0.01238831
-0.01270949
-0.01292176
-0.01302880
-0.01303479
-0.01294361
-0.01275832
-0.01248096
-0.01211266
-0.01165407
-0.01110585
-0.01046929
-0.00974678
-0.00894209
-0.00806049
-0.00710860
-0.00609418
-0.00502581
-0.00391260
-0.00276404
-0.00158992
-0.00040039
0.00079394
0.00198189
0.00315174
0.00429136
0.00538863
0.00643185
0.00741044
0.00831547
0.00914018
0.00988017
0.01053341
0.01109979
0.01158059
0.01197755
0.01229213
0.01252471
0.01267417
0.01273775
0.01271132
0.01259000
0.01236904
0.01204479
0.01161563
0.01108262
0.01044986
0.00972442
0.00891585
0.00803536
0.00709487
0.00610595
0.00507897
0.00402255
0.00294331
0.00184607
0.00073446
-0.00038835
-0.00151871
-0.00265170
-0.00378046
-0.00489592
-0.00598689
-0.00704047
-0.00804281
-0.00898001
-0.00983910
-0.01060883
-0.01128033
-0.01184743
-0.01230662
-0.01265676
-0.01289858
-0.01303404
-0.01306569
-0.01299614
-0.01282776
-0.01256254
-0.01220217
-0.01174832
-0.01120297
-0.01056876
-0.00984928
-0.00904920
-0.00817431
-0.00723137
-0.00622792
-0.00517205
-0.00407216
-0.00293692
-0.00177522
-0.00059630
0.00059011
0.00177359
0.00294302
0.00408662
0.00519224
0.00624781
0.00724196
0.00816470
0.00900799
0.00976619
0.01043625
0.01101749
0.01151113
0.01191947
0.01224502
0.01248953
0.01265326
0.01273453
0.01272976
0.01263385
0.01244102
0.01214593
0.01174481
0.01123649
0.01062317
0.00991062
0.00910802
0.00822715
0.00728135
0.00628423
0.00524844
0.00418467
0.00310112
0.00200344
0.00089516
-0.00022140
-0.00134405
-0.00246959
-0.00359285
-0.00470612
-0.00579903
-0.00685893
-0.00787168
-0.00882271
-0.00969820
-0.01048609
-0.01117685
-0.01176385
-0.01224333
-0.01261399
-0.01287634
-0.01303198
-0.01308289
-0.01303095
-0.01287774
-0.01262455
-0.01227275
-0.01182412
-0.01128132
-0.01064820
-0.00992991
-0.00913283
-0.00826422
-0.00733185
-0.00634356
-0.00530687
-0.00422890
-0.00311638
-0.00197602
-0.00081489
0.00035904
0.00153649
0.00270672
0.00385757
0.00497592
0.00604837
0.00706211
0.00800586
0.00887059
0.00965009
0.01034104
0.01094273
0.01145641
0.01188437
0.01222888
0.01249133
0.01267149
0.01276723
0.01277470
0.01268889
0.01250445
0.01221685
0.01182332
0.01132373
0.01072105
0.01002143
0.00923383
0.00836927
0.00743984
0.00645770
0.00543411
0.00437875
0.00329940
0.00220199
0.00109101
-0.00002982
-0.00115674
-0.00228514
-0.00340899
-0.00452046
-0.00560983
-0.00666585
-0.00767621
-0.00862827
-0.00950982
-0.01030974
-0.01101861
-0.01162895
-0.01213538
-0.01253450
-0.01282462
-0.01300545
-0.01307773
-0.01304298
-0.01290331
-0.01266130
-0.01232002
-0.01188307
-0.01135463
-0.01073941
-0.01004263
-0.00926989
-0.00842698
-0.00751975
-0.00655399
-0.00553542
-0.00446980
-0.00336323
-0.00222244
-0.00105516
0.00012950
0.00132094
0.00250703
0.00367442
0.00480908
0.00589699
0.00692503
0.00788180
0.00875833
0.00954848
0.01024909
0.01085963
0.01138160
0.01181764
0.01217050
0.01244214
0.01263296
0.01274145
0.01276418
0.01269630
0.01253233
0.01226720
0.01189730
0.01142148
0.01084159
0.01016281
0.00939336
0.00854385
0.00762639
0.00665345
0.00563685
0.00458690
0.00351191
0.00241816
0.00131019
0.00019149
-0.00093461
-0.00206407
-0.00319137
-0.00430902
-0.00540743
-0.00647516
-0.00749947
-0.00846713
-0.00936529
-0.01018228
-0.01090831
-0.01153576
-0.01205939
-0.01247607
-0.01278449
-0.01298468
-0.01307754
-0.01306452
-0.01294739
-0.01272817
-0.01240923
-0.01199340
-0.01148422
-0.01088593
-0.01020358
-0.00944287
-0.00860996
-0.00771124
-0.00675310
-0.00574182
-0.00468356
-0.00358455
-0.00245138
-0.00129140
-0.00011307
0.00107372
0.00225762
0.00342595
0.00456514
0.00566139
0.00670150
0.00767368
0.00856832
0.00937848
0.01010010
0.01073180
0.01127438
0.01173000
0.01210124
0.01239018
0.01259758
0.01272248
0.01276204
0.01271192
0.01256691
0.01232191
0.01197292
0.01151806
0.01095821
0.01029746
0.00954303
0.00870479
0.00779447
0.00682465
0.00580772
0.00475493
0.00367577
0.00257771
0.00146632
0.00034576
-0.00078041
-0.00190838
-0.00303326
-0.00414841
-0.00524520
-0.00631298
-0.00733960
-0.00831206
-0.00921747
-0.01004387
-0.01078106
-0.01142115
-0.01195870
-0.01239065
-0.01271595
-0.01293495
-0.01304883
-0.01305905
-0.01296698
-0.01277380
-0.01248062
-0.01208874
-0.01160008
-0.01101758
-0.01034545
-0.00958930
-0.00875601
-0.00785340
-0.00688987
-0.00587387
-0.00481358
-0.00371669
-0.00259045
-0.00144187
-0.00027817
0.00089277
0.00206197
0.00321915
0.00435275
0.00545025
0.00649884
0.00748622
0.00840145
0.00923574
0.00998297
0.01063983
0.01120555
0.01168129
0.01206923
0.01237158
0.01258963
0.01272316
0.01277010
0.01272678
0.01258851
0.01235055
0.01200916
0.01156263
0.01101211
0.01036192
0.00961952
0.00879495
0.00789989
0.00694664
0.00594692
0.00491104
0.00384734
0.00276206
0.00165969
0.00054369
-0.00058265
-0.00171523
-0.00284834
-0.00397421
-0.00508288
-0.00616252
-0.00720007
-0.00818213
-0.00909588
-0.00992993
-0.01067497
-0.01132405
-0.01187260
-0.01231810
-0.01265963
-0.01289726
-0.01303153
-0.01306310
-0.01299257
-0.01282046
-0.01254751
-0.01217494
-0.01170479
-0.01114020
-0.01048553
-0.00974634
-0.00892914
-0.00804119
-0.00709008
-0.00608349
-0.00502901
-0.00393407
-0.00280610
-0.00165275
-0.00048219
0.00069659
0.00187361
0.00303789
0.00417763
0.00528059
0.00633467
0.00732850
0.00825211
0.00909739
0.00985847
0.01053171
0.01111557
0.01161006
0.01201623
0.01233536
0.01256836
0.01271522
0.01277476
0.01274458
0.01262144
0.01240177
0.01208242
0.01166143
0.01113878
0.01051688
0.00980081
0.00899825
0.00811903
0.00717446
0.00617644
0.00513661
0.00406554
0.00297219
0.00186369
0.00074550
-0.00037816
-0.00150359
-0.00262675
-0.00374249
-0.00484392
-0.00592212
-0.00696615
-0.00796354
-0.00890099
-0.00976528
-0.01054429
-0.01122783
-0.01180821
-0.01228058
-0.01264276
-0.01289488
-0.01303867
-0.01307680
-0.01301214
-0.01284726
-0.01258425
-0.01222471
-0.01177010
-0.01122218
-0.01058356
-0.00985811
-0.00905121
-0.00816978
-0.00722200
-0.00621690
-0.00516388
-0.00407213
-0.00295037
-0.00180668
-0.00064865
0.00051631
0.00168046
0.00283529
0.00397117
0.00507726
0.00614175
0.00715236
0.00809718
0.00896549
0.00974865
0.01044067
0.01103849
0.01154179
0.01195244
0.01227358
0.01250855
0.01265989
0.01272851
0.01271328
0.01261113
0.01241758
0.01212765
0.01173704
0.01124327
0.01064661
0.00995068
0.00916252
0.00829214
0.00735170
0.00635434
0.00531306
0.00423959
0.00314370
0.00203291
0.00091267
-0.00021307
-0.00134094
-0.00246718
-0.00358677
-0.00469278
-0.00577613
-0.00682572
-0.00782900
-0.00877280
-0.00964426
-0.01043174
-0.01112560
-0.01171861
-0.01220606
-0.01258562
-0.01285687
-0.01302072
-0.01307889
-0.01303338
-0.01288624
-0.01263939
-0.01229478
-0.01185462
-0.01132165
-0.01069937
-0.00999225
-0.00920576
-0.00834621
-0.00742057
-0.00643623
-0.00540072
-0.00432161
-0.00320645
-0.00206294
-0.00089910
0.00027641
0.00145408
0.00262340
0.00377291
0.00489045
0.00596364
0.00698047
0.00793001
0.00880307
0.00959264
0.01029421
0.01090570
0.01142706
0.01185970
0.01220570
0.01246690
0.01264425
0.01273728
0.01274388
0.01266057
0.01248299
0.01220672
0.01182828
0.01134602
0.01076087
0.01007685
0.00930102
0.00844318
0.00751510
0.00652950
0.00549906
0.00443534
0.00334812
0.00224499
0.00113149
0.00001153
-0.00111179
-0.00223520
-0.00335434
-0.00446298
-0.00555261
-0.00661244
-0.00762983
-0.00859106
-0.00948233
-0.01029088
-0.01100585
-0.01161905
-0.01212520
-0.01252189
-0.01280910
-0.01298856
-0.01306293
-0.01303509
-0.01290759
-0.01268241
-0.01236096
-0.01194440
-0.01143411
-0.01083219
-0.01014192
-0.00936800
-0.00851662
-0.00759522
-0.00661214
-0.00557619
-0.00449619
-0.00338073
-0.00223805
-0.00107618
0.00009674
0.00127208
0.00244041
0.00359122
0.00471306
0.00579378
0.00682117
0.00778370
0.00867136
0.00947629
0.01019327
0.01081980
0.01135574
0.01180272
0.01216315
0.01243928
0.01263231
0.01274177
0.01276534
0.01269907
0.01253804
0.01227736
0.01191321
0.01144390
0.01087060
0.01019777
0.00943297
0.00858640
0.00766999
0.00669629
0.00567742
0.00462419
0.00354550
0.00244826
0.00133756
0.00021738
-0.00090869
-0.00203652
-0.00316073
-0.00427421
-0.00536788
-0.00643097
-0.00745144
-0.00841669
-0.00931437
-0.01013309
-0.01086307
-0.01149645
-0.01202751
-0.01245251
-0.01276952
-0.01297799
-0.01307849
-0.01307232
-0.01296135
-0.01274786
-0.01243458
-0.01202468
-0.01152183
-0.01093023
-0.01025460
-0.00950012
-0.00867233
-0.00777704
-0.00682027
-0.00580823
-0.00474738
-0.00364460
-0.00250736
-0.00134390
-0.00016347
0.00102364
0.00220615
0.00337194
0.00450845
0.00560312
0.00664394
0.00762002
0.00852210
0.00934290
0.01007731
0.01072238
0.01127701
0.01174156
0.01211725
0.01240554
0.01260749
0.01272335
0.01275227
0.01269227
0.01254053
0.01229383
0.01194925
0.01150488
0.01096054
0.01031830
0.00958280
0.00876127
0.00786316
0.00689961
0.00588260
0.00482410
0.00373529
0.00262593
0.00150403
0.00037589
-0.00075355
-0.00188007
-0.00299941
-0.00410648
-0.00519471
-0.00625568
-0.00727911
-0.00825318
-0.00916520
-0.01000249
-0.01075331
-0.01140773
-0.01195823
-0.01240002
-0.01273102
-0.01295148
-0.01306336
-0.01306963
-0.01297360
-0.01277837
-0.01248654
-0.01210021
-0.01162121
-0.01105150
-0.01039363
-0.00965118
-0.00882901
-0.00793337
-0.00697174
-0.00595256
-0.00488481
-0.00377769
-0.00264030
-0.00148154
-0.00031020
0.00086487
0.00203448
0.00318882
0.00431741
0.00540912
0.00645257
0.00743658
0.00835092
0.00918691
0.00993801
0.01060011
0.01117149
0.01165243
0.01204457
0.01235004
0.01257053
0.01270660
0.01275722
0.01271968
0.01258997
0.01236355
0.01203626
0.01160542
0.01107069
0.01043475
0.00970348
0.00888569
0.00799249
0.00703629
0.00602971
0.00498455
0.00391098
0.00281716
0.00170919
0.00059158
-0.00053204
-0.00165806
-0.00278194
-0.00389761
-0.00499699
-0.00607007
-0.00710518
-0.00808971
-0.00901091
-0.00985677
-0.01061676
-0.01128238
-0.01184738
-0.01230779
-0.01266154
-0.01290813
-0.01304803
-0.01308232
-0.01301233
-0.01283953
-0.01256552
-0.01219224
-0.01172218
-0.01115865
-0.01050590
-0.00976924
-0.00895491
-0.00806994
-0.00712186
-0.00611846
-0.00506757
-0.00397696
-0.00285436
-0.00170754
-0.00054458
0.00062592
0.00179463
0.00295144
0.00408550
0.00518545
0.00623985
0.00723767
0.00816884
0.00902475
0.00979865
0.01048580
0.01108345
0.01159050
0.01200713
0.01233411
0.01257228
0.01272194
0.01278260
0.01275276
0.01263015
0.01241208
0.01209603
0.01168038
0.01116504
0.01055199
0.00984560
0.00905262
0.00818194
0.00724400
0.00625006
0.00521144
0.00413871
0.00304123
0.00192678
0.00080166
-0.00032900
-0.00146065
-0.00258860
-0.00370732
-0.00480985
-0.00588751
-0.00692987
-0.00792513
-0.00886068
-0.00972398
-0.01050338
-0.01118895
-0.01177303
-0.01225054
-0.01261895
-0.01287793
-0.01302883
-0.01307405
-0.01301637
-0.01285850
-0.01260284
-0.01225138
-0.01180600
-0.01126878
-0.01064241
-0.00993058
-0.00913819
-0.00827141
-0.00733749
-0.00634450
-0.00530089
-0.00421515
-0.00309557
-0.00195019
-0.00078686
0.00038640
0.00156106
0.00272773
0.00387591
0.00499407
0.00606988
0.00709084
0.00804500
0.00892182
0.00971292
0.01041263
0.01101815
0.01152932
0.01194805
0.01227734
0.01252031
0.01267915
0.01275440
0.01274459
0.01264634
0.01245497
0.01216542
0.01177348
0.01127691
0.01067636
0.00997598
0.00918339
0.00830926
0.00736632
0.00636822
0.00532824
0.00425817
0.00316758
0.00206349
0.00095066
-0.00016777
-0.00128928
-0.00241085
-0.00352797
-0.00463392
-0.00571949
-0.00677319
-0.00778182
-0.00873149
-0.00960867
-0.01040124
-0.01109937
-0.01169593
-0.01218664
-0.01256976
-0.01284547
-0.01301519
-0.01308085
-0.01304429
-0.01290699
-0.01266998
-0.01233416
-0.01190063
-0.01137124
-0.01074905
-0.01003853
-0.00924569
-0.00837787
-0.00744337
-0.00645098
-0.00540952
-0.00432746
-0.00321277
-0.00207300
-0.00091549
0.00025217
0.00142172
0.00258394
0.00372842
0.00484372
0.00591776
0.00693842
0.00789429
0.00877548
0.00957422
0.01028520
0.01090568
0.01143511
0.01187454
0.01222580
0.01249063
0.01266991
0.01276317
0.01276845
0.01268248
0.01250132
0.01222114
0.01183918
0.01135460
0.01076913
0.01008737
0.00931668
0.00846674
0.00754872
0.00657441
0.00555518
0.00450129
0.00342129
0.00232196
0.00120850
0.00008508
-0.00104437
-0.00217542
-0.00330233
-0.00441766
-0.00551200
-0.00657419
-0.00759181
-0.00855187
-0.00944167
-0.01024961
-0.01096588
-0.01158288
-0.01209539
-0.01250049
-0.01279721
-0.01298605
-0.01306850
-0.01304654
-0.01292236
-0.01269817
-0.01237621
-0.01195886
-0.01144891
-0.01084969
-0.01016532
-0.00940072
-0.00856161
-0.00765437
-0.00668589
-0.00566335
-0.00459415
-0.00348585
-0.00234627
-0.00118362
-0.00000675
0.00117469
0.00235015
0.00350821
0.00463681
0.00572369
0.00675686
0.00772531
0.00861957
0.00943218
0.01015801
0.01079418
0.01133987
0.01179575
0.01216329
0.01244401
0.01263882
0.01274748
0.01276846
0.01269896
0.01253544
0.01227420
0.01191229
0.01144825
0.01088286
0.01021954
0.00946448
0.00862634
0.00771571
0.00674431
0.00572407
0.00466629
0.00358097
0.00247645
0.00135936
0.00023492
-0.00089251
-0.00201866
-0.00313862
-0.00424623
-0.00533364
-0.00639127
-0.00740799
-0.00837169
-0.00926999
-0.01009108
-0.01082444
-0.01146150
-0.01199599
-0.01242398
-0.01274374
-0.01295531
-0.01305996
-0.01305971
-0.01295683
-0.01275356
-0.01245203
-0.01205432
-0.01156273
-0.01098001
-0.01030973
-0.00955643
-0.00872570
-0.00782416
-0.00685924
-0.00583894
-0.00477156
-0.00366548
-0.00252910
-0.00137086
-0.00019935
0.00097643
0.00214690
0.00330177
0.00443009
0.00552043
0.00656129
0.00754168
0.00845169
0.00928303
0.01002951
0.01068712
0.01125400
0.01173000
0.01211611
0.01241369
0.01262378
0.01274651
0.01278079
0.01272431
0.01257391
0.01232618
0.01197828
0.01152879
0.01097843
0.01033051
0.00959108
0.00876869
0.00787378
0.00691790
0.00591273
0.00486927
0.00379713
0.00270419
0.00159662
0.00047919
-0.00064410
-0.00176922
-0.00289141
-0.00400448
-0.00510045
-0.00616954
-0.00720038
-0.00818058
-0.00909748
-0.00993896
-0.01069415
-0.01135404
-0.01191184
-0.01236308
-0.01270540
-0.01293828
-0.01306258
-0.01308008
-0.01299310
-0.01280419
-0.01251602
-0.01213137
-0.01165321
-0.01108485
-0.01043009
-0.00969334
-0.00887967
-0.00799483
-0.00704516
-0.00603756
-0.00497941
-0.00387854
-0.00274327
-0.00158244
-0.00040550
0.00077743
0.00195561
0.00311775
0.00425224
0.00534750
0.00639233
0.00737645
0.00829086
0.00912822
0.00988306
0.01055177
0.01113244
0.01162452
0.01202831
0.01234445
0.01257339
0.01271495
0.01276809
0.01273091
0.01260083
0.01237499
0.01205085
0.01162678
0.01110273
0.01048061
0.00976469
0.00896154
0.00807984
0.00712992
0.00612310
0.00507098
0.00398476
0.00287461
0.00174942
0.00061657
-0.00051778
-0.00164838
-0.00277025
-0.00387815
-0.00496592
-0.00602613
-0.00704993
-0.00802708
-0.00894641
-0.00979633
-0.01056559
-0.01124404
-0.01182318
-0.01229670
-0.01266065
-0.01291336
-0.01305520
-0.01308806
-0.01301483
-0.01283889
-0.01256368
-0.01219246
-0.01172830
-0.01117415
-0.01053314
-0.00980889
-0.00900579
-0.00812920
-0.00718557
-0.00618231
-0.00512768
-0.00403049
-0.00289993
-0.00174531
-0.00057598
0.00059864
0.00176904
0.00292545
0.00405780
0.00515571
0.00620866
0.00720626
0.00813872
0.00899729
0.00977478
0.01046589
0.01106732
0.01157774
0.01199734
0.01232732
0.01256912
0.01272379
0.01279137
0.01277066
0.01265915
0.01245349
0.01215009
0.01174601
0.01123986
0.01063254
0.00992778
0.00913227
0.00825535
0.00730845
0.00630411
0.00525500
0.00417298
0.00306832
0.00194936
0.00082249
-0.00030745
-0.00143648
-0.00256061
-0.00367506
-0.00477350
-0.00584777
-0.00688782
-0.00788204
-0.00881798
-0.00968316
-0.01046593
-0.01115631
-0.01174649
-0.01223115
-0.01260735
-0.01287429
-0.01303276
-0.01308462
-0.01303223
-0.01287808
-0.01262455
-0.01227393
-0.01182854
-0.01129098
-0.01066445
-0.00995295
-0.00916142
-0.00829577
-0.00736277
-0.00636985
-0.00532492
-0.00423616
-0.00311196
-0.00196092
-0.00079189
0.00038582
0.00156234
0.00272718
0.00386931
0.00497730
0.00603981
0.00704598
0.00798600
0.00885160
0.00963641
0.01033612
0.01094838
0.01147243
0.01190864
0.01225779
0.01252044
0.01269639
0.01278435
0.01278189
0.01268572
0.01249216
0.01219790
0.01180078
0.01130054
0.01069930
0.01000193
0.00921593
0.00835101
0.00741848
0.00643039
0.00539862
0.00433410
0.00324627
0.00214277
0.00102950
-0.00008895
-0.00120873
-0.00232596
-0.00343599
-0.00453279
-0.00560856
-0.00665371
-0.00765704
-0.00860635
-0.00948910
-0.01029328
-0.01100814
-0.01162481
-0.01213675
-0.01253982
-0.01283216
-0.01301385
-0.01308640
-0.01305226
-0.01291429
-0.01267550
-0.01233881
-0.01190708
-0.01138327
-0.01077064
-0.01007304
-0.00929512
-0.00844243
-0.00752141
-0.00653934
-0.00550409
-0.00442394
-0.00330743
-0.00216318
-0.00099995
0.00017332
0.00134736
0.00251244
0.00365830
0.00477417
0.00584897
0.00687167
0.00783176
0.00871981
0.00952791
0.01025012
0.01088261
0.01142356
0.01187286
0.01223154
0.01250107
0.01268269
0.01277682
0.01278271
0.01269840
0.01252100
0.01224726
0.01187435
0.01140069
0.01082675
0.01015552
0.00939280
0.00854701
0.00762866
0.00664962
0.00562211
0.00455783
0.00346719
0.00235878
0.00123937
0.00011408
-0.00101298
-0.00213792
-0.00325625
-0.00436215
-0.00544795
-0.00650404
-0.00751901
-0.00848032
-0.00937500
-0.01019064
-0.01091628
-0.01154308
-0.01206481
-0.01247788
-0.01278123
-0.01297574
-0.01306364
-0.01304784
-0.01293132
-0.01271672
-0.01240620
-0.01200148
-0.01150416
-0.01091612
-0.01023995
-0.00947936
-0.00863940
-0.00772653
-0.00674849
-0.00571404
-0.00463259
-0.00351385
-0.00236749
-0.00120303
-0.00002974
0.00114325
0.00230679
0.00345150
0.00456769
0.00564532
0.00667422
0.00764431
0.00854612
0.00937126
0.01011282
0.01076576
0.01132696
0.01179516
0.01217056
0.01245429
0.01264780
0.01275222
0.01276789
0.01269410
0.01252917
0.01227074
0.01191637
0.01146430
0.01091417
0.01026773
0.00952919
0.00870538
0.00780545
0.00684034
0.00582199
0.00476241
0.00367290
0.00256336
0.00144193
0.00031504
-0.00081231
-0.00193587
-0.00305143
-0.00415401
-0.00523724
-0.00629296
-0.00731121
-0.00828050
-0.00918845
-0.01002260
-0.01077127
-0.01142441
-0.01197417
-0.01241530
-0.01274513
-0.01296331
-0.01307134
-0.01307198
-0.01296859
-0.01276467
-0.01246350
-0.01206805
-0.01158103
-0.01100517
-0.01034352
-0.00959975
-0.00877843
-0.00788515
-0.00692649
-0.00590991
-0.00484356
-0.00373606
-0.00259633
-0.00143351
-0.00025696
0.00092368
0.00209840
0.00325673
0.00438779
0.00548045
0.00652363
0.00750673
0.00842017
0.00925584
0.01000749
0.01067093
0.01124395
0.01172608
0.01211798
0.01242085
0.01263572
0.01276285
0.01280138
0.01274929
0.01260358
0.01236090
0.01201826
0.01157387
0.01102793
0.01038321
0.00964527
0.00882234
0.00792486
0.00696469
0.00595418
0.00490516
0.00382822
0.00273212
0.00162362
0.00050775
-0.00061169
-0.00173133
-0.00284732
-0.00395461
-0.00504631
-0.00611346
-0.00714517
-0.00812905
-0.00905202
-0.00990117
-0.01066470
-0.01133269
-0.01189764
-0.01235471
-0.01270157
-0.01293809
-0.01306571
-0.01308686
-0.01300434
-0.01282090
-0.01253904
-0.01216097
-0.01168886
-0.01112514
-0.01047288
-0.00973615
-0.00892015
-0.00803130
-0.00707705
-0.00606566
-0.00500583
-0.00390640
-0.00277614
-0.00162362
-0.00045730
0.00071426
0.00188218
0.00303702
0.00416860
0.00526610
0.00631829
0.00731395
0.00824253
0.00909474
0.00986317
0.01054264
0.01113036
0.01162568
0.01202963
0.01234413
0.01257122
0.01271219
0.01276706
0.01273430
0.01261093
0.01239307
0.01207672
0.01165878
0.01113803
0.01051592
0.00979700
0.00898898
0.00810226
0.00714912
0.00614265
0.00509559
0.00401935
0.00292330
0.00181449
0.00069790
-0.00042301
-0.00154533
-0.00266569
-0.00377931
-0.00487930
-0.00595641
-0.00699913
-0.00799436
-0.00892829
-0.00978750
-0.01055997
-0.01123600
-0.01180865
-0.01227392
-0.01263045
-0.01287891
-0.01302134
-0.01306027
-0.01299817
-0.01283704
-0.01257828
-0.01222293
-0.01177206
-0.01122725
-0.01059114
-0.00986772
-0.00906252
-0.00818250
-0.00723576
-0.00623111
-0.00517762
-0.00408423
-0.00295956
-0.00181187
-0.00064919
0.00052031
0.00168803
0.00284462
0.00397988
0.00508286
0.00614215
0.00714647
0.00808526
0.00894935
0.00973149
0.01042663
0.01103195
0.01154653
0.01197087
0.01230613
0.01255346
0.01271332
0.01278513
0.01276711
0.01265656
0.01245029
0.01214536
0.01173983
0.01123345
0.01062819
0.00992851
0.00914124
0.00827529
0.00734101
0.00634947
0.00531174
0.00423824
0.00313826
0.00201983
0.00088975
-0.00024610
-0.00138228
-0.00251325
-0.00363287
-0.00473399
-0.00580824
-0.00684600
-0.00783668
-0.00876910
-0.00963201
-0.01041473
-0.01110770
-0.01170294
-0.01219442
-0.01257816
-0.01285223
-0.01301649
-0.01307233
-0.01302220
-0.01286928
-0.01261702
-0.01226896
-0.01182855
-0.01129909
-0.01068390
-0.00998643
-0.00921049
-0.00836051
-0.00744169
-0.00646011
-0.00542280
-0.00433765
-0.00321340
-0.00205942
-0.00088562
0.00029768
0.00147986
0.00265012
0.00379754
0.00491123
0.00598048
0.00699501
0.00794524
0.00882264
0.00962000
0.01033173
0.01095398
0.01148462
0.01192302
0.01226967
0.01252570
0.01269226
0.01277003
0.01275886
0.01265757
0.01246412
0.01217600
0.01179086
0.01130729
0.01072551
0.01004808
0.00928014
0.00842949
0.00750619
0.00652191
0.00548896
0.00441944
0.00332429
0.00221273
0.00109203
-0.00003238
-0.00115633
-0.00227617
-0.00338785
-0.00448608
-0.00556374
-0.00661163
-0.00761864
-0.00857224
-0.00945939
-0.01026749
-0.01098535
-0.01160399
-0.01211709
-0.01252113
-0.01281509
-0.01299996
-0.01307801
-0.01305206
-0.01292491
-0.01269897
-0.01237616
-0.01195807
-0.01144638
-0.01084326
-0.01015184
-0.00937654
-0.00852317
-0.00759887
-0.00661182
-0.00557092
-0.00448535
-0.00336430
-0.00221682
-0.00105178
0.00012196
0.00129531
0.00245873
0.00360211
0.00471478
0.00578574
0.00680414
0.00775978
0.00864370
0.00944873
0.01016973
0.01080368
0.01134939
0.01180699
0.01217730
0.01246101
0.01265814
0.01276755
0.01278691
0.01271285
0.01254159
0.01226963
0.01189462
0.01141610
0.01083607
0.01015923
0.00939287
0.00854645
0.00763085
0.00665756
0.00563784
0.00458201
0.00349899
0.00239616
0.00127954
0.00015417
-0.00097529
-0.00210387
-0.00322580
-0.00433400
-0.00541997
-0.00647382
-0.00748458
-0.00844072
-0.00933068
-0.01014354
-0.01086954
-0.01150050
-0.01203008
-0.01245384
-0.01276924
-0.01297534
-0.01307264
-0.01306270
-0.01294786
-0.01273105
-0.01241552
-0.01200478
-0.01150252
-0.01091262
-0.01023914
-0.00948645
-0.00865926
-0.00776272
-0.00680248
-0.00578484
-0.00471673
-0.00360586
-0.00246075
-0.00129072
-0.00010593
0.00108277
0.00226388
0.00342557
0.00455588
0.00564314
0.00667632
0.00764546
0.00854204
0.00935924
0.01009213
0.01073760
0.01129423
0.01176191
0.01214130
0.01243331
0.01263856
0.01275688
0.01278705
0.01272684
0.01257317
0.01232268
0.01197240
0.01152048
0.01096701
0.01031451
0.00956826
0.00873625
0.00782878
0.00685777
0.00583580
0.00477522
0.00368721
0.00258120
0.00146457
0.00034279
-0.00078009
-0.00190068
-0.00301533
-0.00411927
-0.00520593
-0.00626660
-0.00729048
-0.00826516
-0.00917741
-0.01001412
-0.01076336
-0.01141523
-0.01196244
-0.01240061
-0.01272806
-0.01294538
-0.01305478
-0.01305929
-0.01296215
-0.01276624
-0.01247394
-0.01208713
-0.01160751
-0.01103702
-0.01037834
-0.00963523
-0.00881278
-0.00791743
-0.00695676
-0.00593921
-0.00487365
-0.00376906
-0.00263428
-0.00147797
-0.00030869
0.00086485
0.00203356
0.00318768
0.00431673
0.00540965
0.00645509
0.00744196
0.00836004
0.00920064
0.00995705
0.01062481
0.01120173
0.01168748
0.01208306
0.01239001
0.01260967
0.01274254
0.01278786
0.01274359
0.01260665
0.01237354
0.01204111
0.01160742
0.01107252
0.01043898
0.00971208
0.00889972
0.00801189
0.00705994
0.00605570
0.00501059
0.00393494
0.00283751
0.00172537
0.00060408
-0.00052183
-0.00164818
-0.00277043
-0.00388301
-0.00497882
-0.00604904
-0.00708318
-0.00806942
-0.00899524
-0.00984816
-0.01061648
-0.01129005
-0.01186079
-0.01232310
-0.01267386
-0.01291235
-0.01303983
-0.01305910
-0.01297387
-0.01278826
-0.01250634
-0.01213184
-0.01166801
-0.01111769
-0.01048354
-0.00976827
-0.00897507
-0.00810793
-0.00717184
-0.00617302
-0.00511892
-0.00401813
-0.00288021
-0.00171545
-0.00053464
0.00065119
0.00183099
0.00299379
0.00412887
0.00522581
0.00627467
0.00726610
0.00819153
0.00904338
0.00981530
0.01050230
0.01110089
0.01160902
0.01202584
0.01235146
0.01258641
0.01273123
0.01278602
0.01275012
0.01262208
0.01239978
0.01208092
0.01166358
0.01114701
0.01053233
0.00982301
0.00902525
0.00814778
0.00720151
0.00619873
0.00515213
0.00407386
0.00297464
0.00186318
0.00074600
-0.00037234
-0.00148856
-0.00259982
-0.00370267
-0.00479214
-0.00586109
-0.00689998
-0.00789702
-0.00883888
-0.00971161
-0.01050180
-0.01119763
-0.01178984
-0.01227219
-0.01264163
-0.01289795
-0.01304316
-0.01308069
-0.01301449
-0.01284836
-0.01258546
-0.01222823
-0.01177855
-0.01123815
-0.01060914
-0.00989459
-0.00909885
-0.00822774
-0.00728850
-0.00628944
-0.00523959
-0.00414817
-0.00302433
-0.00187688
-0.00071434
0.00045489
0.00162220
0.00277845
0.00391382
0.00501772
0.00607906
0.00708667
0.00803001
0.00889973
0.00968837
0.01039068
0.01100372
0.01152655
0.01195971
0.01230440
0.01256166
0.01273164
0.01281316
0.01280364
0.01269939
0.01249629
0.01219072
0.01178053
0.01126592
0.01064996
0.00993882
0.00914148
0.00826901
0.00733361
0.00634756
0.00532216
0.00426698
0.00318951
0.00209518
0.00098784
-0.00012946
-0.00125356
-0.00238026
-0.00350359
-0.00461546
-0.00570561
-0.00676200
-0.00777147
-0.00872061
-0.00959670
-0.01038845
-0.01108667
-0.01168451
-0.01217749
-0.01256329
-0.01284129
-0.01301206
-0.01307693
-0.01303762
-0.01289596
-0.01265389
-0.01231351
-0.01187726
-0.01134809
-0.01072963
-0.01002626
-0.00924317
-0.00838623
-0.00746193
-0.00647720
-0.00543936
-0.00435602
-0.00323518
-0.00208527
-0.00091525
0.00026525
0.00144593
0.00261588
0.00376372
0.00487794
0.00594728
0.00696111
0.00790995
0.00878574
0.00958212
0.01029449
0.01091989
0.01145674
0.01190445
0.01226298
0.01253233
0.01271223
0.01280181
0.01279962
0.01270369
0.01251183
0.01222212
0.01183339
0.01134573
0.01076096
0.01008285
0.00931726
0.00847195
0.00755623
0.00658042
0.00555529
0.00449138
0.00339849
0.00228534
0.00115944
0.00002715
-0.00110592
-0.00223451
-0.00335308
-0.00445534
-0.00553382
-0.00657972
-0.00758294
-0.00853241
-0.00941663
-0.01022431
-0.01094506
-0.01157002
-0.01209226
-0.01250706
-0.01281185
-0.01300600
-0.01309040
-0.01306700
-0.01293839
-0.01270741
-0.01237702
-0.01195020
-0.01143015
-0.01082046
-0.01012537
-0.00934996
-0.00850027
-0.00758319
-0.00660637
-0.00557792
-0.00450615
-0.00339934
-0.00226562
-0.00111298
0.00005054
0.00121665
0.00237648
0.00352043
0.00463804
0.00571816
0.00674932
0.00772025
0.00862059
0.00944152
0.01017630
0.01082061
0.01137251
0.01183208
0.01220083
0.01248086
0.01267396
0.01278091
0.01280097
0.01273181
0.01256979
0.01231065
0.01195046
0.01148669
0.01091910
0.01025050
0.00948702
0.00863788
0.00771482
0.00673109
0.00570027
0.00463512
0.00354667
0.00244357
0.00133207
0.00021629
-0.00090098
-0.00201728
-0.00312943
-0.00423261
-0.00531969
-0.00638112
-0.00740508
-0.00837823
-0.00928662
-0.01011681
-0.01085689
-0.01149731
-0.01203142
-0.01245550
-0.01276858
-0.01297183
-0.01306782
-0.01305982
-0.01295108
-0.01274444
-0.01244213
-0.01204589
-0.01155724
-0.01097796
-0.01031050
-0.00955842
-0.00872656
-0.00782117
-0.00684971
-0.00582064
-0.00474308
-0.00362651
-0.00248049
-0.00131460
-0.00013835
0.00103870
0.00220681
0.00335599
0.00447599
0.00555640
0.00658693
0.00755776
0.00846003
0.00928617
0.01003031
0.01068835
0.01125796
0.01173823
0.01212924
0.01243149
0.01264529
0.01277031
0.01280529
0.01274805
0.01259573
0.01234528
0.01199421
0.01154126
0.01098710
0.01033480
0.00959002
0.00876089
0.00785754
0.00689143
0.00587451
0.00481836
0.00373349
0.00262883
0.00151160
0.00038748
-0.00073898
-0.00186363
-0.00298199
-0.00408857
-0.00517636
-0.00623657
-0.00725874
-0.00823113
-0.00914136
-0.00997722
-0.01072749
-0.01138264
-0.01193533
-0.01238069
-0.01271622
-0.01294153
-0.01305785
-0.01306746
-0.01297320
-0.01277801
-0.01248471
-0.01209594
-0.01161433
-0.01104272
-0.01038448
-0.00964375
-0.00882567
-0.00793639
-0.00698298
-0.00597323
-0.00491538
-0.00381789
-0.00268922
-0.00153782
-0.00037212
0.00079926
0.00196729
0.00312238
0.00425424
0.00535196
0.00640422
0.00739978
0.00832798
0.00917936
0.00994624
0.01062310
0.01120669
0.01169595
0.01209158
0.01239534
0.01260939
0.01273547
0.01277434
0.01272545
0.01258694
0.01235601
0.01202955
0.01160497
0.01108107
0.01045884
0.00974189
0.00893671
0.00805235
0.00709986
0.00609147
0.00503958
0.00395587
0.00285055
0.00173198
0.00060662
-0.00052061
-0.00164567
-0.00276461
-0.00387269
-0.00496376
-0.00602976
-0.00706074
-0.00804512
-0.00897033
-0.00982369
-0.01059329
-0.01126887
-0.01184244
-0.01230865
-0.01266479
-0.01291049
-0.01304718
-0.01307745
-0.01300440
-0.01283108
-0.01256020
-0.01219403
-0.01173453
-0.01118371
-0.01054402
-0.00981878
-0.00901250
-0.00813102
-0.00718154
-0.00617237
-0.00511265
-0.00401200
-0.00288012
-0.00172661
-0.00056077
0.00060831
0.00177167
0.00292033
0.00404508
0.00513643
0.00618466
0.00718007
0.00811322
0.00897548
0.00975934
0.01045883
0.01106968
0.01158936
0.01201676
0.01235189
0.01259527
0.01274741
0.01280836
0.01277742
0.01265310
0.01243336
0.01211610
0.01169977
0.01118412
0.01057073
0.00986355
0.00906895
0.00819562
0.00725406
0.00625587
0.00521290
0.00413645
0.00303656
0.00192162
0.00079830
-0.00032825
-0.00145376
-0.00257418
-0.00368484
-0.00477977
-0.00585124
-0.00688959
-0.00788348
-0.00882037
-0.00968736
-0.01047211
-0.01116371
-0.01175346
-0.01223532
-0.01260608
-0.01286515
-0.01301413
-0.01305607
-0.01299484
-0.01283437
-0.01257823
-0.01222932
-0.01178988
-0.01126172
-0.01064667
-0.00994696
-0.00916576
-0.00830745
-0.00737785
-0.00638413
-0.00533467
-0.00423877
-0.00310629
-0.00194735
-0.00077213
0.00040929
0.00158686
0.00275057
0.00389031
0.00499588
0.00605707
0.00706385
0.00800671
0.00887708
0.00966773
0.01037312
0.01098958
0.01151523
0.01194975
0.01229383
0.01254858
0.01271490
0.01279289
0.01278151
0.01267862
0.01248117
0.01218586
0.01178992
0.01129195
0.01069277
0.00999590
0.00920784
0.00833786
0.00739740
0.00639926
0.00535649
0.00428140
0.00318474
0.00207513
0.00095903
-0.00015902
-0.00127568
-0.00238794
-0.00349215
-0.00458319
-0.00565392
-0.00669503
-0.00769522
-0.00864186
-0.00952187
-0.01032268
-0.01103318
-0.01164446
-0.01215024
-0.01254691
-0.01283330
-0.01301015
-0.01307943
-0.01304373
-0.01290571
-0.01266783
-0.01233225
-0.01190105
-0.01137652
-0.01076161
-0.01006024
-0.00927756
-0.00841992
-0.00749479
-0.00651039
-0.00547532
-0.00439819
-0.00328734
-0.00215077
-0.00099621
0.00016859
0.00133556
0.00249588
0.00363984
0.00475672
0.00583504
0.00686304
0.00782924
0.00872324
0.00953639
0.01026225
0.01089684
0.01143857
0.01188772
0.01224580
0.01251470
0.01269588
0.01278971
0.01279513
0.01270969
0.01252995
0.01225221
0.01187339
0.01139200
0.01080892
0.01012787
0.00935558
0.00850139
0.00757667
0.00659383
0.00556531
0.00450265
0.00341576
0.00231254
0.00119897
0.00007944
-0.00104248
-0.00216321
-0.00327834
-0.00438190
-0.00546597
-0.00652068
-0.00753445
-0.00849466
-0.00938845
-0.01020360
-0.01092930
-0.01155683
-0.01207986
-0.01249456
-0.01279931
-0.01299436
-0.01308128
-0.01306245
-0.01294058
-0.01271844
-0.01239873
-0.01198413
-0.01147745
-0.01088184
-0.01020106
-0.00943959
-0.00860276
-0.00769669
-0.00672821
-0.00570472
-0.00463401
-0.00352422
-0.00238372
-0.00122122
-0.00004581
0.00113290
0.00230475
0.00345900
0.00458449
0.00566989
0.00670411
0.00767672
0.00857845
0.00940159
0.01014027
0.01079050
0.01135010
0.01181834
0.01219544
0.01248202
0.01267855
0.01278496
0.01280033
0.01272299
0.01255070
0.01228119
0.01191269
0.01144467
0.01087831
0.01021696
0.00946628
0.00863405
0.00772983
0.00676432
0.00574862
0.00469357
0.00360908
0.00250378
0.00138491
0.00025843
-0.00087051
-0.00199709
-0.00311613
-0.00422156
-0.00530599
-0.00636059
-0.00737512
-0.00833835
-0.00923858
-0.01006431
-0.01080494
-0.01145136
-0.01199637
-0.01243492
-0.01276404
-0.01298269
-0.01309137
-0.01309174
-0.01298618
-0.01277755
-0.01246892
-0.01206355
-0.01156493
-0.01097690
-0.01030379
-0.00955053
-0.00872271
-0.00782654
-0.00686877
-0.00585655
-0.00479731
-0.00369868
-0.00256845
-0.00141470
-0.00024589
0.00092894
0.00210001
0.00325681
0.00438813
0.00548232
0.00652774
0.00751326
0.00842886
0.00926615
0.01001877
0.01068255
0.01125545
0.01173718
0.01212861
0.01243112
0.01264581
0.01277299
0.01281173
0.01275984
0.01261415
0.01237106
0.01202735
0.01158100
0.01103205
0.01038314
0.00963983
0.00881043
0.00790563
0.00693761
0.00591918
0.00486272
0.00377938
0.00267848
0.00156724
0.00045098
-0.00066638
-0.00178161
-0.00289121
-0.00399068
-0.00507378
-0.00613227
-0.00715589
-0.00813278
-0.00905014
-0.00989510
-0.01065569
-0.01132163
-0.01188498
-0.01234044
-0.01268539
-0.01291956
-0.01304452
-0.01306305
-0.01297846
-0.01279412
-0.01251303
-0.01213774
-0.01167044
-0.01111323
-0.01046848
-0.00973928
-0.00892972
-0.00804515
-0.00709220
-0.00607870
-0.00501344
-0.00390590
-0.00276595
-0.00160355
-0.00042866
0.00074888
0.00191932
0.00307289
0.00419982
0.00529027
0.00633446
0.00732286
0.00824648
0.00909726
0.00986837
0.01055450
0.01115198
0.01165869
0.01207384
0.01239751
0.01263019
0.01277220
0.01282331
0.01278248
0.01264789
0.01241721
0.01208810
0.01165891
0.01112936
0.01050123
0.00977873
0.00896869
0.00808033
0.00712475
0.00611414
0.00506088
0.00397665
0.00287174
0.00175456
0.00063158
-0.00049233
-0.00161336
-0.00272788
-0.00383165
-0.00491900
-0.00598240
-0.00701225
-0.00799718
-0.00892462
-0.00978164
-0.01055595
-0.01123680
-0.01181575
-0.01228706
-0.01264780
-0.01289757
-0.01303791
-0.01307164
-0.01300208
-0.01283250
-0.01256566
-0.01220376
-0.01174854
-0.01120174
-0.01056551
-0.00984294
-0.00903848
-0.00815806
-0.00720909
-0.00620024
-0.00514095
-0.00404108
-0.00291040
-0.00175832
-0.00059383
0.00057448
0.00173817
0.00288860
0.00401672
0.00511288
0.00616686
0.00716819
0.00810655
0.00897245
0.00975775
0.01045624
0.01106389
0.01157883
0.01200106
0.01233187
0.01257304
0.01272609
0.01279161
0.01276888
0.01265580
0.01244924
0.01214568
0.01174213
0.01123705
0.01063119
0.00992816
0.00913461
0.00825998
0.00731581
0.00631490
0.00527012
0.00419351
0.00309540
0.00198402
0.00086548
-0.00025583
-0.00137652
-0.00249326
-0.00360189
-0.00469665
-0.00576974
-0.00681121
-0.00780934
-0.00875130
-0.00962400
-0.01041511
-0.01111392
-0.01171200
-0.01220356
-0.01258545
-0.01285691
-0.01301902
-0.01307411
-0.01302506
-0.01287489
-0.01262635
-0.01228191
-0.01184379
-0.01131429
-0.01069607
-0.00999250
-0.00920793
-0.00834778
-0.00741854
-0.00642761
-0.00538314
-0.00429376
-0.00316840
-0.00201619
-0.00084643
0.00033140
0.00150749
0.00267168
0.00381345
0.00492201
0.00598660
0.00699676
0.00794285
0.00881641
0.00961060
0.01032034
0.01094242
0.01147525
0.01191851
0.01227262
0.01253812
0.01271517
0.01280316
0.01280047
0.01270464
0.01251266
0.01222160
0.01182928
0.01133498
0.01074009
0.01004849
0.00926664
0.00840339
0.00746948
0.00647681
0.00543754
0.00436335
0.00326468
0.00215032
0.00102731
-0.00009886
-0.00122375
-0.00234330
-0.00345304
-0.00454741
-0.00561931
-0.00665982
-0.00765836
-0.00860315
-0.00948185
-0.01028243
-0.01099402
-0.01160760
-0.01211656
-0.01251685
-0.01280691
-0.01298730
-0.01306009
-0.01302828
-0.01289512
-0.01266372
-0.01233672
-0.01191638
-0.01140468
-0.01080378
-0.01011638
-0.00934616
-0.00849804
-0.00757830
-0.00659448
-0.00555515
-0.00446958
-0.00334736
-0.00219808
-0.00103119
0.00014410
0.00131864
0.00248321
0.00362827
0.00474386
0.00581956
0.00684472
0.00780885
0.00870213
0.00951598
0.01024364
0.01088048
0.01142411
0.01187422
0.01223204
0.01249965
0.01267915
0.01277195
0.01277815
0.01269634
0.01252372
0.01225666
0.01189152
0.01142559
0.01085814
0.01019116
0.00942976
0.00858223
0.00765950
0.00667434
0.00564025
0.00457029
0.00347611
0.00236720
0.00125067
0.00013143
-0.00098718
-0.00210244
-0.00321127
-0.00430920
-0.00538972
-0.00644394
-0.00746075
-0.00842735
-0.00933016
-0.01015588
-0.01089247
-0.01153009
-0.01206161
-0.01248279
-0.01279207
-0.01299012
-0.01307915
-0.01306216
-0.01294239
-0.01272286
-0.01240624
-0.01199491
-0.01149125
-0.01089803
-0.01021876
-0.00945798
-0.00862135
-0.00771560
-0.00674832
-0.00572758
-0.00466168
-0.00355886
-0.00242720
-0.00127466
-0.00010928
0.00106050
0.00222563
0.00337619
0.00450140
0.00558982
0.00662974
0.00760980
0.00851962
0.00935047
0.01009572
0.01075109
0.01131456
0.01178598
0.01216646
0.01245760
0.01266071
0.01277616
0.01280307
0.01273922
0.01258138
0.01232598
0.01196990
0.01151138
0.01095082
0.01029129
0.00953877
0.00870196
0.00779168
0.00682011
0.00579973
0.00474246
0.00365878
0.00255732
0.00144470
0.00032581
-0.00079558
-0.00191603
-0.00303157
-0.00413691
-0.00522491
-0.00628638
-0.00731020
-0.00828388
-0.00919428
-0.01002859
-0.01077520
-0.01142449
-0.01196937
-0.01240545
-0.01273099
-0.01294639
-0.01305370
-0.01305588
-0.01295618
-0.01275769
-0.01246302
-0.01207433
-0.01159349
-0.01102247
-0.01036371
-0.00962058
-0.00879763
-0.00790075
-0.00693712
-0.00591500
-0.00484345
-0.00373198
-0.00259026
-0.00142791
-0.00025441
0.00092083
0.00208838
0.00323862
0.00436170
0.00544750
0.00648583
0.00746674
0.00838094
0.00922025
0.00997803
0.01064942
0.01123144
0.01172280
0.01212346
0.01243409
0.01265542
0.01278766
0.01283006
0.01278082
0.01263725
0.01239624
0.01205501
0.01161190
0.01106715
0.01042351
0.00968652
0.00886440
0.00796754
0.00700780
0.00599747
0.00494832
0.00387080
0.00277350
0.00166299
0.00054413
-0.00057933
-0.00170395
-0.00282563
-0.00393886
-0.00503619
-0.00610801
-0.00714286
-0.00812797
-0.00905011
-0.00989659
-0.01065612
-0.01131958
-0.01188036
-0.01233448
-0.01268026
-0.01291788
-0.01304869
-0.01307461
-0.01299763
-0.01281953
-0.01254184
-0.01216605
-0.01169396
-0.01112810
-0.01047208
-0.00973082
-0.00891061
-0.00801890
-0.00706401
-0.00605472
-0.00499982
-0.00390786
-0.00278695
-0.00164481
-0.00048900
0.00067276
0.00183224
0.00298045
0.00410747
0.00520260
0.00625466
0.00725251
0.00818564
0.00904485
0.00982271
0.01051388
0.01111514
0.01162514
0.01204391
0.01237221
0.01261086
0.01276013
0.01281937
0.01278688
0.01266010
0.01243613
0.01211231
0.01168706
0.01116053
0.01053515
0.00981590
0.00901024
0.00812774
0.00717947
0.00617717
0.00513246
0.00405609
0.00295740
0.00184411
0.00072239
-0.00040280
-0.00152714
-0.00264623
-0.00375490
-0.00484673
-0.00591367
-0.00694602
-0.00793272
-0.00886181
-0.00972120
-0.01049937
-0.01118614
-0.01177326
-0.01225471
-0.01262687
-0.01288833
-0.01303952
-0.01308224
-0.01301910
-0.01285309
-0.01258721
-0.01222432
-0.01176720
-0.01121869
-0.01058201
-0.00986106
-0.00906065
-0.00818666
-0.00724603
-0.00624663
-0.00519699
-0.00410602
-0.00298273
-0.00183602
-0.00067466
0.00049272
0.00165739
0.00281035
0.00394216
0.00504279
0.00610178
0.00710847
0.00805247
0.00892422
0.00971556
0.01042021
0.01103407
0.01155523
0.01198367
0.01232068
0.01256815
0.01272776
0.01280025
0.01278504
0.01268006
0.01248207
0.01218732
0.01179243
0.01129542
0.01069660
0.00999924
0.00920985
0.00833792
0.00739533
0.00639529
0.00535123
0.00427562
0.00317909
0.00206990
0.00095393
-0.00016491
-0.00128382
-0.00240010
-0.00351001
-0.00460796
-0.00568598
-0.00673364
-0.00773849
-0.00868691
-0.00956515
-0.01036048
-0.01106222
-0.01166240
-0.01215606
-0.01254112
-0.01281785
-0.01298815
-0.01305465
-0.01302002
-0.01288642
-0.01265524
-0.01232731
-0.01190319
-0.01138377
-0.01077086
-0.01006767
-0.00927909
-0.00841170
-0.00747357
-0.00647383
-0.00542218
-0.00432838
-0.00320189
-0.00205176
-0.00088659
0.00028519
0.00145502
0.00261393
0.00375227
0.00485977
0.00592569
0.00693923
0.00789014
0.00876925
0.00956906
0.01028401
0.01091066
0.01144739
0.01189404
0.01225126
0.01251982
0.01270003
0.01279132
0.01279206
0.01269974
0.01251139
0.01222422
0.01183630
0.01134730
0.01075898
0.01007549
0.00930337
0.00845122
0.00752920
0.00654830
0.00551966
0.00445387
0.00336055
0.00224800
0.00112328
-0.00000760
-0.00113928
-0.00226651
-0.00338367
-0.00448431
-0.00556083
-0.00660442
-0.00760512
-0.00855213
-0.00943430
-0.01024061
-0.01096081
-0.01158593
-0.01210868
-0.01252381
-0.01282812
-0.01302048
-0.01310153
-0.01307338
-0.01293920
-0.01270278
-0.01236821
-0.01193955
-0.01142078
-0.01081572
-0.01012817
-0.00936210
-0.00852190
-0.00761261
-0.00664010
-0.00561119
-0.00453364
-0.00341609
-0.00226792
-0.00109904
0.00008024
0.00125943
0.00242797
0.00357531
0.00469104
0.00576497
0.00678724
0.00774857
0.00864047
0.00945552
0.01018763
0.01083225
0.01138646
0.01184884
0.01221927
0.01249844
0.01268740
0.01278693
0.01279716
0.01271725
0.01254540
0.01227910
0.01191570
0.01145316
0.01089088
0.01023042
0.00947603
0.00863490
0.00771689
0.00673397
0.00569932
0.00462626
0.00352723
0.00241286
0.00129153
0.00016925
-0.00094992
-0.00206314
-0.00316776
-0.00426029
-0.00533549
-0.00638580
-0.00740121
-0.00836957
-0.00927738
-0.01011082
-0.01085691
-0.01150459
-0.01204551
-0.01247446
-0.01278936
-0.01299084
-0.01308156
-0.01306537
-0.01294645
-0.01272873
-0.01241550
-0.01200936
-0.01151247
-0.01092696
-0.01025545
-0.00950152
-0.00866999
-0.00776704
-0.00680002
-0.00577722
-0.00470748
-0.00359977
-0.00246300
-0.00130590
-0.00013711
0.00103461
0.00220010
0.00334958
0.00447258
0.00555803
0.00659470
0.00757164
0.00847893
0.00930822
0.01005326
0.01071009
0.01127693
0.01175373
0.01214153
0.01244161
0.01265474
0.01278054
0.01281723
0.01276169
0.01260999
0.01235814
0.01200303
0.01154339
0.01098053
0.01031871
0.00956522
0.00872984
0.00782414
0.00686043
0.00585071
0.00480577
0.00373456
0.00264399
0.00153911
0.00042367
-0.00069906
-0.00182539
-0.00295039
-0.00406728
-0.00516719
-0.00623929
-0.00727120
-0.00824979
-0.00916203
-0.00999582
-0.01074080
-0.01138877
-0.01193394
-0.01237285
-0.01270404
-0.01292763
-0.01304474
-0.01305707
-0.01296656
-0.01277515
-0.01248479
-0.01209755
-0.01161584
-0.01104262
-0.01038157
-0.00963729
-0.00881526
-0.00792179
-0.00696395
-0.00594933
-0.00488597
-0.00378223
-0.00264675
-0.00148846
-0.00031664
0.00085901
0.00202838
0.00318097
0.00430606
0.00539291
0.00643113
0.00741101
0.00832389
0.00916245
0.00992093
0.01059516
0.01118241
0.01168119
0.01209081
0.01241098
0.01264135
0.01278122
0.01282929
0.01278373
0.01264229
0.01240275
0.01206337
0.01162347
0.01108396
0.01044769
0.00971970
0.00890716
0.00801909
0.00706586
0.00605857
0.00500833
0.00392567
0.00282001
0.00169942
0.00057065
-0.00056067
-0.00168949
-0.00281080
-0.00391899
-0.00500740
-0.00606794
-0.00709111
-0.00806619
-0.00898172
-0.00982614
-0.01058852
-0.01125925
-0.01183056
-0.01229687
-0.01265484
-0.01290321
-0.01304245
-0.01307422
-0.01300095
-0.01282539
-0.01255034
-0.01217853
-0.01171272
-0.01115591
-0.01051156
-0.00978387
-0.00897799
-0.00810001
-0.00715692
-0.00615643
-0.00510668
-0.00401606
-0.00289295
-0.00174571
-0.00058269
0.00058756
0.00175610
0.00291341
0.00404924
0.00515271
0.00621252
0.00721742
0.00815675
0.00902108
0.00980275
0.01049628
0.01109848
0.01160827
0.01202625
0.01235401
0.01259331
0.01274538
0.01281026
0.01278659
0.01267165
0.01246179
0.01215320
0.01174279
0.01122918
0.01061345
0.00989965
0.00909493
0.00820918
0.00725438
0.00624364
0.00519009
0.00410596
0.00300176
0.00188589
0.00076464
-0.00035744
-0.00147680
-0.00259005
-0.00369306
-0.00478029
-0.00584426
-0.00687558
-0.00786315
-0.00879484
-0.00965824
-0.01044156
-0.01113445
-0.01172855
-0.01221787
-0.01259876
-0.01286972
-0.01303093
-0.01308378
-0.01303030
-0.01287286
-0.01261392
-0.01225603
-0.01180196
-0.01125494
-0.01061893
-0.00989879
-0.00910037
-0.00823045
-0.00729653
-0.00630651
-0.00526846
-0.00419028
-0.00307964
-0.00194399
-0.00079073
0.00037250
0.00153745
0.00269500
0.00383501
0.00494638
0.00601737
0.00703607
0.00799110
0.00887232
0.00967141
0.01038237
0.01100163
0.01152791
0.01196172
0.01230465
0.01255858
0.01272486
0.01280373
0.01279400
0.01269311
0.01249758
0.01220368
0.01180841
0.01131037
0.01071058
0.01001293
0.00922431
0.00835433
0.00741459
0.00641778
0.00537665
0.00430300
0.00320698
0.00209669
0.00097817
-0.00014417
-0.00126684
-0.00238639
-0.00349854
-0.00459741
-0.00567511
-0.00672168
-0.00772538
-0.00867334
-0.00955244
-0.01035027
-0.01105598
-0.01166101
-0.01215942
-0.01254799
-0.01282596
-0.01299451
-0.01305619
-0.01301419
-0.01287184
-0.01263224
-0.01229805
-0.01187156
-0.01135492
-0.01075042
-0.01006093
-0.00929010
-0.00844264
-0.00752437
-0.00654217
-0.00550386
-0.00441800
-0.00329372
-0.00214055
-0.00096835
0.00021278
0.00139244
0.00256003
0.00370476
0.00481583
0.00588266
0.00689522
0.00784435
0.00872214
0.00952217
0.01023970
0.01087154
0.01141595
0.01187218
0.01224005
0.01251941
0.01270974
0.01280981
0.01281764
0.01273063
0.01254593
0.01226098
0.01187416
0.01138539
0.01079665
0.01011227
0.00933890
0.00848535
0.00756201
0.00658019
0.00555138
0.00448652
0.00339540
0.00228640
0.00116631
0.00004068
-0.00108581
-0.00220873
-0.00332318
-0.00442327
-0.00550167
-0.00654941
-0.00755605
-0.00850999
-0.00939910
-0.01021148
-0.01093615
-0.01156378
-0.01208717
-0.01250153
-0.01280449
-0.01299585
-0.01307718
-0.01305127
-0.01292161
-0.01269190
-0.01236571
-0.01194632
-0.01143672
-0.01083983
-0.01015873
-0.00939702
-0.00855907
-0.00765027
-0.00667707
-0.00564702
-0.00456855
-0.00345084
-0.00230356
-0.00113663
0.00003986
0.00121581
0.00238113
0.00352576
0.00463965
0.00571290
0.00673581
0.00769915
0.00859444
0.00941419
0.01015225
0.01080392
0.01136606
0.01183693
0.01221590
0.01250311
0.01269896
0.01280364
0.01281689
0.01273774
0.01256467
0.01229587
0.01192973
0.01146548
0.01090373
0.01024703
0.00950014
0.00867006
0.00776577
0.00679771
0.00577711
0.00471524
0.00362269
0.00250890
0.00138190
0.00024833
-0.00088619
-0.00201655
-0.00313754
-0.00424319
-0.00532632
-0.00637833
-0.00738925
-0.00834803
-0.00924316
-0.01006331
-0.01079809
-0.01143860
-0.01197794
-0.01241134
-0.01273618
-0.01295166
-0.01305850
-0.01305842
-0.01295375
-0.01274716
-0.01244141
-0.01203943
-0.01154434
-0.01095961
-0.01028930
-0.00953812
-0.00871152
-0.00781561
-0.00685713
-0.00584322
-0.00478138
-0.00367934
-0.00254511
-0.00138706
-0.00021407
0.00096432
0.00213783
0.00329544
0.00442557
0.00551645
0.00655653
0.00753512
0.00844286
0.00927222
0.01001774
0.01067609
0.01124576
0.01172666
0.01211950
0.01242503
0.01264355
0.01277436
0.01281567
0.01276470
0.01261807
0.01237247
0.01202538
0.01157579
0.01102484
0.01037611
0.00963571
0.00881201
0.00791508
0.00695595
0.00594587
0.00489554
0.00381459
0.00271125
0.00159235
0.00046360
-0.00066996
-0.00180332
-0.00293091
-0.00404613
-0.00514096
-0.00620599
-0.00723051
-0.00820301
-0.00911173
-0.00994532
-0.01069350
-0.01134758
-0.01190082
-0.01234861
-0.01268839
-0.01291943
-0.01304247
-0.01305928
-0.01297225
-0.01278407
-0.01249751
-0.01211531
-0.01164021
-0.01107515
-0.01042343
-0.00968893
-0.00887634
-0.00799124
-0.00704017
-0.00603055
-0.00497059
-0.00386909
-0.00273530
-0.00157871
-0.00040896
0.00076424
0.00193115
0.00308198
0.00420690
0.00529608
0.00633981
0.00732864
0.00825363
0.00910665
0.00988068
0.01057000
0.01117041
0.01167919
0.01209497
0.01241745
0.01264699
0.01278416
0.01282932
0.01278231
0.01264236
0.01240811
0.01207802
0.01165079
0.01112603
0.01050486
0.00979044
0.00898823
0.00810609
0.00715393
0.00614320
0.00508611
0.00399479
0.00288051
0.00175305
0.00062043
-0.00051112
-0.00163673
-0.00275232
-0.00385376
-0.00493613
-0.00599303
-0.00701622
-0.00799566
-0.00891976
-0.00977615
-0.01055248
-0.01123744
-0.01182157
-0.01229791
-0.01266234
-0.01291349
-0.01305240
-0.01308192
-0.01300590
-0.01282857
-0.01255390
-0.01218530
-0.01172556
-0.01117705
-0.01054209
-0.00982348
-0.00902488
-0.00815121
-0.00720875
-0.00620511
-0.00514895
-0.00404970
-0.00291709
-0.00176090
-0.00059075
0.00058396
0.00175393
0.00290982
0.00404201
0.00514057
0.00619525
0.00719574
0.00813208
0.00899519
0.00977737
0.01047280
0.01107773
0.01159050
0.01201120
0.01234109
0.01258188
0.01273496
0.01280078
0.01277844
0.01266569
0.01245923
0.01215548
0.01175136
0.01124535
0.01063828
0.00993388
0.00913899
0.00826319
0.00731821
0.00631687
0.00527204
0.00419556
0.00309750
0.00198574
0.00086603
-0.00025751
-0.00138162
-0.00250288
-0.00361681
-0.00471707
-0.00579512
-0.00684023
-0.00783992
-0.00878081
-0.00964959
-0.01043408
-0.01112409
-0.01171204
-0.01219322
-0.01256561
-0.01282944
-0.01298647
-0.01303932
-0.01299071
-0.01284302
-0.01259810
-0.01225728
-0.01182170
-0.01129276
-0.01067262
-0.00996458
-0.00917336
-0.00830518
-0.00736757
-0.00636909
-0.00531889
-0.00422640
-0.00310093
-0.00195156
-0.00078712
0.00038369
0.00155204
0.00270883
0.00384445
0.00494881
0.00601148
0.00702205
0.00797050
0.00884780
0.00964627
0.01035998
0.01098488
0.01151868
0.01196057
0.01231073
0.01256980
0.01273829
0.01281621
0.01280277
0.01269646
0.01249526
0.01219714
0.01180062
0.01130540
0.01071291
0.01002667
0.00925243
0.00839801
0.00747292
0.00648783
0.00545385
0.00438188
0.00328205
0.00216335
0.00103347
-0.00010107
-0.00123460
-0.00236184
-0.00347730
-0.00457481
-0.00564711
-0.00668567
-0.00768068
-0.00862139
-0.00949654
-0.01029497
-0.01100628
-0.01162143
-0.01213324
-0.01253668
-0.01282896
-0.01300939
-0.01307907
-0.01304051
-0.01289711
-0.01265277
-0.01231151
-0.01187728
-0.01135387
-0.01074500
-0.01005443
-0.00928621
-0.00844488
-0.00753564
-0.00656443
-0.00553803
-0.00446395
-0.00335041
-0.00220622
-0.00104073
0.00013625
0.00131448
0.00248336
0.00363197
0.00474925
0.00582416
0.00684608
0.00780509
0.00869248
0.00950100
0.01022522
0.01086158
0.01140828
0.01186493
0.01223208
0.01251059
0.01270097
0.01280295
0.01281512
0.01273499
0.01255927
0.01228449
0.01190781
0.01142784
0.01084548
0.01016436
0.00939110
0.00853504
0.00760767
0.00662167
0.00558994
0.00452448
0.00343562
0.00233153
0.00121818
0.00009969
-0.00102087
-0.00214053
-0.00325543
-0.00435996
-0.00544625
-0.00650407
-0.00752115
-0.00848399
-0.00937880
-0.01019266
-0.01091450
-0.01153584
-0.01205119
-0.01245796
-0.01275608
-0.01294727
-0.01303424
-0.01301992
-0.01290685
-0.01269688
-0.01239117
-0.01199053
-0.01149588
-0.01090882
-0.01023215
-0.00947022
-0.00862896
-0.00771580
-0.00673928
-0.00570856
-0.00463292
-0.00352146
-0.00238284
-0.00122532
-0.00005700
0.00111387
0.00227850
0.00342729
0.00454977
0.00563473
0.00667065
0.00764631
0.00855144
0.00937746
0.01011788
0.01076861
0.01132782
0.01179555
0.01217305
0.01246194
0.01266349
0.01277799
0.01280436
0.01274023
0.01258226
0.01232680
0.01197077
0.01151247
0.01095239
0.01029367
0.00954228
0.00870675
0.00779769
0.00682693
0.00580666
0.00474853
0.00366297
0.00255877
0.00144297
0.00032108
-0.00080239
-0.00192332
-0.00303720
-0.00413857
-0.00522050
-0.00627446
-0.00729034
-0.00825686
-0.00916209
-0.00999417
-0.01074200
-0.01139590
-0.01194811
-0.01239304
-0.01272740
-0.01295002
-0.01306155
-0.01306407
-0.01296062
-0.01275481
-0.01245043
-0.01205129
-0.01156111
-0.01098353
-0.01032226
-0.00958128
-0.00876498
-0.00787839
-0.00692728
-0.00591825
-0.00485865
-0.00375663
-0.00262098
-0.00146105
-0.00028667
0.00089197
0.00206435
0.00321978
0.00434746
0.00543670
0.00647711
0.00745890
0.00837320
0.00921235
0.00997017
0.01064211
0.01122523
0.01171809
0.01212034
0.01243234
0.01265456
0.01278717
0.01282957
0.01278030
0.01263704
0.01239705
0.01205766
0.01161703
0.01107492
0.01043330
0.00969680
0.00887279
0.00797110
0.00700344
0.00598252
0.00492108
0.00383092
0.00272220
0.00160297
0.00047920
-0.00064483
-0.00176585
-0.00288060
-0.00398497
-0.00507312
-0.00613707
-0.00716657
-0.00814945
-0.00907240
-0.00992190
-0.01068535
-0.01135206
-0.01191396
-0.01236604
-0.01270630
-0.01293532
-0.01305559
-0.01307070
-0.01298446
-0.01280034
-0.01252101
-0.01214835
-0.01168369
-0.01112823
-0.01048369
-0.00975283
-0.00893986
-0.00805067
-0.00709276
-0.00607496
-0.00500704
-0.00389917
-0.00276153
-0.00160396
-0.00043585
0.00073382
0.00189631
0.00304285
0.00416446
0.00525181
0.00629529
0.00728525
0.00821236
0.00906807
0.00984507
0.01053763
0.01114175
0.01165506
0.01207657
0.01240619
0.01264418
0.01279059
0.01284495
0.01280604
0.01267201
0.01244071
0.01211026
0.01167967
0.01114946
0.01052220
0.00980270
0.00899806
0.00811731
0.00717090
0.00616997
0.00512560
0.00404820
0.00294702
0.00182989
0.00070335
-0.00042709
-0.00155643
-0.00267960
-0.00379087
-0.00488344
-0.00594913
-0.00697842
-0.00796064
-0.00888447
-0.00973849
-0.01051183
-0.01119479
-0.01177933
-0.01225939
-0.01263106
-0.01289242
-0.01304339
-0.01308529
-0.01302050
-0.01285202
-0.01258319
-0.01221744
-0.01175822
-0.01120903
-0.01057353
-0.00985571
-0.00906009
-0.00819187
-0.00725703
-0.00626234
-0.00521537
-0.00412431
-0.00299796
-0.00184550
-0.00067646
0.00049936
0.00167197
0.00283119
0.00396669
0.00506810
0.00612513
0.00712783
0.00806685
0.00893378
0.00972147
0.01042431
0.01103831
0.01156114
0.01199189
0.01233072
0.01257837
0.01273565
0.01280297
0.01277999
0.01266552
0.01245765
0.01215413
0.01175298
0.01125314
0.01065520
0.00996193
0.00917858
0.00831290
0.00737479
0.00637571
0.00532787
0.00424335
0.00313338
0.00200769
0.00087433
-0.00026028
-0.00139095
-0.00251308
-0.00362193
-0.00471191
-0.00577608
-0.00680592
-0.00779141
-0.00872141
-0.00958439
-0.01036910
-0.01106544
-0.01166502
-0.01216161
-0.01255123
-0.01283202
-0.01300388
-0.01306794
-0.01302613
-0.01288071
-0.01263409
-0.01228870
-0.01184717
-0.01131252
-0.01068843
-0.00997947
-0.00919121
-0.00833014
-0.00740353
-0.00641911
-0.00538482
-0.00430852
-0.00319791
-0.00206052
-0.00090392
0.00026396
0.00143453
0.00259828
0.00374465
0.00486217
0.00593879
0.00696247
0.00792187
0.00880704
0.00961004
0.01032530
0.01094969
0.01148225
0.01192366
0.01227549
0.01253934
0.01271618
0.01280578
0.01280652
0.01271557
0.01252935
0.01224425
0.01185755
0.01136817
0.01077734
0.01008902
0.00930985
0.00844888
0.00751693
0.00652583
0.00548753
0.00441337
0.00331350
0.00219655
0.00106966
-0.00006132
-0.00119130
-0.00231541
-0.00342843
-0.00452427
-0.00559566
-0.00663403
-0.00762965
-0.00857188
-0.00944971
-0.01025223
-0.01096920
-0.01159161
-0.01211203
-0.01252490
-0.01282668
-0.01301580
-0.01309255
-0.01305878
-0.01291766
-0.01267327
-0.01233029
-0.01189371
-0.01136857
-0.01075979
-0.01007212
-0.00931014
-0.00847833
-0.00758127
-0.00662381
-0.00561130
-0.00454978
-0.00344619
-0.00230844
-0.00114552
0.00003262
0.00121512
0.00239044
0.00354664
0.00467171
0.00575395
0.00678235
0.00774700
0.00863936
0.00945256
0.01018147
0.01082272
0.01137451
0.01183630
0.01220835
0.01249128
0.01268551
0.01279089
0.01280643
0.01273026
0.01255982
0.01229229
0.01192520
0.01145714
0.01088844
0.01022175
0.00946234
0.00861811
0.00769923
0.00671755
0.00568567
0.00461609
0.00352026
0.00240795
0.00128691
0.00016291
-0.00095981
-0.00207785
-0.00318771
-0.00428497
-0.00536346
-0.00641495
-0.00742906
-0.00839366
-0.00929564
-0.01012183
-0.01086011
-0.01150026
-0.01203472
-0.01245884
-0.01277084
-0.01297142
-0.01306301
-0.01304904
-0.01293320
-0.01271882
-0.01240863
-0.01200473
-0.01150889
-0.01092295
-0.01024941
-0.00949182
-0.00865517
-0.00774592
-0.00677187
-0.00574186
-0.00466534
-0.00355191
-0.00241106
-0.00125191
-0.00008331
0.00108604
0.00224731
0.00339128
0.00450818
0.00558771
0.00661928
0.00759244
0.00849743
0.00932579
0.01007087
0.01072810
0.01129504
0.01177106
0.01215686
0.01245368
0.01266259
0.01278383
0.01281641
0.01275808
0.01260554
0.01235515
0.01200370
0.01154935
0.01099243
0.01033599
0.00958603
0.00875128
0.00784266
0.00687239
0.00585304
0.00479652
0.00371335
0.00261215
0.00149958
0.00038062
-0.00074084
-0.00186119
-0.00297629
-0.00408073
-0.00516737
-0.00622715
-0.00724930
-0.00822180
-0.00913212
-0.00996804
-0.01071841
-0.01137387
-0.01192726
-0.01237377
-0.01271086
-0.01293800
-0.01305612
-0.01306723
-0.01297387
-0.01277881
-0.01248488
-0.01209487
-0.01161165
-0.01103840
-0.01037876
-0.00963706
-0.00881847
-0.00792896
-0.00697534
-0.00596506
-0.00490608
-0.00380674
-0.00267560
-0.00152142
-0.00035317
0.00081991
0.00198821
0.00314174
0.00427012
0.00536273
0.00640892
0.00739838
0.00832153
0.00916996
0.00993675
0.01061674
0.01120653
0.01170441
0.01210995
0.01242360
0.01264611
0.01277801
0.01281924
0.01276894
0.01262549
0.01238680
0.01205086
0.01161630
0.01108314
0.01045332
0.00973104
0.00892292
0.00803774
0.00708596
0.00607901
0.00502848
0.00394537
0.00283944
0.00171892
0.00059044
-0.00054064
-0.00166971
-0.00279218
-0.00390279
-0.00499499
-0.00606059
-0.00708969
-0.00807101
-0.00899242
-0.00984171
-0.01060746
-0.01127978
-0.01185088
-0.01231544
-0.01267058
-0.01291558
-0.01305143
-0.01308024
-0.01300465
-0.01282739
-0.01255100
-0.01217779
-0.01171002
-0.01115019
-0.01050138
-0.00976765
-0.00895422
-0.00806753
-0.00711515
-0.00610551
-0.00504757
-0.00395044
-0.00282315
-0.00167443
-0.00051279
0.00065342
0.00181570
0.00296520
0.00409253
0.00518766
0.00624012
0.00723929
0.00817491
0.00903758
0.00981937
0.01051421
0.01111812
0.01162912
0.01204699
0.01237267
0.01260764
0.01275322
0.01280999
0.01277750
0.01265413
0.01243742
0.01212460
0.01171328
0.01120231
0.01059248
0.00988702
0.00909190
0.00821563
0.00726885
0.00626356
0.00521227
0.00412707
0.00301888
0.00189692
0.00076856
-0.00036055
-0.00148597
-0.00260375
-0.00370968
-0.00479848
-0.00586330
-0.00689544
-0.00788441
-0.00881838
-0.00968482
-0.01047143
-0.01116699
-0.01176216
-0.01225006
-0.01262657
-0.01289024
-0.01304200
-0.01308453
-0.01302163
-0.01285752
-0.01259626
-0.01224139
-0.01179583
-0.01126194
-0.01064189
-0.00993807
-0.00915353
-0.00829241
-0.00736017
-0.00636371
-0.00531125
-0.00421211
-0.00307640
-0.00191463
-0.00073747
0.00044455
0.00162109
0.00278207
0.00391763
0.00501810
0.00607403
0.00707623
0.00801602
0.00888543
0.00967753
0.01038663
0.01100851
0.01154039
0.01198079
0.01232924
0.01258583
0.01275075
0.01282388
0.01280455
0.01269142
0.01248275
0.01217674
0.01177211
0.01126877
0.01066832
0.00997450
0.00919335
0.00833301
0.00740333
0.00641522
0.00537988
0.00430806
0.00320951
0.00209262
0.00096439
-0.00016929
-0.00130317
-0.00243202
-0.00354996
-0.00465001
-0.00572379
-0.00676155
-0.00775247
-0.00868516
-0.00954837
-0.01033166
-0.01102599
-0.01162416
-0.01212094
-0.01251306
-0.01279891
-0.01297818
-0.01305145
-0.01301981
-0.01288466
-0.01264764
-0.01231069
-0.01187620
-0.01134726
-0.01072781
-0.01002273
-0.00923783
-0.00837969
-0.00745545
-0.00647256
-0.00543856
-0.00436098
-0.00324737
-0.00210540
-0.00094315
0.00023069
0.00140655
0.00257396
0.00372160
0.00483759
0.00591001
0.00692747
0.00787971
0.00875816
0.00955631
0.01026979
0.01089625
0.01143492
0.01188604
0.01225013
0.01252741
0.01271727
0.01281801
0.01282692
0.01274058
0.01255541
0.01226841
0.01187786
0.01138398
0.01078935
0.01009905
0.00932056
0.00846330
0.00753801
0.00655604
0.00552855
0.00446591
0.00337722
0.00227017
0.00115106
0.00002518
-0.00110275
-0.00222794
-0.00334498
-0.00444732
-0.00552703
-0.00657470
-0.00757963
-0.00853024
-0.00941468
-0.01022147
-0.01094018
-0.01156203
-0.01208030
-0.01249053
-0.01279051
-0.01298006
-0.01306061
-0.01303471
-0.01290559
-0.01267666
-0.01235128
-0.01193259
-0.01142358
-0.01082723
-0.01014679
-0.00938609
-0.00854976
-0.00764338
-0.00667353
-0.00564771
-0.00457414
-0.00346157
-0.00231906
-0.00115584
0.00001876
0.00119524
0.00236388
0.00351460
0.00463694
0.00572008
0.00675309
0.00772532
0.00862682
0.00944898
0.01018497
0.01083012
0.01138201
0.01184030
0.01220629
0.01248217
0.01267021
0.01277203
0.01278792
0.01271655
0.01255511
0.01229976
0.01194647
0.01149205
0.01093520
0.01027738
0.00952333
0.00868117
0.00776190
0.00677861
0.00574529
0.00467559
0.00358170
0.00247352
0.00135833
0.00024096
-0.00087555
-0.00198898
-0.00309675
-0.00419489
-0.00527718
-0.00633482
-0.00735654
-0.00832922
-0.00923884
-0.01007165
-0.01081534
-0.01145996
-0.01199851
-0.01242707
-0.01274458
-0.01295221
-0.01305254
-0.01304876
-0.01294401
-0.01274089
-0.01244139
-0.01204705
-0.01155936
-0.01098023
-0.01031255
-0.00956044
-0.00872950
-0.00782659
-0.00685968
-0.00583736
-0.00476847
-0.00366178
-0.00252582
-0.00136892
-0.00019940
0.00097412
0.00214246
0.00329564
0.00442292
0.00551296
0.00655429
0.00753591
0.00844793
0.00928215
0.01003250
0.01069513
0.01126827
0.01175174
0.01214630
0.01245288
0.01267188
0.01280267
0.01284338
0.01279104
0.01264201
0.01239272
0.01204049
0.01158433
0.01102560
0.01036838
0.00961943
0.00878789
0.00788459
0.00692127
0.00590961
0.00486048
0.00378335
0.00268599
0.00157455
0.00045386
-0.00067189
-0.00179850
-0.00292105
-0.00403327
-0.00512724
-0.00619333
-0.00722040
-0.00819634
-0.00910872
-0.00994557
-0.01069611
-0.01135135
-0.01190450
-0.01235111
-0.01268898
-0.01291783
-0.01303887
-0.01305427
-0.01296667
-0.01277878
-0.01249319
-0.01211228
-0.01163833
-0.01107376
-0.01042148
-0.00968510
-0.00886928
-0.00797979
-0.00702351
-0.00600838
-0.00494309
-0.00383688
-0.00269926
-0.00153982
-0.00036813
0.00080629
0.00197388
0.00312499
0.00424978
0.00533823
0.00638027
0.00736605
0.00828627
0.00913264
0.00989823
0.01057786
0.01116816
0.01166751
0.01207574
0.01239359
0.01262212
0.01276203
0.01281320
0.01277439
0.01264326
0.01241674
0.01209161
0.01166540
0.01113718
0.01050837
0.00978321
0.00896891
0.00807538
0.00711457
0.00609955
0.00504345
0.00395840
0.00285479
0.00174076
0.00062224
-0.00049666
-0.00161290
-0.00272355
-0.00382484
-0.00491130
-0.00597529
-0.00700690
-0.00799428
-0.00892432
-0.00978363
-0.01055954
-0.01124106
-0.01181966
-0.01228959
-0.01264795
-0.01289439
-0.01303055
-0.01305935
-0.01298434
-0.01280912
-0.01253697
-0.01217075
-0.01171300
-0.01116621
-0.01053313
-0.00981717
-0.00902259
-0.00815466
-0.00721963
-0.00622463
-0.00517744
-0.00408631
-0.00295980
-0.00180676
-0.00063628
0.00054218
0.00171867
0.00288276
0.00402354
0.00512978
0.00619029
0.00719431
0.00813201
0.00899495
0.00977641
0.01047161
0.01107762
0.01159317
0.01201813
0.01235303
0.01259842
0.01275440
0.01282028
0.01279451
0.01267479
0.01245854
0.01214339
0.01172788
0.01121209
0.01059809
0.00989026
0.00909529
0.00822192
0.00728047
0.00628218
0.00523849
0.00416036
0.00305775
0.00193926
0.00081213
-0.00031765
-0.00144487
-0.00256461
-0.00367160
-0.00475976
-0.00582176
-0.00684891
-0.00783124
-0.00875785
-0.00961743
-0.01039896
-0.01109236
-0.01168912
-0.01218275
-0.01256897
-0.01284572
-0.01301290
-0.01307193
-0.01302527
-0.01287588
-0.01262682
-0.01228097
-0.01184095
-0.01130927
-0.01068859
-0.00998206
-0.00919368
-0.00832859
-0.00739321
-0.00639521
-0.00534335
-0.00424719
-0.00311668
-0.00196191
-0.00079277
0.00038112
0.00155045
0.00270608
0.00383887
0.00493958
0.00599873
0.00700674
0.00795413
0.00883193
0.00963210
0.01034801
0.01097477
0.01150940
0.01195073
0.01229903
0.01255550
0.01272158
0.01279827
0.01278566
0.01268263
0.01248700
0.01219591
0.01180653
0.01131696
0.01072709
0.01003935
0.00925909
0.00839461
0.00745673
0.00645805
0.00541188
0.00433116
0.00322753
0.00211059
0.00098768
-0.00013596
-0.00125657
-0.00237107
-0.00347597
-0.00456653
-0.00563607
-0.00667569
-0.00767446
-0.00861994
-0.00949912
-0.01029938
-0.01100955
-0.01162071
-0.01212662
-0.01252387
-0.01281159
-0.01299086
-0.01306400
-0.01303383
-0.01290308
-0.01267397
-0.01234819
-0.01192707
-0.01141198
-0.01080482
-0.01010857
-0.00932760
-0.00846783
-0.00753669
-0.00654287
-0.00549585
-0.00440549
-0.00328161
-0.00213374
-0.00097096
0.00019799
0.00136453
0.00251998
0.00365533
0.00476114
0.00582758
0.00684463
0.00780253
0.00869216
0.00950562
0.01023654
0.01088031
0.01143409
0.01189653
0.01226736
0.01254684
0.01273522
0.01283227
0.01283706
0.01274789
0.01256261
0.01227906
0.01189567
0.01141214
0.01083000
0.01015298
0.00938709
0.00854053
0.00762318
0.00664597
0.00562019
0.00455671
0.00346548
0.00235506
0.00123266
0.00010420
-0.00102516
-0.00215054
-0.00326668
-0.00436744
-0.00544536
-0.00649161
-0.00749602
-0.00844752
-0.00933464
-0.01014617
-0.01087186
-0.01150295
-0.01203259
-0.01245601
-0.01277053
-0.01297530
-0.01307095
-0.01305921
-0.01294245
-0.01272343
-0.01240507
-0.01199041
-0.01148266
-0.01088540
-0.01020270
-0.00943934
-0.00860086
-0.00769359
-0.00672457
-0.00570139
-0.00463204
-0.00352476
-0.00238794
-0.00123015
-0.00006018
0.00111280
0.00227916
0.00342869
0.00455069
0.00563410
0.00666786
0.00764140
0.00854508
0.00937077
0.01011218
0.01076507
0.01132722
0.01179809
0.01217832
0.01246906
0.01267131
0.01278532
0.01281025
0.01274411
0.01258399
0.01232664
0.01196920
0.01151006
0.01094958
0.01029068
0.00953901
0.00870285
0.00779261
0.00682004
0.00579733
0.00473619
0.00364709
0.00253883
0.00141840
0.00029126
-0.00083814
-0.00196557
-0.00308632
-0.00419443
-0.00528233
-0.00634071
-0.00735870
-0.00832443
-0.00922572
-0.01005088
-0.01078948
-0.01143289
-0.01197467
-0.01241057
-0.01273839
-0.01295760
-0.01306888
-0.01307368
-0.01297383
-0.01277139
-0.01246854
-0.01206773
-0.01157185
-0.01098445
-0.01030989
-0.00955346
-0.00872132
-0.00782034
-0.00685794
-0.00584185
-0.00477988
-0.00367988
-0.00254972
-0.00139742
-0.00023132
0.00093969
0.00210604
0.00325742
0.00438291
0.00547126
0.00651130
0.00749244
0.00840522
0.00924173
0.00999591
0.01066362
0.01124255
0.01173180
0.01213142
0.01244184
0.01266332
0.01279550
0.01283720
0.01278643
0.01264064
0.01239717
0.01205387
0.01160971
0.01106535
0.01042359
0.00968951
0.00887047
0.00797571
0.00701589
0.00600238
0.00494656
0.00385919
0.00274991
0.00162695
0.00049717
-0.00063376
-0.00176088
-0.00287937
-0.00398400
-0.00506851
-0.00612533
-0.00714537
-0.00811820
-0.00903243
-0.00987625
-0.01063823
-0.01130799
-0.01187691
-0.01233861
-0.01268919
-0.01292719
-0.01305338
-0.01307021
-0.01298125
-0.01279062
-0.01250238
-0.01212027
-0.01164747
-0.01108674
-0.01044064
-0.00971197
-0.00890415
-0.00802164
-0.00707023
-0.00605713
-0.00499090
-0.00388122
-0.00273855
-0.00157372
-0.00039761
0.00077921
0.00194656
0.00309477
0.00421459
0.00529711
0.00633372
0.00731601
0.00823592
0.00908586
0.00985897
0.01054942
0.01115258
0.01166518
0.01208530
0.01241215
0.01264576
0.01278652
0.01283479
0.01279053
0.01265310
0.01242132
0.01209377
0.01166926
0.01114742
0.01052940
0.00981836
0.00901979
0.00814152
0.00719348
0.00618706
0.00513434
0.00404725
0.00293679
0.00181242
0.00068183
-0.00044898
-0.00157532
-0.00269309
-0.00379798
-0.00488476
-0.00594663
-0.00697491
-0.00795918
-0.00888760
-0.00974769
-0.01052718
-0.01121497
-0.01180188
-0.01228124
-0.01264913
-0.01290425
-0.01304758
-0.01308172
-0.01301023
-0.01283698
-0.01256568
-0.01219959
-0.01174150
-0.01119395
-0.01055959
-0.00984155
-0.00904386
-0.00817167
-0.00723139
-0.00623056
-0.00517767
-0.00408184
-0.00295254
-0.00179931
-0.00063165
0.00054103
0.00170931
0.00286367
0.00399433
0.00509131
0.00614447
0.00714382
0.00807987
0.00894410
0.00972937
0.01043027
0.01104319
0.01156631
0.01199915
0.01234212
0.01259585
0.01276058
0.01283569
0.01281952
0.01270938
0.01250207
0.01219445
0.01178433
0.01127128
0.01065729
0.00994720
0.00914867
0.00827188
0.00732870
0.00633184
0.00529372
0.00422557
0.00313675
0.00203441
0.00092366
-0.00019197
-0.00130967
-0.00242638
-0.00353790
-0.00463809
-0.00571853
-0.00676853
-0.00777554
-0.00872596
-0.00960611
-0.01040327
-0.01110657
-0.01170769
-0.01220111
-0.01258411
-0.01285635
-0.01301927
-0.01307538
-0.01302764
-0.01287890
-0.01263168
-0.01228812
-0.01185023
-0.01132020
-0.01070081
-0.00999580
-0.00921008
-0.00834972
-0.00742187
-0.00643443
-0.00539576
-0.00431432
-0.00319848
-0.00205645
-0.00089636
0.00027351
0.00144448
0.00260720
0.00375152
0.00486654
0.00594086
0.00696305
0.00792223
0.00880869
0.00961448
0.01033372
0.01096279
0.01150011
0.01194572
0.01230058
0.01256592
0.01274250
0.01283010
0.01282732
0.01273165
0.01253990
0.01224888
0.01185619
0.01136105
0.01076495
0.01007206
0.00928931
0.00842603
0.00749338
0.00650351
0.00546861
0.00440006
0.00330780
0.00219995
0.00108279
-0.00003887
-0.00116110
-0.00228012
-0.00339146
-0.00448933
-0.00556618
-0.00661256
-0.00761733
-0.00856819
-0.00945240
-0.01025766
-0.01097293
-0.01158918
-0.01209981
-0.01250087
-0.01279097
-0.01297086
-0.01304291
-0.01301046
-0.01287717
-0.01264656
-0.01232168
-0.01190504
-0.01139870
-0.01080463
-0.01012508
-0.00936302
-0.00852253
-0.00760901
-0.00662927
-0.00559147
-0.00450483
-0.00337938
-0.00222557
-0.00105394
0.00012505
0.00130120
0.00246459
0.00360550
0.00471440
0.00578189
0.00679873
0.00775602
0.00864542
0.00945945
0.01019183
0.01083769
0.01139375
0.01185824
0.01223063
0.01251127
0.01270086
0.01279992
0.01280836
0.01272524
0.01254882
0.01227681
0.01190696
0.01143778
0.01086929
0.01020367
0.00944574
0.00860301
0.00768545
0.00670482
0.00567384
0.00460513
0.00351030
0.00239921
0.00127955
0.00015689
-0.00096484
-0.00208262
-0.00319331
-0.00429274
-0.00537483
-0.00643118
-0.00745100
-0.00842158
-0.00932904
-0.01015943
-0.01089989
-0.01153970
-0.01207102
-0.01248927
-0.01279312
-0.01298398
-0.01306528
-0.01304156
-0.01291758
-0.01269762
-0.01238503
-0.01198217
-0.01149059
-0.01091154
-0.01024652
-0.00949787
-0.00866929
-0.00776605
-0.00679505
-0.00576466
-0.00468431
-0.00356413
-0.00241449
-0.00124573
-0.00006795
0.00110897
0.00227535
0.00342158
0.00453799
0.00561484
0.00664248
0.00761157
0.00851342
0.00934040
0.01008626
0.01074632
0.01131755
0.01179835
0.01218825
0.01248734
0.01269583
0.01281358
0.01283977
0.01277286
0.01261074
0.01235120
0.01199240
0.01153359
0.01097564
0.01032151
0.00957639
0.00874769
0.00784465
0.00687783
0.00585839
0.00479747
0.00370554
0.00259198
0.00146494
0.00033135
-0.00080276
-0.00193188
-0.00305047
-0.00415251
-0.00523114
-0.00627838
-0.00728522
-0.00824172
-0.00913743
-0.00996183
-0.01070484
-0.01135739
-0.01191178
-0.01236203
-0.01270404
-0.01293560
-0.01305630
-0.01306726
-0.01297087
-0.01277048
-0.01247004
-0.01207386
-0.01158638
-0.01101202
-0.01035512
-0.00962000
-0.00881098
-0.00793259
-0.00698972
-0.00598782
-0.00493313
-0.00383278
-0.00269497
-0.00152897
-0.00034512
0.00084536
0.00203055
0.00319815
0.00433590
0.00543197
0.00647537
0.00745640
0.00836688
0.00920035
0.00995215
0.01061924
0.01119996
0.01169364
0.01210009
0.01241919
0.01265042
0.01279259
0.01284375
0.01280127
0.01266217
0.01242358
0.01208336
0.01164067
0.01109654
0.01045419
0.00971921
0.00889937
0.00800429
0.00704478
0.00603218
0.00497761
0.00389136
0.00278249
0.00165867
0.00052629
-0.00060914
-0.00174248
-0.00286829
-0.00398036
-0.00507123
-0.00613209
-0.00715286
-0.00812255
-0.00902987
-0.00986384
-0.01061445
-0.01127325
-0.01183360
-0.01229088
-0.01264232
-0.01288674
-0.01302411
-0.01305525
-0.01298139
-0.01280408
-0.01252511
-0.01214665
-0.01167141
-0.01110295
-0.01044580
-0.00970555
-0.00888878
-0.00800288
-0.00705570
-0.00605525
-0.00500938
-0.00392565
-0.00281127
-0.00167329
-0.00051891
0.00064422
0.00180757
0.00296158
0.00409556
0.00519797
0.00625676
0.00726011
0.00819701
0.00905803
0.00983580
0.01052530
0.01112382
0.01163064
0.01204643
0.01237252
0.01261014
0.01275976
0.01282070
0.01279104
0.01266783
0.01244767
0.01212740
0.01170495
0.01118011
0.01055506
0.00983469
0.00902650
0.00814026
0.00718732
0.00617987
0.00513001
0.00404909
0.00294712
0.00183253
0.00071215
-0.00040844
-0.00152446
-0.00263127
-0.00372379
-0.00479597
-0.00584044
-0.00684841
-0.00780979
-0.00871359
-0.00954842
-0.01030312
-0.01096741
-0.01153249
-0.01199147
-0.01233966
-0.01257465
-0.01269623
-0.01270606
-0.01260736
-0.01240442
-0.01210219
-0.01170589
-0.01122075
-0.01065190
-0.01000432
-0.00928301
-0.00849322
-0.00764073
-0.00673212
-0.00577505
-0.00477837
-0.00375219
-0.00270773
-0.00165712
-0.00061305
0.00041167
0.00140451
0.00235370
0.00324854
0.00407969
0.00483935
0.00552132
0.00612091
0.00663492
0.00706141
0.00739957
0.00764957
0.00781240
0.00788989
0.00788460
0.00779984
0.00763978
0.00740939
0.00711457
0.00676207
0.00635950
0.00591521
0.00543813
0.00493759
0.00442301
0.00390369
0.00338845
0.00288539
0.00240158
0.00194294
0.00151409
0.00111832
0.00075764
0.00043296
0.00014427
-0.00010915
-0.00032847
-0.00051511
-0.00067061
-0.00079654
-0.00089450
-0.00096615
-0.00101331
-0.00103803
-0.00104266
-0.00102987
-0.00100254
-0.00096372
-0.00091642
-0.00086342
-0.00080713
-0.00074949
-0.00069185
-0.00063508
-0.00057962
-0.00052565
-0.00047329
-0.00042271
-0.00037428
-0.00032860
-0.00028638
-0.00024844
-0.00021545
-0.00018783
-0.00016559
-0.00014834
-0.00013526
