-5.474526
-5.467293
-5.475841
-5.459403
-5.473868
-5.471896
-5.461704
-5.471238
-5.475513
-5.471567
-5.469923
-5.470252
-5.465978
-5.466964
-5.468937
-5.467622
-5.474526
-5.474197
-5.475841
-5.469923
-5.470252
-5.474855
-5.474855
-5.472225
-5.461046
-5.467293
-5.475183
-5.465978
-5.469594
-5.475513
-5.470252
-5.476170
-5.467293
-5.467293
-5.475183
-5.460718
-5.473868
-5.462361
-5.469265
-5.471896
-5.467950
-5.473868
-5.475841
-5.466307
-5.467950
-5.473540
-5.468937
-5.465978
-5.462033
-5.451183
-5.441648
-5.435073
-5.429484
-5.413374
-5.413703
-5.411073
-5.403511
-5.394305
-5.392333
-5.385428
-5.374579
-5.386415
-5.381483
-5.383127
-5.368661
-5.384771
-5.385757
-5.379510
-5.389045
-5.390689
-5.405155
-5.414689
-5.422251
-5.430799
-5.434416
-5.438690
-5.465321
-5.475841
-5.484718
-5.502800
-5.515294
-5.524828
-5.531404
-5.548500
-5.558034
-5.568884
-5.563952
-5.585651
-5.579734
-5.599131
-5.605049
-5.599131
-5.597158
-5.604063
-5.613597
-5.613926
-5.605378
-5.600118
-5.603076
-5.598145
-5.582693
-5.582364
-5.576775
-5.565268
-5.557706
-5.553432
-5.546527
-5.535020
-5.518582
-5.507403
-5.491951
-5.484389
-5.474526
-5.460718
-5.447567
-5.435402
-5.422580
-5.394963
-5.383456
-5.383456
-5.374579
-5.355839
-5.357482
-5.350578
-5.328550
-5.330523
-5.330852
-5.320003
-5.309482
-5.313756
-5.321646
-5.318358
-5.308824
-5.322633
-5.330194
-5.329865
-5.343017
-5.343674
-5.360770
-5.371949
-5.384113
-5.393319
-5.402524
-5.421265
-5.420936
-5.444279
-5.461704
-5.479786
-5.491293
-5.503787
-5.514307
-5.523513
-5.534034
-5.538637
-5.558034
-5.558363
-5.575788
-5.589926
-5.583021
-5.600118
-5.594529
-5.600775
-5.609981
-5.611625
-5.603734
-5.610638
-5.616556
-5.612940
-5.608008
-5.598145
-5.597158
-5.591898
-5.581706
-5.577432
-5.564610
-5.550144
-5.543569
-5.533048
-5.526801
-5.500170
-5.501814
-5.480773
-5.472225
-5.462361
-5.440662
-5.421922
-5.421594
-5.395292
-5.384442
-5.385757
-5.374250
-5.353209
-5.351893
-5.335126
-5.337428
-5.335455
-5.314742
-5.315728
-5.308496
-5.313098
-5.309153
-5.314742
-5.320660
-5.314742
-5.315071
-5.334468
-5.333482
-5.350578
-5.355839
-5.360442
-5.368661
-5.395292
-5.405155
-5.419950
-5.419950
-5.447567
-5.460718
-5.463019
-5.487348
-5.486691
-5.515294
-5.525486
-5.538966
-5.550473
-5.562966
-5.567240
-5.574473
-5.589268
-5.593542
-5.588611
-5.607022
-5.609981
-5.602419
-5.608994
-5.614913
-5.611953
-5.610310
-5.605707
-5.609323
-5.601433
-5.588939
-5.591569
-5.579076
-5.573487
-5.571186
-5.550144
-5.539952
-5.528116
-5.523513
-5.514307
-5.495239
-5.490636
-5.473868
-5.454142
-5.435731
-5.433101
-5.422580
-5.409429
-5.400881
-5.380497
-5.362414
-5.364387
-5.352222
-5.345318
-5.345318
-5.336112
-5.332167
-5.312441
-5.322304
-5.320003
-5.312441
-5.313427
-5.307509
-5.324605
-5.328879
-5.333811
-5.333153
-5.348935
-5.355181
-5.360770
-5.367017
-5.393319
-5.397264
-5.410744
-5.430470
-5.432772
-5.459074
-5.466964
-5.482417
-5.485375
-5.512992
-5.522856
-5.531404
-5.534692
-5.545541
-5.569541
-5.577432
-5.586638
-5.582693
-5.596830
-5.599460
-5.594529
-5.609652
-5.604721
-5.607351
-5.604721
-5.615570
-5.611296
-5.610638
-5.601433
-5.587296
-5.589268
-5.587953
-5.579734
-5.568226
-5.548829
-5.540281
-5.535020
-5.527459
-5.514637
-5.497540
-5.490636
-5.472882
-5.456443
-5.450197
-5.434416
-5.415676
-5.399894
-5.399894
-5.382141
-5.364058
-5.368003
-5.344989
-5.344989
-5.338085
-5.330852
-5.326249
-5.320331
-5.310139
-5.308824
-5.310797
-5.312112
-5.305536
-5.323948
-5.325921
-5.334797
-5.325921
-5.346962
-5.357482
-5.367675
-5.369976
-5.391346
-5.401209
-5.412059
-5.424881
-5.437046
-5.456443
-5.459074
-5.484060
-5.494253
-5.507732
-5.515952
-5.522856
-5.548829
-5.558692
-5.554418
-5.576117
-5.583679
-5.590583
-5.591898
-5.595186
-5.593871
-5.603734
-5.611953
-5.613926
-5.608337
-5.613926
-5.604063
-5.601433
-5.602748
-5.599460
-5.596501
-5.574473
-5.566911
-5.559679
-5.550144
-5.542253
-5.538308
-5.519239
-5.520883
-5.504116
-5.482417
-5.480444
-5.469923
-5.450526
-5.427183
-5.427840
-5.414361
-5.404169
-5.384771
-5.374250
-5.366031
-5.352880
-5.341702
-5.339400
-5.332496
-5.326907
-5.329208
-5.326578
-5.323948
-5.313098
-5.304550
-5.307509
-5.324276
-5.321318
-5.334468
-5.330523
-5.339729
-5.354195
-5.366360
-5.374579
-5.374579
-5.401538
-5.413374
-5.413703
-5.438032
-5.450197
-5.460389
-5.481102
-5.491293
-5.501814
-5.508718
-5.535349
-5.540938
-5.549815
-5.561980
-5.576446
-5.584994
-5.590912
-5.593542
-5.603405
-5.602419
-5.610638
-5.599789
-5.615899
-5.609981
-5.615570
-5.608008
-5.604721
-5.605378
-5.597487
-5.594529
-5.585651
-5.582035
-5.573816
-5.564610
-5.557706
-5.546527
-5.522198
-5.524171
-5.506417
-5.486033
-5.482745
-5.471567
-5.451841
-5.437046
-5.429155
-5.404169
-5.401209
-5.393648
-5.383456
-5.374250
-5.351893
-5.351565
-5.338743
-5.330852
-5.320989
-5.325592
-5.315728
-5.313098
-5.316386
-5.317043
-5.318030
-5.314413
-5.327235
-5.327564
-5.323619
-5.345975
-5.352880
-5.360442
-5.362743
-5.387730
-5.389702
-5.404497
-5.424552
-5.432114
-5.451512
-5.458416
-5.477156
-5.486691
-5.500170
-5.506417
-5.533705
-5.536335
-5.541267
-5.561651
-5.558692
-5.570528
-5.588939
-5.595843
-5.589268
-5.604063
-5.606693
-5.604392
-5.615899
-5.608008
-5.613926
-5.606036
-5.602419
-5.601433
-5.591898
-5.590912
-5.592885
-5.585651
-5.577761
-5.567240
-5.559679
-5.548829
-5.522198
-5.518582
-5.512992
-5.500170
-5.488663
-5.470581
-5.452498
-5.439676
-5.429813
-5.420607
-5.405155
-5.386086
-5.369976
-5.373921
-5.353866
-5.350907
-5.342030
-5.337756
-5.327564
-5.328550
-5.324605
-5.309482
-5.319016
-5.319345
-5.320331
-5.312112
-5.324934
-5.324276
-5.333153
-5.341372
-5.342688
-5.359784
-5.366360
-5.385428
-5.380826
-5.393319
-5.413703
-5.433758
-5.450197
-5.451183
-5.475841
-5.486691
-5.504116
-5.505760
-5.526472
-5.538308
-5.551459
-5.548829
-5.572829
-5.572501
-5.585651
-5.597158
-5.600118
-5.600446
-5.602090
-5.609652
-5.615899
-5.607351
-5.610310
-5.600446
-5.609652
-5.609323
-5.606693
-5.599789
-5.584008
-5.572829
-5.564610
-5.566911
-5.561322
-5.546527
-5.538637
-5.521870
-5.506746
-5.496554
-5.486362
-5.473540
-5.452169
-5.441648
-5.431457
-5.421922
-5.406799
-5.390360
-5.378524
-5.368989
-5.368661
-5.356496
-5.345318
-5.330523
-5.327235
-5.325921
-5.323290
-5.308167
-5.321646
-5.313098
-5.306523
-5.316715
-5.317043
-5.317043
-5.337099
-5.337099
-5.342359
-5.356825
-5.365702
-5.382798
-5.387401
-5.399566
-5.420936
-5.420936
-5.443293
-5.462361
-5.468608
-5.484718
-5.502472
-5.507403
-5.528774
-5.537322
-5.544226
-5.560336
-5.568226
-5.572172
-5.576117
-5.591569
-5.586309
-5.603734
-5.608994
-5.608994
-5.604063
-5.613268
-5.601761
-5.610638
-5.609652
-5.609652
-5.606364
-5.598474
-5.590912
-5.582035
-5.576775
-5.569213
-5.556062
-5.544884
-5.540609
-5.515623
-5.514307
-5.504773
-5.488992
-5.470910
-5.460718
-5.447567
-5.429155
-5.424552
-5.409429
-5.396607
-5.384771
-5.373264
-5.359784
-5.352880
-5.350250
-5.340058
-5.330194
-5.330194
-5.326249
-5.311783
-5.315728
-5.315400
-5.318030
-5.318358
-5.319674
-5.326907
-5.334468
-5.341372
-5.349263
-5.358140
-5.366688
-5.366688
-5.391346
-5.399237
-5.410087
-5.431457
-5.432443
-5.457101
-5.460060
-5.479458
-5.499184
-5.506417
-5.526144
-5.524499
-5.543240
-5.552445
-5.556719
-5.575131
-5.588282
-5.594529
-5.585323
-5.603405
-5.606693
-5.598803
-5.608666
-5.605378
-5.611953
-5.606036
-5.599789
-5.597158
-5.603076
-5.588282
-5.595186
-5.589268
-5.578419
-5.569213
-5.562966
-5.549487
-5.534363
-5.530746
-5.511677
-5.505760
-5.492938
-5.481102
-5.465321
-5.444608
-5.437046
-5.421265
-5.411730
-5.401538
-5.391675
-5.380497
-5.365373
-5.357811
-5.345975
-5.340058
-5.332167
-5.326578
-5.326578
-5.316386
-5.319016
-5.315728
-5.317372
-5.320331
-5.310797
-5.323948
-5.332496
-5.339071
-5.343345
-5.344989
-5.368661
-5.370305
-5.380168
-5.386744
-5.405155
-5.427840
-5.443293
-5.454800
-5.462690
-5.478143
-5.497540
-5.496882
-5.517595
-5.535020
-5.545870
-5.548172
-5.554089
-5.577432
-5.587953
-5.594529
-5.591898
-5.604721
-5.607022
-5.613268
-5.613926
-5.610638
-5.615899
-5.608994
-5.605707
-5.599460
-5.596172
-5.588282
-5.596830
-5.588939
-5.579734
-5.568555
-5.554747
-5.548829
-5.543897
-5.518910
-5.519897
-5.510362
-5.495239
-5.481102
-5.469923
-5.456443
-5.436059
-5.430470
-5.416662
-5.403511
-5.391346
-5.381812
-5.366031
-5.359455
-5.340386
-5.345975
-5.325592
-5.332167
-5.324605
-5.315071
-5.306851
-5.317372
-5.311126
-5.314742
-5.319016
-5.324605
-5.331510
-5.337428
-5.343345
-5.355510
-5.364058
-5.372277
-5.387730
-5.400552
-5.399566
-5.419292
-5.435402
-5.454142
-5.453156
-5.473211
-5.478471
-5.504773
-5.522198
-5.526472
-5.531733
-5.556062
-5.560336
-5.562966
-5.585980
-5.591898
-5.594529
-5.599789
-5.598145
-5.603076
-5.607022
-5.615899
-5.613268
-5.612611
-5.605378
-5.607679
-5.608666
-5.602748
-5.590583
-5.590912
-5.580391
-5.564281
-5.563295
-5.551459
-5.537322
-5.536335
-5.516609
-5.505760
-5.495896
-5.480773
-5.464992
-5.452169
-5.439676
-5.433101
-5.419621
-5.401538
-5.378853
-5.375237
-5.374579
-5.360442
-5.357482
-5.341044
-5.340058
-5.334797
-5.317372
-5.326578
-5.322304
-5.316386
-5.316057
-5.316386
-5.313756
-5.320003
-5.317372
-5.328550
-5.339729
-5.353866
-5.357482
-5.372935
-5.385099
-5.397922
-5.396935
-5.420279
-5.437704
-5.452169
-5.459403
-5.475183
-5.492280
-5.505431
-5.515294
-5.522198
-5.528445
-5.546856
-5.560336
-5.574473
-5.574802
-5.583350
-5.588611
-5.600775
-5.606364
-5.607022
-5.606693
-5.614913
-5.611953
-5.612611
-5.601761
-5.613597
-5.603076
-5.594529
-5.598803
-5.588282
-5.576775
-5.572829
-5.570199
-5.559021
-5.546856
-5.522527
-5.518910
-5.505431
-5.486362
-5.478800
-5.470252
-5.458745
-5.440005
-5.432443
-5.422251
-5.406470
-5.382141
-5.378524
-5.372606
-5.359784
-5.345647
-5.346962
-5.332825
-5.320660
-5.322304
-5.325592
-5.320003
-5.319016
-5.310139
-5.316386
-5.309811
-5.315400
-5.326249
-5.331838
-5.340386
-5.351893
-5.358469
-5.359127
-5.380497
-5.380826
-5.406799
-5.424224
-5.437046
-5.449868
-5.453156
-5.461375
-5.481431
-5.501814
-5.517924
-5.522856
-5.539294
-5.537322
-5.562966
-5.559679
-5.581048
-5.583350
-5.588282
-5.599131
-5.602419
-5.595843
-5.608337
-5.599789
-5.599789
-5.613268
-5.601104
-5.614583
-5.603734
-5.590254
-5.595843
-5.579076
-5.586967
-5.570857
-5.567898
-5.560336
-5.543240
-5.529760
-5.527130
-5.514637
-5.497869
-5.487020
-5.476170
-5.463348
-5.444279
-5.437704
-5.412059
-5.408772
-5.397264
-5.383784
-5.380168
-5.369976
-5.357482
-5.343345
-5.338743
-5.323948
-5.330194
-5.318687
-5.321646
-5.319016
-5.305536
-5.304550
-5.321975
-5.323290
-5.324934
-5.333482
-5.342030
-5.351565
-5.354524
-5.356496
-5.375565
-5.395620
-5.398908
-5.422580
-5.428169
-5.438361
-5.457430
-5.471567
-5.475513
-5.493266
-5.509048
-5.528116
-5.538308
-5.548829
-5.552117
-5.572829
-5.567898
-5.582693
-5.587624
-5.598474
-5.603076
-5.598803
-5.608008
-5.605049
-5.608337
-5.616556
-5.608337
-5.611625
-5.611953
-5.606364
-5.591569
-5.588939
-5.588939
-5.574473
-5.559021
-5.550144
-5.551459
-5.530746
-5.521541
-5.510691
-5.496882
-5.489650
-5.476828
-5.452827
-5.447567
-5.436717
-5.424552
-5.407127
-5.400881
-5.380826
-5.380826
-5.367017
-5.356167
-5.349263
-5.340715
-5.335455
-5.330523
-5.327235
-5.317043
-5.304550
-5.318687
-5.316715
-5.312112
-5.317043
-5.321975
-5.332825
-5.341044
-5.350578
-5.355839
-5.356825
-5.371291
-5.393648
-5.396935
-5.420607
-5.427511
-5.438032
-5.445265
-5.457101
-5.480444
-5.501485
-5.511349
-5.523185
-5.534363
-5.548500
-5.552774
-5.569541
-5.571843
-5.572501
-5.585980
-5.598803
-5.591241
-5.608008
-5.604721
-5.613268
-5.614913
-5.606693
-5.601761
-5.615899
-5.610638
-5.607351
-5.594529
-5.593214
-5.590583
-5.575788
-5.558034
-5.554747
-5.553432
-5.529760
-5.526472
-5.514637
-5.504445
-5.493266
-5.465649
-5.461375
-5.442306
-5.441320
-5.414032
-5.414361
-5.386415
-5.388716
-5.375565
-5.367675
-5.354524
-5.346304
-5.331181
-5.331510
-5.331838
-5.323619
-5.313756
-5.312769
-5.309153
-5.316057
-5.311454
-5.321318
-5.324276
-5.323948
-5.335783
-5.342359
-5.350578
-5.367017
-5.374579
-5.389374
-5.396935
-5.399894
-5.416004
-5.435073
-5.443950
-5.459403
-5.472882
-5.490636
-5.511020
-5.509048
-5.527459
-5.545212
-5.542911
-5.566583
-5.562966
-5.581378
-5.576775
-5.597487
-5.596501
-5.607022
-5.611296
-5.596830
-5.608008
-5.616228
-5.608666
-5.609981
-5.612282
-5.601761
-5.602419
-5.590583
-5.584336
-5.579734
-5.575788
-5.560994
-5.548829
-5.544555
-5.522198
-5.515623
-5.507732
-5.492280
-5.477156
-5.470910
-5.458745
-5.439676
-5.418634
-5.416004
-5.404497
-5.390689
-5.385099
-5.366031
-5.363400
-5.351236
-5.344660
-5.331181
-5.332496
-5.324934
-5.324276
-5.314742
-5.309811
-5.320331
-5.319674
-5.312769
-5.323290
-5.317043
-5.331838
-5.340058
-5.347948
-5.365045
-5.374907
-5.381155
-5.393648
-5.413703
-5.425868
-5.427183
-5.450854
-5.462361
-5.467950
-5.489321
-5.506088
-5.509376
-5.523513
-5.545541
-5.544226
-5.567898
-5.566583
-5.569870
-5.581706
-5.596501
-5.588611
-5.603405
-5.594529
-5.604392
-5.605049
-5.615570
-5.607022
-5.611296
-5.612611
-5.593214
-5.604063
-5.591569
-5.577432
-5.585323
-5.576117
-5.565597
-5.551130
-5.544555
-5.529102
-5.520555
-5.512664
-5.484060
-5.485047
-5.469594
-5.455786
-5.448553
-5.427183
-5.407127
-5.405484
-5.395949
-5.385428
-5.370634
-5.366031
-5.343674
-5.341044
-5.341044
-5.336770
-5.327235
-5.323619
-5.319016
-5.319674
-5.305208
-5.317372
-5.315728
-5.324934
-5.316386
-5.328550
-5.333482
-5.352880
-5.360113
-5.371620
-5.384442
-5.382470
-5.408114
-5.425539
-5.422909
-5.447896
-5.458745
-5.472225
-5.486362
-5.506746
-5.505431
-5.516280
-5.533705
-5.555076
-5.551130
-5.575131
-5.583021
-5.576446
-5.597158
-5.600446
-5.594529
-5.606036
-5.606364
-5.608008
-5.615899
-5.610310
-5.613597
-5.612940
-5.608008
-5.596830
-5.594857
-5.592885
-5.573158
-5.567569
-5.558692
-5.558692
-5.539623
-5.539623
-5.527130
-5.500499
-5.501485
-5.473540
-5.476828
-5.464005
-5.443621
-5.421265
-5.419950
-5.412388
-5.392004
-5.383456
-5.364058
-5.368661
-5.352551
-5.348277
-5.329208
-5.336112
-5.326578
-5.322304
-5.320331
-5.320660
-5.310139
-5.315071
-5.316386
-5.323948
-5.313098
-5.329208
-5.335126
-5.347948
-5.361428
-5.371291
-5.381812
-5.387730
-5.406799
-5.423237
-5.420607
-5.447567
-5.460718
-5.467622
-5.476499
-5.489321
-5.516609
-5.528116
-5.540281
-5.540938
-5.560665
-5.566911
-5.577761
-5.580062
-5.594200
-5.598145
-5.602419
-5.609981
-5.609652
-5.613926
-5.610638
-5.611953
-5.613597
-5.613597
-5.607022
-5.601104
-5.585323
-5.594857
-5.573816
-5.578090
-5.565268
-5.553432
-5.549815
-5.527459
-5.520555
-5.513650
-5.492938
-5.488663
-5.473540
-5.461046
-5.452827
-5.434416
-5.416991
-5.398251
-5.398251
-5.383784
-5.370305
-5.367017
-5.352222
-5.337756
-5.344660
-5.338085
-5.323948
-5.326907
-5.320003
-5.320989
-5.307838
-5.315728
-5.318030
-5.319674
-5.320660
-5.334140
-5.339400
-5.339729
-5.355510
-5.364058
-5.365373
-5.390689
-5.407785
-5.416333
-5.425868
-5.437704
-5.451183
-5.471896
-5.485375
-5.498527
-5.512335
-5.525486
-5.537651
-5.547185
-5.548829
-5.567240
-5.571186
-5.586638
-5.579076
-5.600775
-5.590583
-5.608337
-5.599131
-5.612940
-5.609323
-5.609323
-5.615899
-5.611625
-5.609981
-5.597816
-5.599789
-5.585980
-5.588282
-5.572501
-5.566583
-5.558034
-5.545541
-5.542253
-5.530089
-5.503458
-5.505102
-5.477814
-5.480444
-5.468279
-5.453485
-5.437046
-5.422251
-5.400552
-5.403511
-5.388716
-5.366360
-5.369318
-5.351236
-5.348935
-5.331181
-5.327564
-5.328222
-5.326907
-5.323290
-5.306194
-5.320331
-5.316386
-5.306523
-5.320989
-5.320989
-5.323948
-5.327893
-5.345975
-5.358469
-5.367346
-5.366031
-5.382798
-5.398579
-5.414689
-5.427511
-5.444279
-5.457758
-5.467950
-5.472225
-5.492938
-5.510691
-5.524171
-5.526801
-5.539952
-5.557377
-5.565925
-5.577104
-5.571843
-5.590583
-5.596830
-5.598145
-5.607679
-5.606036
-5.612940
-5.615570
-5.603405
-5.615241
-5.605707
-5.608008
-5.602748
-5.599789
-5.583021
-5.590583
-5.578419
-5.573487
-5.553761
-5.555076
-5.542911
-5.528774
-5.512664
-5.507403
-5.488992
-5.481102
-5.463348
-5.453813
-5.441320
-5.428826
-5.417977
-5.392662
-5.381155
-5.379510
-5.372935
-5.356496
-5.355510
-5.344660
-5.338743
-5.319674
-5.324276
-5.316715
-5.321646
-5.311454
-5.310797
-5.316057
-5.321646
-5.317372
-5.322961
-5.330852
-5.342030
-5.351565
-5.356825
-5.377209
-5.387072
-5.388387
-5.408442
-5.428826
-5.438361
-5.449868
-5.463019
-5.471238
-5.484060
-5.506746
-5.517924
-5.533377
-5.548172
-5.554747
-5.559679
-5.561980
-5.569870
-5.588611
-5.598474
-5.601761
-5.603076
-5.609652
-5.603405
-5.607022
-5.613268
-5.615899
-5.611625
-5.610967
-5.601433
-5.600118
-5.596830
-5.584336
-5.577104
-5.558692
-5.563295
-5.553103
-5.533048
-5.525815
-5.523185
-5.501157
-5.497211
-5.470910
-5.458745
-5.457758
-5.444936
-5.431786
-5.416333
-5.399566
-5.387730
-5.384442
-5.370305
-5.350250
-5.348606
-5.333811
-5.326907
-5.331181
-5.324934
-5.322304
-5.313756
-5.317701
-5.316386
-5.318358
-5.305865
-5.323290
-5.330194
-5.338743
-5.339071
-5.341044
-5.355181
-5.374250
-5.388387
-5.400223
-5.409100
-5.419621
-5.425868
-5.448224
-5.465978
-5.482088
-5.491951
-5.505760
-5.515952
-5.523185
-5.535020
-5.549158
-5.562966
-5.560665
-5.568884
-5.579405
-5.588611
-5.593871
-5.606364
-5.609323
-5.596830
-5.609323
-5.614255
-5.611296
-5.608666
-5.607351
-5.608666
-5.589268
-5.590254
-5.590912
-5.568226
-5.565925
-5.563952
-5.559021
-5.547843
-5.535678
-5.510362
-5.511677
-5.492609
-5.479458
-5.464005
-5.453813
-5.443293
-5.430799
-5.422909
-5.400881
-5.389374
-5.373592
-5.371949
-5.367017
-5.352880
-5.350907
-5.343017
-5.328222
-5.327235
-5.321646
-5.316386
-5.306523
-5.312112
-5.305536
-5.320331
-5.318687
-5.330852
-5.338414
-5.338085
-5.346304
-5.354195
-5.368661
-5.384771
-5.395620
-5.407785
-5.423237
-5.426854
-5.436059
-5.463019
-5.478143
-5.490965
-5.490636
-5.515294
-5.527459
-5.541596
-5.554089
-5.558692
-5.572829
-5.581706
-5.584665
-5.583350
-5.589597
-5.605049
-5.606364
-5.606364
-5.614255
-5.616228
-5.603734
-5.614913
-5.611625
-5.594529
-5.602748
-5.600446
-5.580062
-5.578747
-5.561980
-5.565268
-5.559350
-5.546199
-5.525815
-5.524499
-5.506088
-5.501157
-5.482088
-5.472882
-5.459074
-5.446251
-5.432772
-5.415018
-5.412059
-5.399566
-5.388716
-5.377867
-5.364058
-5.354524
-5.348935
-5.342359
-5.325592
-5.326249
-5.310468
-5.318030
-5.321318
-5.315071
-5.315071
-5.318030
-5.323948
-5.315071
-5.329865
-5.343674
-5.350578
-5.360442
-5.368332
-5.377209
-5.395292
-5.407785
-5.408114
-5.433758
-5.445923
-5.460060
-5.469594
-5.487348
-5.489650
-5.513979
-5.527787
-5.541267
-5.552445
-5.557377
-5.571514
-5.578747
-5.575459
-5.589926
-5.602090
-5.599460
-5.607679
-5.598474
-5.608666
-5.612611
-5.604063
-5.615570
-5.612611
-5.603734
-5.599460
-5.601433
-5.583350
-5.585651
-5.574473
-5.563624
-5.559350
-5.552117
-5.540938
-5.516938
-5.515952
-5.500170
-5.493266
-5.478800
-5.464334
-5.445923
-5.425210
-5.415347
-5.411073
-5.402524
-5.389045
-5.377538
-5.361757
-5.360113
-5.348277
-5.344332
-5.331510
-5.315071
-5.318358
-5.320660
-5.320660
-5.311454
-5.307838
-5.317043
-5.319016
-5.328550
-5.333811
-5.331838
-5.337428
-5.349592
-5.366360
-5.381483
-5.391017
-5.401867
-5.416991
-5.421265
-5.441978
-5.455128
-5.466307
-5.484389
-5.491622
-5.505102
-5.517267
-5.530746
-5.542253
-5.560336
-5.563295
-5.573158
-5.584665
-5.592227
-5.599131
-5.597158
-5.602419
-5.602419
-5.612611
-5.615899
-5.615570
-5.602419
-5.606364
-5.608994
-5.602419
-5.586638
-5.592556
-5.580391
-5.570528
-5.568884
-5.563624
-5.551788
-5.528774
-5.530417
-5.504773
-5.507075
-5.489650
-5.476499
-5.462361
-5.438032
-5.433101
-5.420936
-5.414032
-5.390360
-5.377538
-5.374579
-5.364387
-5.357482
-5.351893
-5.338414
-5.329208
-5.325592
-5.316386
-5.308496
-5.315071
-5.313427
-5.318030
-5.318687
-5.322961
-5.314085
-5.319016
-5.339400
-5.346304
-5.342030
-5.360770
-5.376552
-5.384771
-5.393319
-5.414689
-5.414032
-5.439019
-5.458087
-5.465649
-5.479458
-5.495568
-5.510362
-5.519239
-5.530089
-5.534034
-5.551130
-5.554747
-5.563295
-5.577761
-5.586967
-5.599789
-5.590254
-5.592556
-5.608337
-5.598803
-5.613597
-5.614913
-5.608008
-5.603734
-5.608337
-5.607679
-5.603734
-5.588939
-5.588939
-5.580062
-5.569213
-5.559021
-5.551459
-5.537651
-5.523513
-5.518910
-5.500499
-5.495896
-5.483732
-5.470581
-5.453156
-5.439676
-5.430470
-5.402196
-5.395292
-5.387072
-5.383127
-5.372606
-5.358140
-5.348606
-5.346633
-5.337428
-5.331181
-5.325592
-5.323948
-5.317372
-5.314742
-5.301920
-5.313098
-5.319674
-5.326249
-5.332167
-5.338743
-5.344003
-5.341044
-5.362414
-5.375237
-5.386415
-5.401209
-5.399237
-5.426854
-5.440991
-5.446909
-5.462033
-5.473211
-5.492609
-5.502143
-5.509048
-5.532390
-5.545870
-5.552117
-5.566583
-5.573158
-5.581378
-5.584336
-5.581378
-5.598474
-5.597816
-5.606693
-5.605049
-5.615241
-5.613268
-5.601761
-5.600118
-5.604721
-5.608337
-5.604063
-5.586967
-5.590254
-5.582035
-5.567898
-5.551788
-5.547185
-5.541267
-5.531075
-5.520555
-5.496554
-5.490965
-5.477156
-5.464005
-5.458416
-5.446251
-5.433429
-5.407127
-5.402196
-5.394305
-5.384771
-5.376223
-5.357154
-5.350578
-5.347948
-5.326578
-5.319345
-5.326578
-5.322304
-5.320331
-5.305536
-5.316057
-5.318687
-5.312112
-5.323619
-5.328550
-5.330852
-5.337428
-5.349921
-5.359455
-5.368332
-5.384442
-5.398251
-5.396607
-5.424881
-5.431128
-5.448882
-5.463348
-5.469594
-5.492938
-5.496882
-5.505760
-5.531404
-5.543897
-5.553103
-5.560665
-5.564939
-5.575788
-5.577104
-5.590912
-5.591898
-5.591898
-5.607351
-5.608666
-5.612611
-5.613597
-5.601433
-5.599789
-5.606364
-5.608994
-5.606036
-5.584336
-5.590912
-5.580391
-5.561651
-5.555733
-5.543569
-5.540938
-5.535349
-5.518910
-5.509376
-5.487020
-5.476828
-5.467293
-5.460389
-5.447896
-5.434416
-5.413374
-5.409758
-5.397593
-5.372606
-5.363072
-5.367346
-5.355510
-5.337756
-5.331181
-5.324605
-5.326907
-5.324934
-5.318687
-5.318030
-5.314085
-5.305208
-5.317372
-5.316386
-5.315071
-5.333482
-5.340058
-5.346304
-5.347948
-5.369318
-5.384442
-5.392662
-5.408442
-5.413703
-5.436059
-5.436059
-5.461046
-5.470910
-5.489321
-5.501157
-5.511349
-5.518910
-5.538308
-5.544884
-5.557048
-5.568555
-5.581706
-5.590254
-5.592556
-5.598803
-5.602090
-5.608337
-5.608994
-5.607679
-5.606693
-5.613597
-5.613597
-5.602748
-5.596501
-5.592885
-5.592227
-5.577761
-5.570199
-5.570199
-5.560994
-5.552774
-5.549158
-5.525486
-5.528774
-5.509376
-5.498527
-5.487348
-5.476170
-5.459731
-5.444279
-5.436059
-5.415018
-5.410415
-5.394963
-5.378853
-5.374579
-5.353209
-5.345647
-5.351236
-5.327235
-5.329537
-5.326578
-5.322304
-5.307838
-5.314742
-5.310139
-5.318030
-5.314085
-5.325263
-5.328879
-5.331510
-5.339729
-5.350250
-5.360442
-5.369318
-5.374250
-5.384771
-5.407127
-5.413703
-5.419950
-5.448882
-5.453156
-5.468937
-5.486362
-5.503458
-5.512992
-5.515294
-5.537980
-5.541596
-5.561322
-5.567569
-5.570528
-5.585651
-5.594529
-5.593871
-5.603734
-5.608337
-5.607351
-5.605707
-5.600446
-5.614913
-5.612940
-5.612940
-5.610967
-5.606036
-5.587296
-5.589268
-5.582035
-5.564939
-5.558363
-5.548829
-5.544555
-5.535678
-5.530089
-5.512006
-5.502800
-5.493595
-5.475183
-5.456772
-5.450526
-5.437046
-5.414032
-5.407785
-5.400881
-5.384113
-5.374579
-5.355839
-5.349592
-5.349592
-5.335783
-5.328222
-5.324934
-5.314413
-5.316057
-5.311783
-5.304550
-5.314742
-5.320003
-5.311783
-5.319674
-5.330852
-5.341044
-5.335783
-5.344003
-5.362414
-5.380826
-5.390360
-5.393977
-5.416991
-5.425210
-5.446251
-5.450197
-5.458416
-5.482745
-5.490965
-5.501157
-5.522856
-5.535678
-5.540281
-5.554747
-5.568884
-5.580391
-5.587296
-5.594529
-5.589597
-5.596501
-5.600118
-5.608994
-5.613597
-5.615899
-5.600446
-5.602748
-5.605049
-5.604392
-5.603405
-5.602090
-5.591569
-5.585323
-5.578419
-5.566583
-5.555733
-5.549487
-5.528774
-5.532062
-5.505102
-5.501814
-5.495239
-5.480115
-5.462033
-5.455786
-5.442306
-5.428169
-5.413374
-5.400881
-5.389702
-5.368003
-5.368989
-5.348277
-5.349263
-5.345318
-5.330523
-5.331510
-5.324934
-5.314742
-5.311783
-5.313098
-5.311783
-5.313427
-5.324605
-5.328222
-5.332825
-5.337428
-5.342688
-5.342688
-5.366688
-5.379182
-5.390360
-5.394634
-5.412716
-5.421265
-5.440662
-5.450854
-5.465978
-5.476499
-5.497540
-5.496225
-5.519897
-5.521212
-5.538308
-5.556391
-5.568555
-5.577761
-5.583021
-5.589926
-5.593871
-5.603076
-5.604063
-5.611296
-5.612282
-5.615241
-5.600446
-5.613268
-5.612282
-5.613268
-5.608994
-5.598803
-5.596501
-5.588939
-5.583350
-5.571843
-5.558692
-5.554089
-5.538966
-5.531404
-5.510691
-5.504445
-5.494910
-5.483074
-5.461704
-5.456443
-5.441320
-5.422909
-5.413703
-5.401209
-5.388716
-5.383784
-5.369647
-5.365045
-5.352222
-5.337756
-5.334797
-5.323948
-5.325592
-5.309482
-5.313756
-5.309153
-5.318358
-5.317701
-5.321975
-5.326249
-5.330523
-5.336770
-5.339400
-5.342030
-5.352551
-5.362743
-5.380168
-5.400881
-5.407127
-5.413703
-5.440005
-5.444279
-5.457101
-5.479458
-5.488335
-5.506746
-5.510362
-5.533048
-5.531733
-5.556391
-5.563295
-5.568884
-5.579734
-5.584336
-5.593542
-5.592556
-5.597816
-5.596172
-5.606364
-5.600775
-5.613926
-5.609323
-5.612282
-5.610310
-5.607679
-5.597487
-5.596830
-5.590583
-5.583021
-5.577432
-5.566911
-5.552117
-5.546199
-5.526472
-5.521870
-5.506746
-5.494253
-5.485047
-5.466636
-5.460389
-5.447896
-5.428826
-5.416333
-5.405155
-5.383784
-5.379182
-5.361757
-5.356167
-5.348935
-5.336441
-5.339400
-5.331510
-5.316386
-5.323948
-5.305536
-5.305536
-5.318358
-5.319345
-5.314085
-5.312112
-5.317043
-5.333482
-5.343674
-5.348606
-5.364716
-5.367675
-5.378195
-5.396278
-5.399894
-5.416333
-5.433758
-5.450197
-5.464334
-5.477814
-5.485704
-5.501814
-5.516938
-5.522198
-5.539294
-5.551130
-5.559350
-5.569870
-5.583021
-5.590254
-5.588939
-5.592227
-5.599131
-5.606036
-5.598803
-5.612611
-5.608666
-5.607351
-5.609981
-5.607351
-5.604392
-5.603076
-5.598803
-5.591569
-5.582693
-5.571514
-5.561322
-5.558363
-5.543240
-5.522856
-5.526801
-5.514307
-5.488006
-5.485047
-5.460060
-5.462361
-5.450197
-5.436717
-5.417319
-5.406141
-5.399566
-5.382470
-5.377538
-5.354195
-5.348935
-5.340058
-5.336112
-5.320660
-5.323948
-5.311783
-5.318358
-5.319016
-5.309811
-5.316715
-5.307838
-5.316386
-5.326578
-5.333153
-5.329537
-5.342359
-5.356167
-5.373592
-5.382798
-5.389374
-5.398908
-5.420279
-5.435731
-5.442964
-5.461704
-5.469923
-5.482745
-5.504116
-5.511677
-5.525486
-5.531733
-5.552774
-5.558034
-5.560665
-5.580391
-5.586638
-5.584994
-5.599460
-5.602419
-5.601433
-5.607351
-5.598474
-5.611625
-5.601433
-5.601104
-5.612611
-5.608008
-5.589926
-5.595186
-5.592556
-5.587953
-5.577432
-5.566911
-5.559021
-5.541924
-5.539294
-5.519239
-5.514307
-5.501814
-5.481102
-5.474855
-5.456772
-5.443293
-5.433429
-5.425539
-5.409758
-5.385428
-5.387072
-5.373264
-5.369976
-5.358469
-5.348935
-5.335455
-5.334140
-5.320003
-5.321318
-5.322633
-5.312441
-5.317372
-5.311454
-5.319016
-5.323290
-5.314413
-5.334797
-5.335126
-5.346962
-5.352551
-5.355510
-5.373264
-5.393648
-5.392004
-5.416991
-5.433101
-5.441648
-5.459731
-5.472553
-5.473540
-5.496554
-5.514637
-5.527787
-5.533705
-5.543897
-5.555733
-5.566911
-5.575459
-5.585651
-5.577761
-5.599460
-5.595515
-5.606693
-5.611296
-5.599131
-5.606693
-5.611625
-5.615899
-5.612282
-5.607351
-5.603734
-5.597158
-5.584994
-5.582035
-5.580391
-5.567569
-5.560665
-5.536335
-5.539952
-5.524499
-5.504445
-5.495568
-5.491951
-5.471896
-5.466636
-5.453813
-5.433101
-5.417319
-5.414032
-5.392662
-5.391675
-5.375565
-5.369318
-5.344989
-5.342030
-5.331181
-5.323948
-5.327893
-5.317043
-5.320989
-5.303893
-5.313756
-5.312441
-5.320660
-5.309153
-5.320331
-5.332496
-5.328550
-5.334797
-5.356167
-5.365373
-5.371620
-5.386744
-5.405484
-5.406470
-5.424224
-5.444936
-5.457101
-5.471896
-5.483074
-5.485047
-5.505760
-5.519568
-5.523513
-5.543240
-5.556719
-5.560665
-5.577432
-5.584665
-5.578090
-5.598145
-5.590254
-5.607351
-5.604392
-5.611953
-5.610638
-5.612282
-5.609652
-5.611296
-5.609652
-5.591898
-5.601104
-5.594529
-5.583021
-5.578419
-5.572172
-5.549815
-5.553761
-5.530417
-5.525815
-5.513650
-5.504773
-5.490307
-5.479129
-5.468937
-5.456772
-5.436388
-5.423566
-5.416662
-5.397593
-5.390360
-5.372277
-5.368661
-5.361099
-5.352551
-5.339729
-5.339071
-5.318687
-5.315400
-5.322304
-5.305208
-5.305536
-5.313427
-5.315400
-5.307180
-5.311454
-5.316057
-5.324934
-5.340715
-5.356167
-5.366688
-5.375894
-5.374579
-5.400223
-5.413374
-5.422251
-5.442635
-5.455457
-5.469923
-5.481759
-5.493595
-5.496554
-5.522527
-5.534692
-5.535678
-5.552117
-5.567898
-5.563295
-5.579405
-5.584008
-5.597816
-5.595515
-5.607022
-5.610310
-5.601433
-5.606364
-5.614255
-5.614913
-5.604392
-5.599131
-5.606036
-5.595843
-5.582364
-5.592227
-5.577432
-5.562309
-5.557377
-5.554089
-5.537651
-5.531733
-5.522856
-5.502800
-5.493595
-5.469923
-5.465321
-5.452169
-5.434087
-5.417319
-5.404826
-5.405812
-5.387401
-5.370634
-5.374579
-5.357811
-5.339400
-5.334140
-5.332825
-5.333811
-5.328222
-5.314413
-5.320331
-5.316715
-5.316057
-5.320989
-5.315728
-5.316057
-5.330194
-5.335455
-5.346962
-5.348277
-5.350250
-5.368332
-5.383127
-5.399894
-5.405812
-5.411401
-5.435731
-5.443950
-5.457101
-5.473868
-5.492609
-5.507732
-5.517267
-5.532390
-5.542911
-5.548829
-5.560994
-5.575131
-5.579734
-5.589926
-5.582693
-5.601104
-5.596830
-5.610310
-5.598145
-5.607679
-5.607351
-5.616228
-5.608994
-5.606036
-5.606036
-5.589597
-5.596501
-5.589926
-5.575131
-5.575459
-5.560336
-5.549815
-5.546527
-5.530089
-5.509705
-5.505102
-5.495568
-5.482745
-5.473868
-5.460389
-5.448553
-5.428826
-5.412059
-5.398579
-5.392004
-5.374579
-5.376223
-5.348935
-5.346962
-5.333482
-5.331510
-5.334797
-5.328550
-5.323619
-5.314413
-5.316386
-5.318358
-5.317043
-5.320989
-5.308824
-5.326249
-5.337428
-5.345647
-5.347291
-5.355839
-5.370634
-5.384442
-5.388716
-5.405484
-5.419950
-5.437375
-5.443621
-5.454800
-5.470581
-5.484389
-5.504445
-5.502143
-5.522527
-5.541924
-5.550802
-5.554418
-5.573487
-5.575459
-5.588939
-5.581378
-5.599789
-5.600446
-5.608337
-5.605378
-5.610310
-5.615241
-5.608666
-5.615570
-5.613268
-5.608337
-5.597816
-5.593214
-5.590254
-5.571843
-5.574144
-5.552117
-5.556062
-5.544226
-5.531733
-5.522856
-5.513650
-5.495568
-5.477485
-5.473868
-5.464334
-5.447567
-5.433429
-5.420936
-5.403182
-5.400552
-5.389374
-5.377209
-5.356496
-5.358798
-5.350578
-5.327893
-5.335455
-5.315400
-5.319674
-5.314742
-5.315728
-5.318687
-5.316386
-5.316057
-5.315071
-5.328550
-5.329865
-5.341044
-5.352222
-5.357811
-5.371291
-5.378853
-5.382470
-5.400223
-5.417648
-5.430470
-5.447238
-5.461046
-5.471896
-5.476170
-5.494253
-5.511349
-5.522198
-5.528774
-5.545541
-5.561980
-5.560665
-5.577104
-5.580391
-5.586309
-5.596501
-5.604721
-5.603405
-5.608994
-5.613597
-5.605378
-5.609981
-5.613597
-5.612611
-5.595843
-5.605707
-5.591569
-5.594200
-5.577761
-5.562637
-5.560336
-5.559679
-5.543240
-5.540938
-5.525157
-5.509048
-5.499513
-5.488663
-5.476828
-5.461046
-5.449211
-5.435731
-5.420607
-5.412059
-5.399237
-5.388716
-5.374250
-5.357154
-5.360113
-5.346633
-5.341372
-5.329208
-5.330852
-5.325263
-5.318687
-5.319345
-5.303564
-5.309482
-5.320003
-5.315728
-5.325921
-5.320660
-5.340386
-5.344660
-5.342359
-5.358798
-5.378524
-5.392333
-5.402196
-5.411401
-5.432772
-5.446251
-5.458087
-5.465321
-5.475513
-5.493595
-5.503129
-5.512992
-5.536335
-5.551459
-5.553432
-5.566583
-5.571843
-5.579734
-5.592556
-5.596172
-5.589268
-5.607351
-5.595186
-5.611296
-5.608994
-5.609981
-5.615570
-5.608666
-5.609652
-5.597487
-5.600118
-5.586309
-5.585651
-5.579405
-5.563295
-5.555076
-5.551459
-5.528445
-5.521541
-5.517595
-5.502800
-5.478143
-5.482088
-5.467950
-5.454142
-5.440333
-5.428169
-5.416004
-5.397922
-5.385099
-5.369976
-5.356496
-5.360770
-5.352551
-5.329208
-5.330523
-5.327893
-5.321975
-5.315071
-5.318030
-5.306194
-5.304879
-5.319674
-5.320003
-5.315400
-5.326249
-5.334468
-5.333153
-5.342359
-5.362743
-5.378853
-5.376880
-5.393648
-5.412388
-5.419621
-5.439019
-5.453813
-5.469594
-5.485375
-5.497211
-5.507403
-5.523513
-5.529760
-5.542582
-5.560007
-5.560994
-5.570528
-5.584994
-5.588611
-5.585980
-5.594529
-5.601433
-5.600446
-5.598803
-5.608337
-5.611625
-5.611953
-5.612611
-5.602419
-5.605378
-5.603734
-5.584008
-5.590912
-5.582035
-5.558363
-5.562966
-5.550144
-5.537322
-5.530417
-5.513321
-5.508390
-5.488992
-5.483732
-5.470581
-5.454800
-5.441978
-5.429813
-5.417977
-5.399894
-5.390689
-5.376223
-5.362085
-5.359784
-5.340715
-5.346962
-5.339071
-5.319016
-5.326578
-5.323619
-5.305865
-5.318358
-5.319016
-5.314413
-5.305208
-5.325592
-5.317372
-5.331510
-5.343345
-5.350907
-5.356496
-5.377538
-5.380168
-5.395949
-5.412059
-5.412388
-5.439347
-5.454142
-5.469265
-5.481102
-5.488663
-5.503458
-5.506746
-5.529431
-5.547514
-5.557377
-5.560336
-5.560336
-5.576446
-5.591569
-5.596501
-5.587296
-5.605378
-5.595186
-5.608666
-5.600775
-5.607022
-5.616228
-5.614583
-5.597487
-5.608337
-5.596830
-5.597487
-5.585323
-5.575131
-5.574144
-5.558034
-5.556719
-5.532390
-5.528774
-5.517924
-5.511677
-5.495896
-5.482417
-5.462361
-5.453485
-5.443293
-5.433758
-5.419950
-5.395292
-5.391346
-5.382798
-5.374579
-5.357482
-5.356825
-5.339071
-5.333482
-5.328222
-5.324605
-5.323619
-5.310139
-5.317043
-5.304879
-5.315071
-5.320660
-5.320989
-5.329537
-5.334140
-5.337428
-5.344989
-5.364387
-5.368661
-5.386744
-5.400881
-5.411730
-5.417977
-5.422580
-5.438690
-5.453156
-5.471567
-5.486033
-5.501485
-5.514637
-5.518253
-5.531075
-5.541924
-5.561651
-5.569541
-5.582693
-5.577104
-5.589268
-5.596830
-5.591898
-5.601104
-5.597158
-5.599789
-5.608008
-5.617214
-5.611625
-5.609981
-5.601761
-5.601104
-5.591898
-5.588282
-5.581706
-5.561322
-5.566911
-5.551459
-5.538966
-5.537980
-5.517595
-5.497869
-5.499184
-5.482088
-5.468279
-5.456115
-5.447896
-5.433758
-5.419292
-5.408442
-5.399566
-5.387401
-5.375894
-5.358469
-5.356496
-5.333811
-5.327235
-5.330852
-5.325263
-5.324934
-5.317701
-5.311126
-5.316057
-5.315071
-5.310797
-5.321975
-5.322633
-5.329537
-5.330852
-5.338085
-5.354195
-5.373264
-5.385757
-5.397264
-5.396278
-5.422580
-5.431786
-5.440991
-5.449868
-5.477814
-5.488335
-5.500828
-5.510362
-5.523185
-5.532719
-5.544884
-5.561651
-5.564610
-5.576117
-5.587953
-5.595843
-5.599789
-5.597816
-5.604392
-5.597158
-5.612940
-5.615570
-5.600118
-5.608008
-5.605707
-5.608666
-5.600775
-5.599460
-5.586967
-5.577432
-5.573816
-5.568555
-5.545212
-5.542582
-5.538637
-5.517924
-5.511349
-5.500828
-5.488335
-5.472225
-5.451512
-5.440991
-5.434087
-5.423895
-5.400552
-5.393977
-5.385428
-5.377867
-5.360770
-5.358140
-5.342359
-5.338743
-5.331510
-5.322304
-5.323619
-5.313427
-5.309811
-5.318358
-5.318030
-5.320003
-5.316715
-5.328550
-5.331181
-5.335455
-5.346962
-5.359455
-5.365702
-5.377867
-5.391017
-5.391346
-5.416991
-5.433101
-5.446580
-5.462361
-5.476170
-5.477485
-5.501814
-5.512335
-5.514965
-5.533705
-5.549815
-5.546527
-5.555076
-5.573816
-5.588939
-5.594200
-5.594857
-5.602419
-5.606693
-5.607022
-5.609323
-5.614583
-5.608994
-5.606036
-5.607022
-5.604721
-5.604721
-5.588939
-5.594529
-5.584336
-5.572501
-5.565925
-5.557706
-5.553432
-5.525815
-5.523842
-5.515623
-5.505431
-5.486691
-5.479786
-5.460718
-5.444936
-5.439347
-5.421594
-5.415347
-5.391017
-5.390360
-5.366360
-5.355181
-5.360770
-5.351565
-5.330194
-5.328222
-5.325263
-5.311126
-5.309482
-5.311126
-5.310468
-5.318358
-5.310468
-5.310468
-5.328550
-5.320660
-5.333811
-5.346962
-5.355181
-5.354524
-5.375894
-5.392662
-5.392004
-5.415018
-5.420279
-5.434744
-5.450854
-5.459731
-5.482745
-5.489321
-5.511020
-5.521212
-5.532062
-5.546199
-5.544226
-5.555404
-5.572829
-5.586309
-5.589597
-5.586309
-5.598145
-5.599789
-5.605378
-5.610638
-5.611296
-5.607022
-5.606693
-5.612940
-5.595515
-5.607679
-5.587296
-5.595515
-5.586309
-5.567898
-5.572501
-5.548500
-5.546199
-5.538308
-5.530417
-5.517595
-5.501157
-5.493595
-5.472882
-5.466636
-5.441320
-5.436059
-5.427840
-5.408772
-5.405155
-5.387730
-5.366360
-5.355510
-5.360442
-5.349263
-5.341044
-5.323619
-5.317372
-5.325921
-5.319345
-5.316386
-5.315400
-5.308824
-5.309811
-5.316057
-5.312112
-5.319674
-5.323948
-5.338414
-5.356496
-5.360113
-5.366688
-5.385099
-5.403182
-5.410087
-5.420607
-5.429813
-5.457101
-5.470581
-5.483732
-5.481759
-5.510362
-5.520555
-5.527459
-5.531733
-5.554089
-5.557706
-5.567569
-5.576117
-5.579076
-5.583679
-5.597816
-5.600118
-5.609323
-5.599460
-5.614255
-5.603405
-5.613268
-5.599789
-5.611953
-5.604392
-5.594529
-5.596172
-5.590583
-5.577761
-5.564939
-5.558692
-5.552117
-5.542582
-5.530089
-5.515623
-5.506746
-5.488663
-5.483074
-5.467950
-5.448882
-5.444279
-5.432443
-5.405155
-5.399566
-5.393977
-5.381483
-5.370962
-5.356825
-5.347620
-5.347291
-5.326907
-5.317372
-5.327893
-5.321318
-5.321646
-5.311126
-5.317043
-5.304550
-5.321975
-5.325921
-5.325921
-5.322304
-5.334797
-5.353209
-5.359455
-5.363400
-5.382141
-5.400881
-5.410415
-5.422909
-5.435731
-5.449868
-5.456115
-5.473540
-5.481759
-5.503458
-5.516938
-5.528445
-5.531075
-5.556391
-5.565268
-5.565597
-5.577761
-5.583350
-5.594857
-5.594857
-5.598803
-5.610310
-5.607022
-5.607679
-5.615899
-5.611625
-5.613597
-5.605378
-5.608994
-5.598803
-5.597158
-5.590254
-5.578747
-5.568226
-5.559679
-5.556062
-5.538637
-5.534034
-5.523842
-5.510691
-5.486362
-5.484389
-5.464663
-5.459403
-5.432772
-5.425868
-5.407456
-5.409758
-5.389702
-5.378524
-5.365702
-5.354524
-5.342688
-5.347620
-5.323948
-5.323619
-5.321975
-5.312769
-5.315071
-5.309482
-5.304221
-5.315728
-5.320003
-5.313098
-5.324934
-5.336770
-5.336441
-5.345975
-5.364387
-5.375565
-5.386415
-5.395620
-5.406470
-5.416004
-5.428498
-5.446580
-5.464992
-5.473540
-5.490307
-5.499184
-5.512664
-5.524499
-5.539952
-5.544555
-5.559021
-5.560007
-5.567898
-5.575788
-5.582035
-5.599460
-5.600775
-5.608337
-5.598474
-5.614255
-5.608994
-5.613268
-5.598803
-5.611953
-5.606364
-5.597487
-5.595843
-5.586967
-5.571843
-5.574144
-5.568226
-5.557377
-5.535678
-5.531733
-5.524499
-5.511349
-5.497211
-5.480115
-5.473211
-5.458416
-5.443621
-5.423566
-5.419292
-5.409100
-5.383127
-5.387730
-5.363400
-5.368332
-5.356496
-5.348277
-5.329208
-5.331181
-5.325921
-5.326907
-5.314413
-5.316386
-5.311454
-5.314413
-5.307180
-5.325592
-5.316057
-5.333153
-5.340058
-5.348935
-5.358140
-5.359784
-5.378195
-5.396278
-5.402196
-5.406799
-5.430141
-5.451183
-5.464334
-5.471896
-5.490636
-5.503787
-5.517595
-5.527459
-5.540281
-5.538308
-5.555076
-5.559350
-5.567898
-5.574473
-5.586967
-5.597487
-5.600446
-5.599131
-5.612611
-5.609652
-5.614913
-5.611625
-5.614583
-5.604721
-5.600775
-5.602090
-5.586967
-5.581378
-5.574144
-5.572501
-5.566911
-5.560007
-5.542253
-5.528445
-5.524499
-5.516938
-5.489321
-5.489978
-5.461375
-5.463676
-5.443621
-5.432772
-5.418963
-5.411073
-5.400223
-5.382470
-5.378524
-5.370634
-5.359455
-5.347948
-5.326578
-5.325921
-5.316386
-5.311783
-5.321975
-5.318687
-5.314085
-5.303893
-5.312112
-5.323290
-5.315400
-5.330852
-5.336112
-5.346633
-5.359784
-5.367346
-5.377867
-5.387072
-5.393648
-5.407127
-5.431786
-5.447238
-5.458087
-5.474526
-5.481431
-5.490307
-5.501157
-5.527130
-5.537980
-5.542911
-5.548829
-5.559350
-5.572172
-5.583021
-5.580391
-5.598474
-5.602748
-5.608337
-5.603076
-5.613268
-5.615241
-5.612282
-5.615899
-5.600446
-5.602748
-5.607351
-5.593871
-5.587624
-5.579405
-5.576117
-5.565597
-5.558034
-5.544884
-5.540281
-5.526801
-5.510362
-5.507075
-5.481102
-5.479129
-5.463019
-5.442635
-5.430141
-5.422580
-5.414361
-5.392004
-5.389045
-5.365373
-5.368989
-5.346304
-5.346304
-5.342688
-5.329865
-5.323619
-5.326578
-5.316057
-5.317701
-5.315400
-5.303564
-5.307180
-5.320989
-5.327564
-5.331510
-5.323619
-5.347620
-5.356167
-5.364716
-5.365045
-5.388059
-5.392004
-5.412388
-5.432443
-5.438032
-5.453156
-5.457758
-5.484718
-5.489978
-5.508061
-5.525486
-5.536993
-5.532390
-5.553761
-5.566254
-5.579076
-5.583021
-5.587953
-5.583350
-5.599789
-5.601433
-5.597487
-5.612940
-5.614583
-5.611625
-5.615899
-5.600118
-5.603405
-5.608008
-5.592227
-5.585651
-5.585323
-5.582035
-5.573158
-5.561980
-5.543569
-5.533705
-5.529760
-5.517267
-5.505760
-5.485047
-5.477156
-5.466307
-5.442635
-5.430470
-5.425539
-5.417977
-5.401538
-5.383784
-5.382798
-5.373921
-5.360442
-5.352222
-5.342030
-5.332825
-5.329537
-5.313098
-5.321646
-5.313098
-5.309811
-5.312769
-5.306851
-5.323290
-5.324276
-5.322304
-5.337756
-5.340386
-5.357811
-5.367675
-5.377867
-5.388387
-5.394305
-5.414361
-5.419621
-5.442306
-5.452169
-5.468279
-5.468608
-5.496225
-5.504116
-5.509705
-5.520883
-5.545212
-5.549487
-5.558692
-5.562637
-5.581706
-5.586309
-5.587296
-5.586309
-5.591898
-5.597487
-5.612611
-5.614583
-5.608008
-5.608994
-5.614583
-5.612611
-5.603734
-5.601104
-5.592885
-5.590254
-5.584008
-5.575131
-5.565268
-5.545541
-5.540938
-5.533377
-5.513650
-5.510034
-5.488992
-5.484060
-5.463348
-5.456443
-5.436388
-5.432114
-5.418963
-5.401538
-5.382798
-5.374579
-5.372935
-5.360442
-5.352880
-5.336770
-5.336441
-5.325263
-5.323619
-5.309153
-5.312441
-5.311454
-5.315071
-5.317043
-5.315400
-5.317043
-5.326907
-5.335783
-5.331181
-5.347291
-5.349592
-5.362414
-5.379839
-5.397922
-5.409758
-5.421594
-5.434744
-5.438690
-5.451512
-5.481102
-5.485047
-5.509376
-5.514307
-5.518910
-5.537651
-5.550802
-5.566583
-5.569870
-5.569870
-5.574473
-5.595515
-5.592885
-5.601433
-5.609652
-5.608666
-5.613268
-5.606036
-5.602419
-5.600446
-5.609323
-5.604392
-5.596830
-5.584008
-5.585651
-5.584994
-5.571514
-5.556719
-5.553761
-5.538637
-5.532062
-5.524499
-5.509376
-5.486033
-5.484389
-5.459731
-5.454142
-5.439347
-5.430470
-5.417319
-5.393319
-5.397593
-5.384771
-5.371949
-5.364716
-5.353209
-5.338743
-5.339400
-5.326578
-5.322304
-5.317372
-5.312769
-5.314742
-5.305208
-5.304221
-5.318358
-5.322304
-5.329865
-5.331510
-5.328879
-5.341044
-5.361757
-5.374250
-5.382141
-5.388059
-5.409758
-5.415018
-5.438690
-5.445265
-5.463348
-5.475513
-5.486362
-5.507075
-5.505431
-5.528116
-5.528445
-5.553761
-5.557048
-5.571514
-5.582035
-5.588282
-5.590583
-5.595515
-5.591241
-5.608994
-5.610310
-5.613268
-5.608666
-5.615570
-5.615570
-5.610310
-5.606693
-5.600446
-5.598474
-5.589597
-5.576446
-5.565925
-5.561651
-5.548500
-5.547185
-5.528445
-5.526472
-5.513979
-5.490965
-5.485375
-5.465321
-5.455786
-5.442635
-5.434087
-5.422909
-5.404826
-5.386086
-5.379510
-5.374250
-5.359127
-5.352880
-5.345318
-5.338414
-5.333811
-5.328222
-5.324276
-5.308167
-5.313098
-5.303235
-5.306194
-5.318358
-5.323948
-5.324934
-5.322961
-5.334797
-5.342359
-5.358798
-5.372606
-5.377867
-5.389045
-5.403840
-5.414689
-5.435731
-5.433758
-5.447896
-5.469923
-5.489321
-5.489978
-5.509376
-5.513650
-5.531075
-5.549487
-5.548500
-5.570528
-5.565268
-5.580391
-5.594857
-5.592227
-5.590254
-5.608666
-5.607679
-5.613268
-5.599460
-5.612611
-5.617214
-5.610310
-5.607679
-5.599131
-5.599131
-5.588939
-5.573158
-5.578419
-5.570199
-5.545212
-5.549158
-5.526144
-5.525486
-5.515952
-5.501157
-5.481759
-5.476170
-5.457758
-5.443950
-5.432443
-5.422909
-5.413045
-5.398908
-5.390031
-5.380497
-5.365373
-5.344989
-5.335455
-5.341702
-5.334140
-5.329537
-5.325263
-5.310468
-5.316057
-5.308167
-5.314085
-5.318358
-5.309153
-5.319674
-5.332825
-5.340386
-5.350250
-5.360113
-5.369976
-5.374907
-5.390360
-5.402524
-5.404169
-5.426525
-5.440005
-5.447896
-5.463676
-5.488335
-5.499842
-5.502800
-5.520883
-5.523842
-5.545870
-5.556062
-5.563295
-5.575131
-5.581048
-5.585651
-5.595843
-5.601104
-5.594857
-5.597816
-5.608666
-5.605049
-5.608994
-5.616228
-5.614583
-5.610967
-5.595515
-5.594200
-5.594200
-5.588282
-5.573158
-5.563952
-5.561651
-5.542253
-5.540281
-5.517924
-5.514965
-5.504773
-5.487020
-5.473868
-5.459403
-5.445594
-5.435402
-5.427840
-5.410744
-5.386744
-5.389045
-5.374250
-5.368332
-5.350907
-5.347620
-5.330523
-5.322304
-5.328550
-5.322633
-5.313098
-5.320003
-5.314742
-5.318358
-5.313427
-5.308167
-5.322633
-5.331838
-5.329537
-5.343345
-5.357811
-5.368003
-5.374250
-5.381483
-5.404497
-5.415018
-5.417319
-5.443293
-5.456115
-5.470910
-5.470910
-5.492938
-5.512664
-5.519897
-5.536335
-5.542253
-5.555733
-5.568555
-5.572501
-5.578090
-5.591569
-5.590912
-5.598803
-5.602748
-5.599789
-5.612611
-5.609323
-5.613268
-5.601104
-5.614255
-5.611296
-5.590912
-5.601104
-5.590912
-5.584008
-5.581048
-5.568884
-5.560336
-5.547843
-5.539952
-5.516938
-5.513979
-5.503458
-5.489978
-5.475513
-5.469594
-5.456115
-5.435731
-5.414032
-5.401867
-5.405484
-5.386744
-5.383456
-5.356825
-5.358140
-5.348935
-5.330523
-5.324276
-5.323948
-5.317043
-5.307180
-5.316057
-5.313427
-5.318358
-5.306523
-5.319016
-5.323948
-5.324605
-5.332167
-5.331838
-5.355839
-5.365045
-5.375565
-5.374579
-5.392990
-5.409100
-5.426525
-5.432114
-5.451183
-5.463348
-5.468937
-5.481102
-5.506088
-5.513321
-5.526472
-5.546199
-5.543240
-5.560007
-5.573158
-5.577761
-5.586638
-5.592885
-5.596172
-5.605049
-5.609652
-5.603734
-5.608008
-5.613597
-5.609652
-5.601433
-5.598474
-5.605049
-5.595186
-5.593214
-5.588282
-5.569870
-5.563624
-5.556391
-5.554747
-5.538308
-5.532062
-5.523185
-5.496554
-5.497869
-5.475183
-5.472882
-5.460389
-5.446580
-5.432772
-5.419621
-5.407456
-5.392990
-5.385099
-5.368989
-5.360113
-5.343345
-5.331510
-5.329865
-5.333482
-5.321318
-5.309811
-5.319345
-5.316715
-5.304879
-5.318358
-5.311783
-5.323948
-5.323619
-5.334468
-5.342359
-5.345647
-5.358798
-5.374250
-5.380826
-5.398251
-5.399566
-5.421922
-5.424881
-5.438032
-5.460060
-5.482088
-5.493595
-5.498855
-5.506746
-5.523185
-5.543897
-5.551788
-5.555076
-5.574144
-5.580391
-5.589268
-5.580391
-5.594200
-5.606036
-5.607022
-5.597158
-5.598145
-5.615570
-5.610310
-5.609323
-5.598803
-5.608337
-5.600775
-5.591241
-5.577761
-5.583021
-5.569213
-5.560336
-5.552445
-5.542911
-5.537651
-5.511677
-5.512664
-5.499842
-5.481431
-5.470581
-5.447896
-5.436388
-5.427183
-5.419621
-5.407127
-5.392662
-5.374579
-5.374579
-5.364058
-5.350250
-5.343345
-5.326907
-5.333811
-5.312769
-5.315400
-5.304550
-5.313756
-5.317372
-5.320003
-5.313756
-5.311126
-5.329208
-5.330852
-5.334468
-5.343674
-5.352880
-5.371949
-5.381483
-5.382798
-5.408114
-5.415018
-5.434087
-5.439019
-5.455457
-5.475183
-5.492280
-5.498855
-5.515623
-5.514307
-5.542911
-5.541596
-5.564939
-5.569213
-5.578419
-5.586967
-5.588611
-5.599789
-5.591569
-5.602748
-5.609323
-5.613268
-5.601761
-5.616885
-5.606364
-5.606036
-5.605049
-5.604721
-5.596172
-5.580391
-5.585651
-5.575459
-5.559679
-5.559350
-5.541267
-5.539623
-5.513321
-5.515623
-5.502472
-5.482417
-5.477485
-5.460060
-5.445923
-5.422251
-5.416004
-5.404497
-5.397264
-5.375894
-5.372277
-5.367017
-5.349921
-5.346304
-5.333811
-5.329865
-5.329865
-5.311454
-5.307509
-5.317043
-5.315071
-5.315400
-5.320331
-5.322633
-5.318358
-5.335455
-5.343345
-5.347948
-5.359784
-5.356825
-5.382470
-5.382141
-5.405812
-5.416333
-5.433758
-5.443621
-5.453813
-5.475183
-5.489978
-5.495896
-5.500828
-5.518253
-5.540609
-5.547514
-5.552774
-5.566583
-5.563952
-5.584994
-5.581048
-5.597487
-5.591569
-5.602419
-5.606693
-5.609981
-5.610967
-5.613268
-5.609323
-5.613268
-5.600775
-5.592227
-5.600118
-5.588282
-5.571843
-5.562309
-5.568555
-5.547185
-5.551459
-5.526801
-5.528116
-5.507075
-5.489650
-5.488992
-5.476828
-5.467622
-5.449868
-5.430470
-5.423566
-5.415018
-5.396278
-5.392004
-5.378853
-5.365045
-5.359784
-5.350578
-5.336441
-5.320989
-5.328879
-5.318030
-5.318358
-5.317372
-5.315728
-5.318687
-5.316715
-5.316715
-5.312769
-5.331181
-5.338085
-5.347948
-5.354195
-5.366688
-5.366360
-5.392004
-5.405155
-5.410087
-5.416333
-5.438032
-5.456443
-5.474526
-5.487020
-5.493266
-5.497540
-5.516609
-5.538308
-5.546856
-5.551788
-5.561651
-5.570528
-5.586638
-5.580391
-5.596172
-5.598474
-5.604063
-5.603734
-5.606036
-5.615241
-5.604721
-5.616556
-5.609981
-5.607022
-5.597816
-5.598145
-5.592556
-5.579405
-5.571843
-5.570857
-5.554747
-5.552117
-5.532390
-5.531075
-5.516280
-5.501157
-5.486691
-5.482745
-5.464992
-5.440005
-5.434416
-5.429155
-5.416991
-5.400552
-5.393977
-5.379510
-5.367017
-5.357811
-5.352880
-5.329208
-5.327564
-5.330194
-5.318030
-5.318687
-5.315400
-5.318687
-5.318030
-5.318030
-5.321975
-5.319674
-5.332496
-5.339729
-5.346304
-5.341702
-5.363400
-5.372935
-5.381812
-5.401209
-5.410415
-5.427183
-5.437046
-5.447896
-5.471896
-5.483732
-5.492609
-5.503787
-5.521212
-5.534034
-5.533377
-5.551788
-5.557048
-5.562637
-5.580720
-5.588939
-5.588939
-5.602419
-5.605378
-5.603076
-5.607351
-5.616556
-5.601761
-5.613597
-5.600775
-5.611953
-5.603076
-5.589926
-5.597487
-5.588611
-5.580391
-5.566583
-5.557377
-5.552445
-5.541267
-5.529431
-5.512006
-5.499842
-5.490636
-5.481759
-5.471567
-5.452169
-5.434744
-5.430470
-5.418963
-5.395620
-5.391675
-5.383456
-5.367675
-5.361428
-5.348606
-5.333153
-5.332496
-5.318030
-5.326907
-5.318687
-5.318030
-5.312441
-5.316057
-5.318687
-5.321318
-5.326249
-5.318030
-5.330523
-5.341044
-5.356167
-5.358140
-5.372606
-5.387401
-5.398251
-5.415676
-5.427840
-5.438032
-5.449211
-5.464334
-5.480773
-5.484060
-5.502800
-5.509048
-5.531075
-5.547185
-5.545870
-5.565925
-5.572172
-5.575788
-5.591241
-5.596172
-5.587296
-5.591569
-5.605378
-5.605378
-5.612940
-5.613926
-5.613268
-5.613926
-5.602748
-5.604392
-5.601761
-5.587953
-5.589926
-5.575131
-5.571186
-5.551130
-5.553432
-5.543897
-5.527459
-5.506746
-5.496225
-5.494581
-5.483403
-5.471896
-5.451183
-5.445923
-5.418306
-5.414361
-5.401867
-5.392333
-5.386415
-5.369647
-5.363729
-5.342030
-5.348935
-5.340058
-5.332167
-5.319674
-5.322304
-5.306523
-5.316715
-5.306194
-5.312112
-5.316386
-5.318358
-5.332825
-5.338085
-5.340386
-5.346633
-5.361757
-5.367017
-5.384442
-5.399237
-5.406799
-5.423895
-5.434416
-5.448882
-5.462690
-5.476828
-5.488663
-5.505102
-5.517924
-5.529760
-5.543569
-5.553761
-5.553761
-5.565925
-5.578419
-5.590254
-5.593871
-5.585980
-5.598474
-5.601761
-5.595843
-5.599131
-5.608994
-5.613926
-5.608337
-5.609323
-5.595186
-5.606036
-5.584665
-5.591569
-5.581706
-5.563295
-5.567240
-5.553761
-5.539952
-5.534034
-5.524499
-5.513650
-5.501814
-5.476170
-5.473211
-5.461046
-5.439019
-5.435731
-5.422580
-5.405155
-5.398579
-5.371620
-5.368332
-5.351565
-5.349921
-5.343017
-5.326578
-5.317701
-5.312769
-5.320660
-5.309482
-5.304879
-5.315071
-5.318030
-5.320003
-5.314413
-5.325592
-5.328550
-5.335455
-5.351565
-5.352551
-5.372606
-5.377867
-5.388059
-5.408772
-5.423237
-5.435731
-5.450526
-5.464663
-5.475183
-5.487348
-5.503458
-5.516938
-5.528445
-5.538308
-5.539952
-5.561651
-5.571186
-5.579405
-5.574473
-5.588611
-5.600446
-5.600118
-5.606364
-5.609981
-5.611953
-5.615899
-5.602419
-5.605378
-5.612611
-5.595186
-5.606364
-5.591241
-5.592556
-5.584336
-5.562309
-5.565925
-5.560665
-5.534363
-5.536335
-5.520555
-5.502143
-5.501157
-5.483732
-5.474197
-5.460718
-5.443950
-5.438032
-5.424224
-5.410744
-5.398251
-5.379839
-5.377538
-5.364716
-5.357811
-5.346962
-5.341372
-5.333811
-5.328879
-5.316715
-5.322633
-5.320331
-5.308824
-5.317043
-5.311126
-5.320989
-5.321975
-5.325263
-5.333482
-5.348606
-5.352551
-5.366031
-5.382141
-5.394963
-5.397922
-5.410744
-5.427511
-5.445923
-5.461375
-5.476170
-5.478143
-5.487677
-5.504445
-5.519897
-5.531404
-5.544884
-5.555076
-5.564939
-5.563952
-5.573487
-5.587953
-5.582035
-5.598803
-5.592227
-5.609652
-5.610638
-5.611953
-5.610310
-5.599789
-5.609981
-5.595843
-5.603734
-5.596830
-5.593871
-5.585980
-5.563952
-5.563624
-5.559350
-5.550473
-5.530746
-5.513979
-5.505760
-5.506088
-5.486033
-5.477156
-5.460389
-5.450526
-5.439676
-5.427511
-5.409758
-5.400223
-5.387072
-5.378195
-5.359455
-5.358140
-5.345647
-5.343017
-5.335455
-5.329865
-5.317372
-5.309153
-5.311783
-5.305536
-5.318358
-5.314413
-5.319016
-5.326249
-5.335783
-5.334797
-5.345318
-5.353209
-5.366360
-5.380826
-5.393319
-5.390031
-5.414689
-5.430470
-5.444936
-5.455786
-5.464334
-5.481759
-5.484389
-5.506746
-5.520555
-5.532390
-5.534363
-5.558692
-5.567898
-5.577104
-5.585651
-5.588939
-5.596830
-5.592556
-5.601761
-5.607351
-5.609652
-5.608008
-5.614255
-5.614583
-5.598474
-5.608008
-5.605049
-5.594200
-5.590254
-5.577432
-5.571186
-5.571843
-5.563952
-5.540609
-5.539623
-5.524499
-5.504116
-5.506088
-5.487677
-5.482417
-5.455128
-5.455128
-5.427840
-5.416662
-5.418306
-5.396278
-5.392004
-5.375894
-5.369647
-5.346633
-5.352551
-5.329537
-5.329537
-5.326907
-5.319016
-5.322961
-5.317043
-5.317372
-5.301262
-5.311126
-5.311126
-5.324934
-5.333153
-5.326907
-5.345975
-5.342359
-5.366360
-5.379510
-5.389702
-5.394634
-5.400223
-5.412716
-5.439347
-5.457758
-5.471238
-5.469265
-5.496554
-5.510034
-5.522856
-5.532390
-5.546527
-5.547843
-5.556719
-5.569213
-5.578090
-5.584008
-5.594200
-5.593214
-5.600775
-5.607679
-5.610310
-5.609652
-5.610967
-5.609323
-5.607022
-5.610967
-5.595515
-5.600118
-5.585651
-5.581706
-5.581706
-5.569870
-5.550473
-5.546856
-5.539623
-5.532719
-5.522527
-5.504445
-5.498527
-5.476170
-5.470581
-5.455457
-5.440005
-5.418634
-5.416004
-5.408114
-5.386415
-5.385099
-5.369318
-5.363072
-5.356496
-5.347291
-5.333153
-5.333153
-5.327893
-5.323619
-5.320660
-5.317372
-5.318358
-5.307180
-5.318358
-5.317372
-5.324934
-5.337756
-5.338743
-5.349263
-5.362743
-5.376223
-5.389045
-5.385428
-5.408442
-5.425868
-5.440991
-5.447567
-5.460718
-5.479786
-5.494910
-5.508061
-5.522198
-5.530417
-5.543569
-5.540609
-5.551459
-5.566583
-5.577104
-5.579405
-5.591569
-5.593214
-5.598474
-5.608994
-5.605049
-5.600118
-5.611625
-5.614583
-5.609981
-5.609652
-5.609323
-5.594857
-5.584336
-5.581706
-5.584008
-5.571514
-5.553432
-5.549815
-5.539294
-5.531404
-5.522856
-5.512992
-5.486691
-5.485704
-5.457430
-5.459403
-5.440333
-5.428826
-5.406799
-5.407127
-5.396607
-5.371949
-5.366688
-5.365045
-5.356496
-5.341372
-5.326578
-5.323290
-5.315071
-5.316057
-5.321318
-5.313098
-5.317043
-5.303235
-5.314413
-5.312112
-5.321318
-5.327564
-5.343017
-5.338414
-5.360113
-5.374579
-5.380497
-5.397922
-5.408442
-5.410087
-5.431786
-5.441648
-5.457430
-5.477814
-5.492280
-5.503787
-5.515294
-5.523842
-5.542582
-5.545870
-5.557048
-5.568884
-5.575788
-5.579734
-5.592227
-5.589597
-5.597158
-5.609323
-5.598474
-5.610967
-5.605378
-5.607351
-5.614583
-5.598474
-5.603405
-5.604392
-5.597158
-5.590583
-5.569541
-5.569213
-5.564939
-5.556391
-5.543897
-5.531733
-5.515952
-5.509705
-5.493266
-5.488663
-5.466964
-5.456443
-5.444608
-5.433101
-5.416004
-5.396607
-5.394634
-5.387730
-5.372606
-5.368332
-5.355839
-5.347291
-5.335455
-5.333811
-5.323948
-5.321975
-5.315728
-5.309482
-5.310468
-5.318358
-5.318358
-5.320003
-5.329865
-5.319674
-5.343017
-5.344989
-5.363072
-5.372606
-5.369976
-5.395620
-5.402196
-5.414689
-5.431457
-5.449211
-5.458745
-5.473211
-5.489650
-5.500828
-5.511020
-5.520883
-5.537322
-5.536007
-5.559350
-5.570528
-5.580720
-5.588282
-5.588939
-5.598474
-5.603405
-5.606693
-5.595843
-5.612282
-5.600446
-5.604721
-5.604721
-5.613926
-5.609652
-5.596172
-5.585323
-5.584336
-5.582364
-5.579076
-5.569541
-5.546199
-5.548829
-5.538966
-5.525157
-5.501814
-5.504116
-5.477485
-5.476170
-5.463676
-5.437704
-5.423566
-5.420936
-5.412716
-5.398908
-5.373921
-5.374907
-5.363729
-5.345975
-5.338414
-5.340386
-5.319016
-5.322961
-5.311454
-5.321318
-5.316386
-5.317043
-5.310797
-5.313756
-5.322304
-5.312441
-5.332496
-5.326249
-5.346633
-5.361099
-5.370634
-5.379182
-5.390360
-5.399237
-5.412716
-5.420607
-5.445923
-5.459731
-5.464334
-5.482417
-5.501485
-5.512335
-5.518582
-5.532062
-5.548172
-5.556719
-5.561651
-5.572501
-5.581706
-5.582693
-5.583350
-5.587953
-5.594857
-5.608337
-5.600775
-5.610310
-5.607351
-5.610638
-5.614913
-5.610967
-5.592556
-5.594857
-5.580720
-5.572172
-5.572172
-5.561980
-5.558692
-5.544226
-5.527787
-5.519239
-5.519239
-5.490965
-5.489978
-5.471896
-5.465649
-5.445923
-5.433758
-5.414032
-5.406799
-5.399566
-5.390360
-5.376880
-5.371949
-5.348606
-5.336112
-5.329865
-5.333811
-5.328550
-5.327235
-5.316386
-5.319016
-5.317043
-5.315071
-5.316715
-5.310468
-5.326578
-5.324605
-5.338414
-5.341044
-5.359455
-5.369318
-5.376880
-5.388059
-5.396935
-5.411401
-5.427511
-5.444936
-5.458745
-5.456772
-5.484060
-5.500170
-5.503787
-5.509705
-5.529102
-5.547185
-5.559021
-5.568884
-5.571186
-5.578090
-5.591241
-5.592885
-5.595515
-5.603405
-5.611296
-5.604063
-5.613926
-5.611953
-5.614913
-5.614913
-5.610310
-5.591898
-5.596172
-5.581378
-5.580391
-5.578747
-5.570857
-5.562309
-5.549815
-5.533705
-5.517267
-5.522527
-5.498527
-5.494910
-5.482745
-5.462033
-5.455786
-5.442635
-5.430799
-5.416333
-5.401538
-5.384771
-5.382798
-5.365702
-5.362743
-5.347620
-5.334797
-5.335783
-5.331510
-5.327893
-5.323290
-5.312441
-5.317372
-5.313756
-5.320989
-5.318030
-5.321975
-5.332496
-5.336441
-5.332167
-5.350250
-5.364387
-5.377209
-5.381483
-5.392333
-5.407127
-5.414689
-5.440005
-5.441978
-5.467293
-5.473211
-5.492280
-5.506417
-5.514307
-5.531075
-5.536993
-5.542582
-5.556391
-5.574802
-5.581706
-5.580720
-5.590912
-5.598474
-5.602419
-5.595843
-5.611296
-5.605707
-5.600446
-5.607679
-5.612611
-5.613268
-5.595186
-5.589597
-5.584665
-5.585323
-5.580391
-5.575131
-5.559021
-5.555733
-5.545212
-5.530089
-5.516280
-5.507075
-5.483403
-5.469265
-5.469923
-5.455457
-5.444279
-5.429484
-5.414361
-5.403840
-5.385757
-5.385428
-5.375894
-5.354853
-5.354853
-5.344332
-5.336112
-5.330852
-5.327564
-5.321646
-5.319674
-5.307509
-5.317372
-5.314085
-5.321975
-5.309811
-5.330852
-5.331838
-5.340715
-5.345975
-5.361428
-5.372606
-5.386744
-5.399894
-5.415347
-5.426854
-5.435731
-5.453813
-5.460060
-5.476170
-5.496225
-5.505431
-5.514307
-5.533705
-5.537322
-5.538637
-5.562966
-5.575459
-5.579076
-5.587296
-5.594200
-5.597816
-5.601433
-5.607679
-5.600118
-5.603076
-5.601104
-5.602748
-5.608008
-5.613268
-5.594857
-5.594857
-5.583679
-5.584994
-5.574802
-5.567569
-5.563952
-5.548172
-5.531733
-5.533048
-5.522856
-5.498198
-5.498855
-5.486362
-5.475183
-5.457758
-5.449211
-5.432772
-5.408114
-5.401867
-5.383456
-5.383127
-5.368989
-5.351893
-5.353866
-5.343345
-5.338414
-5.332496
-5.322961
-5.324934
-5.319345
-5.313756
-5.317372
-5.316715
-5.321318
-5.322633
-5.324934
-5.328222
-5.331181
-5.354853
-5.349263
-5.374250
-5.385757
-5.395292
-5.400223
-5.422909
-5.437704
-5.441978
-5.464334
-5.471238
-5.479786
-5.502800
-5.517267
-5.514307
-5.539294
-5.551459
-5.563295
-5.573158
-5.577432
-5.582364
-5.582035
-5.593214
-5.597816
-5.608994
-5.605378
-5.611625
-5.612611
-5.604392
-5.614913
-5.600446
-5.605049
-5.597487
-5.599460
-5.578747
-5.577432
-5.574144
-5.552774
-5.543569
-5.539952
-5.532062
-5.520226
-5.508718
-5.495239
-5.489978
-5.471896
-5.459731
-5.443621
-5.436059
-5.416333
-5.411401
-5.393648
-5.389045
-5.371291
-5.361428
-5.352551
-5.336441
-5.339400
-5.322304
-5.320660
-5.325921
-5.315400
-5.315071
-5.312112
-5.316715
-5.316386
-5.322304
-5.326578
-5.334140
-5.342359
-5.338085
-5.361099
-5.367675
-5.382470
-5.393319
-5.394634
-5.409429
-5.429155
-5.447896
-5.462033
-5.472882
-5.487677
-5.488663
-5.502472
-5.523513
-5.533048
-5.547185
-5.559021
-5.572501
-5.575459
-5.586967
-5.593871
-5.599131
-5.604721
-5.605049
-5.610310
-5.598474
-5.599460
-5.606693
-5.615570
-5.598474
-5.606364
-5.590254
-5.598474
-5.584336
-5.578090
-5.579076
-5.562966
-5.558034
-5.550802
-5.536335
-5.528116
-5.517267
-5.502143
-5.478143
-5.471896
-5.459403
-5.448224
-5.433101
-5.421265
-5.406470
-5.402196
-5.384771
-5.381155
-5.368003
-5.359127
-5.346633
-5.339400
-5.335126
-5.329865
-5.312112
-5.311783
-5.303235
-5.315728
-5.305865
-5.311783
-5.312769
-5.324605
-5.332825
-5.338085
-5.347620
-5.350907
-5.367017
-5.380497
-5.392662
-5.403511
-5.417977
-5.430141
-5.437375
-5.455128
-5.473868
-5.487677
-5.493266
-5.500828
-5.523513
-5.530089
-5.536007
-5.557706
-5.571186
-5.576446
-5.579405
-5.583350
-5.590583
-5.590583
-5.598145
-5.604063
-5.603076
-5.608008
-5.603076
-5.607351
-5.613926
-5.603405
-5.603734
-5.601104
-5.582035
-5.574802
-5.571186
-5.568884
-5.561651
-5.552117
-5.542911
-5.528774
-5.511677
-5.499842
-5.491951
-5.477156
-5.452827
-5.451183
-5.438032
-5.420279
-5.413703
-5.390031
-5.388716
-5.379182
-5.371949
-5.361757
-5.348935
-5.344989
-5.324605
-5.328550
-5.321318
-5.322304
-5.320331
-5.314742
-5.315071
-5.320003
-5.322304
-5.325921
-5.333811
-5.332825
-5.349263
-5.353866
-5.360113
-5.366360
-5.389045
-5.403840
-5.401538
-5.429813
-5.441648
-5.449868
-5.458745
-5.486033
-5.483732
-5.509376
-5.511020
-5.534363
-5.544226
-5.551788
-5.555404
-5.568884
-5.584008
-5.583679
-5.584008
-5.599460
-5.605049
-5.602419
-5.603734
-5.609323
-5.614255
-5.614583
-5.610967
-5.607351
-5.604392
-5.602090
-5.597158
-5.590583
-5.582035
-5.560336
-5.561980
-5.553761
-5.536993
-5.518910
-5.521212
-5.507732
-5.495568
-5.482417
-5.462033
-5.454471
-5.442635
-5.422909
-5.417648
-5.405484
-5.392333
-5.384771
-5.367346
-5.357154
-5.350250
-5.342688
-5.338743
-5.332496
-5.318687
-5.323290
-5.320331
-5.314085
-5.316057
-5.314413
-5.312441
-5.311126
-5.326578
-5.334140
-5.347291
-5.352222
-5.363729
-5.370634
-5.374579
-5.402524
-5.405155
-5.423237
-5.425539
-5.447896
-5.463676
-5.478143
-5.494581
-5.508390
-5.518582
-5.530089
-5.537322
-5.555076
-5.563624
-5.571514
-5.578090
-5.585980
-5.581706
-5.602419
-5.603734
-5.602090
-5.598474
-5.610967
-5.608666
-5.601433
-5.608008
-5.612282
-5.607679
-5.603076
-5.597816
-5.587624
-5.582364
-5.558034
-5.552445
-5.551130
-5.545541
-5.527787
-5.518582
-5.497869
-5.484718
-5.472553
-5.473868
-5.444279
-5.442635
-5.424552
-5.416662
-5.409429
-5.388716
-5.382470
-5.370634
-5.360770
-5.339071
-5.337756
-5.340058
-5.330194
-5.319674
-5.322633
-5.320989
-5.305536
-5.319674
-5.318358
-5.318030
-5.324276
-5.330523
-5.329208
-5.340058
-5.353538
-5.349592
-5.372277
-5.386415
-5.400552
-5.403840
-5.411401
-5.429484
-5.453156
-5.454800
-5.478471
-5.489650
-5.504116
-5.512335
-5.531404
-5.541267
-5.545870
-5.565268
-5.572172
-5.580720
-5.572829
-5.594529
-5.593542
-5.604721
-5.602419
-5.608008
-5.602419
-5.615899
-5.609981
-5.608008
-5.608337
-5.608666
-5.603734
-5.595843
-5.584008
-5.575131
-5.575131
-5.557377
-5.542253
-5.548829
-5.527787
-5.522527
-5.512006
-5.498855
-5.488992
-5.464663
-5.456115
-5.447896
-5.421265
-5.415018
-5.400881
-5.398908
-5.375565
-5.361428
-5.353866
-5.355510
-5.344332
-5.334468
-5.326249
-5.323290
-5.320003
-5.318358
-5.319345
-5.309482
-5.312112
-5.312441
-5.307180
-5.329208
-5.331510
-5.328550
-5.345318
-5.346962
-5.370634
-5.385428
-5.391346
-5.400223
-5.421922
-5.430470
-5.445594
-5.451183
-5.477814
-5.477814
-5.491951
-5.510034
-5.527130
-5.534692
-5.553432
-5.556719
-5.568555
-5.574473
-5.587624
-5.587296
-5.595843
-5.603405
-5.593542
-5.597487
-5.610310
-5.602090
-5.614255
-5.612282
-5.605707
-5.593871
-5.591569
-5.597816
-5.593871
-5.585323
-5.573158
-5.560665
-5.545870
-5.551130
-5.531733
-5.521541
-5.512992
-5.502143
-5.489978
-5.463348
-5.460718
-5.447238
-5.429155
-5.424224
-5.409100
-5.397593
-5.389702
-5.366031
-5.360113
-5.352222
-5.336441
-5.343017
-5.333482
-5.327564
-5.322633
-5.322304
-5.305865
-5.317701
-5.305208
-5.310797
-5.313427
-5.313427
-5.336112
-5.338414
-5.343345
-5.359127
-5.368003
-5.367346
-5.392004
-5.405155
-5.415676
-5.429813
-5.446909
-5.455786
-5.461046
-5.488663
-5.497211
-5.513979
-5.512335
-5.539294
-5.541596
-5.560994
-5.568884
-5.571186
-5.573487
-5.594529
-5.585323
-5.603734
-5.594529
-5.606036
-5.598474
-5.615570
-5.608994
-5.606693
-5.611625
-5.610967
-5.606364
-5.599131
-5.587953
-5.570857
-5.574473
-5.554418
-5.558363
-5.545870
-5.539623
-5.527130
-5.516280
-5.505760
-5.490965
-5.468279
-5.464992
-5.442635
-5.437704
-5.422909
-5.401209
-5.403511
-5.378195
-5.376880
-5.366688
-5.352551
-5.344660
-5.342359
-5.332496
-5.326907
-5.325263
-5.321646
-5.305536
-5.318687
-5.317701
-5.316715
-5.321318
-5.323948
-5.331181
-5.327893
-5.345647
-5.346633
-5.369318
-5.371949
-5.394634
-5.392662
-5.417319
-5.430470
-5.444279
-5.444608
-5.458087
-5.473540
-5.498855
-5.511020
-5.524499
-5.522856
-5.541596
-5.556391
-5.565268
-5.563624
-5.580062
-5.593214
-5.593214
-5.599131
-5.606036
-5.601761
-5.604063
-5.614583
-5.613926
-5.615570
-5.608008
-5.610967
-5.598145
-5.600775
-5.593542
-5.584665
-5.579734
-5.562966
-5.562309
-5.544884
-5.543240
-5.520555
-5.514307
-5.506746
-5.495239
-5.473211
-5.461375
-5.454142
-5.433101
-5.422251
-5.403511
-5.401867
-5.392990
-5.366688
-5.361428
-5.346962
-5.344660
-5.342030
-5.322633
-5.316715
-5.325921
-5.318358
-5.314413
-5.311454
-5.318030
-5.314742
-5.306851
-5.322961
-5.325592
-5.333482
-5.347291
-5.343017
-5.365373
-5.376223
-5.386415
-5.404826
-5.414361
-5.430141
-5.437704
-5.447896
-5.468608
-5.483732
-5.493924
-5.509705
-5.518910
-5.526801
-5.542253
-5.556719
-5.566254
-5.560994
-5.577432
-5.590912
-5.596172
-5.593542
-5.604392
-5.601761
-5.600775
-5.607679
-5.613926
-5.613926
-5.605707
-5.604392
-5.604063
-5.603405
-5.589597
-5.584008
-5.575788
-5.573816
-5.565925
-5.541924
-5.545541
-5.534034
-5.518910
-5.504445
-5.495896
-5.484718
-5.460060
-5.453813
-5.444279
-5.425210
-5.416991
-5.400881
-5.391346
-5.380497
-5.368332
-5.358140
-5.346633
-5.341044
-5.328550
-5.330523
-5.325263
-5.317372
-5.321646
-5.319674
-5.308824
-5.318687
-5.318358
-5.325592
-5.323290
-5.338085
-5.337756
-5.353538
-5.360770
-5.369647
-5.388387
-5.398908
-5.410744
-5.421922
-5.438032
-5.450854
-5.462690
-5.475513
-5.480444
-5.503458
-5.520555
-5.526472
-5.545870
-5.548172
-5.556719
-5.573487
-5.568884
-5.590912
-5.584665
-5.600446
-5.589926
-5.606693
-5.608337
-5.601761
-5.612940
-5.611953
-5.599460
-5.610967
-5.606036
-5.591898
-5.594200
-5.587296
-5.574802
-5.574802
-5.560994
-5.552117
-5.543569
-5.527130
-5.515294
-5.505431
-5.484718
-5.487677
-5.469265
-5.456115
-5.432772
-5.430470
-5.415676
-5.399237
-5.393977
-5.380168
-5.360442
-5.361099
-5.341372
-5.347291
-5.336770
-5.329865
-5.327235
-5.317701
-5.318358
-5.312441
-5.318030
-5.303564
-5.308167
-5.325263
-5.323948
-5.322633
-5.334797
-5.352880
-5.359784
-5.360113
-5.377538
-5.398251
-5.395949
-5.423895
-5.436059
-5.444279
-5.460060
-5.478471
-5.477814
-5.503787
-5.515623
-5.531404
-5.543897
-5.539623
-5.559679
-5.569870
-5.580391
-5.589597
-5.595186
-5.584336
-5.601104
-5.594200
-5.611625
-5.609323
-5.612611
-5.609981
-5.600775
-5.608666
-5.596172
-5.595515
-5.598803
-5.586309
-5.583350
-5.562966
-5.560665
-5.557048
-5.547185
-5.533048
-5.518253
-5.507403
-5.502472
-5.474526
-5.469265
-5.462361
-5.433101
-5.428169
-5.415347
-5.411401
-5.390360
-5.385099
-5.369318
-5.352222
-5.343345
-5.348935
-5.338085
-5.327564
-5.328550
-5.322304
-5.315071
-5.310468
-5.314742
-5.304221
-5.307180
-5.324605
-5.324934
-5.330852
-5.329208
-5.346304
-5.359784
-5.358798
-5.376552
-5.381155
-5.409100
-5.419621
-5.426196
-5.440005
-5.463019
-5.474855
-5.483074
-5.488006
-5.504773
-5.528445
-5.541924
-5.550473
-5.558692
-5.566583
-5.578419
-5.585323
-5.590254
-5.598474
-5.604063
-5.597487
-5.608337
-5.601104
-5.603734
-5.613597
-5.604063
-5.603734
-5.610638
-5.591569
-5.596501
-5.579734
-5.576117
-5.578090
-5.554747
-5.551788
-5.550144
-5.531404
-5.512664
-5.514965
-5.497540
-5.488663
-5.478143
-5.454471
-5.451841
-5.435731
-5.426854
-5.404497
-5.401538
-5.373921
-5.370305
-5.353866
-5.350250
-5.345647
-5.327893
-5.327564
-5.315400
-5.316057
-5.322961
-5.319345
-5.310139
-5.313756
-5.306194
-5.323619
-5.329208
-5.332496
-5.327893
-5.346962
-5.358798
-5.356167
-5.369647
-5.384442
-5.400552
-5.416004
-5.419621
-5.447567
-5.458416
-5.471238
-5.482745
-5.500170
-5.515294
-5.526472
-5.535678
-5.549487
-5.551788
-5.560665
-5.570857
-5.586309
-5.592885
-5.584665
-5.597487
-5.596830
-5.611296
-5.606693
-5.606364
-5.612282
-5.608337
-5.605707
-5.611296
-5.603076
-5.592885
-5.585323
-5.584008
-5.579405
-5.564281
-5.552117
-5.549158
-5.525157
-5.527130
-5.518253
-5.499842
-5.494581
-5.465321
-5.465321
-5.439347
-5.437704
-5.420607
-5.412059
-5.399894
-5.381812
-5.381155
-5.370634
-5.357154
-5.350907
-5.342030
-5.328222
-5.323290
-5.324605
-5.308496
-5.311454
-5.304550
-5.318358
-5.318358
-5.320003
-5.327893
-5.333153
-5.330194
-5.344989
-5.356496
-5.364387
-5.376552
-5.378195
-5.401867
-5.418306
-5.432114
-5.445923
-5.456443
-5.465978
-5.484389
-5.495568
-5.504445
-5.511677
-5.536335
-5.539623
-5.558363
-5.568555
-5.577432
-5.583679
-5.584336
-5.595515
-5.594200
-5.599460
-5.609981
-5.602748
-5.599789
-5.613926
-5.614583
-5.598803
-5.607679
-5.608008
-5.589268
-5.593542
-5.573487
-5.578419
-5.575131
-5.562637
-5.545870
-5.529760
-5.530417
-5.520883
-5.496225
-5.493924
-5.472225
-5.469265
-5.442964
-5.439019
-5.424224
-5.412716
-5.401209
-5.379510
-5.374907
-5.365702
-5.361757
-5.346633
-5.329537
-5.336112
-5.330852
-5.313098
-5.319345
-5.313756
-5.307509
-5.317372
-5.315728
-5.323290
-5.314413
-5.325921
-5.338414
-5.340386
-5.352222
-5.360770
-5.376552
-5.390031
-5.399894
-5.413045
-5.422580
-5.439019
-5.457430
-5.468279
-5.473540
-5.491293
-5.511020
-5.519897
-5.527459
-5.542911
-5.544555
-5.553103
-5.562309
-5.579076
-5.586638
-5.586309
-5.586638
-5.596830
-5.610310
-5.608337
-5.613268
-5.608666
-5.612282
-5.614583
-5.600118
-5.600446
-5.599460
-5.595186
-5.584994
-5.568884
-5.566254
-5.560336
-5.555733
-5.537322
-5.517595
-5.519239
-5.501485
-5.497540
-5.469594
-5.471567
-5.452169
-5.446909
-5.433429
-5.411401
-5.396935
-5.395620
-5.379182
-5.370634
-5.357482
-5.348277
-5.337428
-5.337428
-5.318687
-5.327893
-5.325263
-5.313098
-5.315728
-5.310468
-5.320660
-5.319345
-5.325263
-5.317043
-5.334140
-5.344003
-5.342359
-5.359127
-5.373921
-5.384771
-5.397593
-5.409429
-5.420279
-5.426525
-5.449539
-5.461704
-5.476170
-5.478471
-5.502472
-5.520883
-5.529760
-5.543897
-5.547185
-5.549815
-5.562637
-5.580391
-5.585323
-5.589268
-5.587953
-5.598145
-5.607022
-5.608666
-5.614913
-5.603076
-5.604063
-5.613268
-5.611296
-5.595515
-5.603734
-5.595515
-5.590912
-5.573158
-5.561651
-5.558363
-5.556719
-5.544555
-5.528774
-5.509048
-5.514307
-5.488992
-5.487020
-5.465978
-5.457101
-5.439347
-5.422251
-5.420607
-5.409429
-5.395292
-5.381812
-5.373264
-5.361428
-5.348935
-5.333153
-5.341372
-5.336112
-5.319674
-5.327235
-5.309153
-5.308496
-5.321318
-5.309482
-5.324934
-5.323948
-5.333153
-5.343017
-5.351565
-5.361099
-5.358140
-5.381483
-5.385428
-5.401867
-5.414689
-5.414361
-5.431457
-5.452827
-5.463676
-5.470581
-5.485375
-5.492609
-5.499513
-5.515952
-5.518253
-5.531733
-5.537980
-5.544555
-5.545870
-5.548829
-5.538637
-5.547514
-5.557377
-5.545870
-5.556719
-5.548829
-5.545541
-5.541267
-5.537980
-5.530417
-5.539952
-5.530089
-5.524828
-5.523513
-5.518582
-5.515952
-5.508390
-5.499513
-5.498527
-5.495239
-5.486033
-5.490307
-5.483732
-5.465649
-5.475183
-5.475183
-5.473211
-5.457101
-5.464663
-5.461375
-5.455457
-5.461375
-5.461704
-5.457430
-5.448882
-5.443950
-5.442635
-5.453485
-5.458416
-5.444608
-5.456115
-5.443950
-5.460718
-5.449539
-5.460718
-5.466636
-5.452169
-5.463019
-5.468279
-5.462690
-5.467622
-5.464005
-5.465649
-5.471238
-5.471238
-5.465978
-5.472553
-5.458745
-5.472553
-5.472225
-5.469594
-5.462033
-5.473868
-5.458416
-5.472225
-5.467950
-5.456772
-5.468937
-5.471896
-5.467293
-5.460389
-5.468608
-5.459403
-5.466636
-5.466307
-5.465321
-5.463348
-5.468608
-5.461046
-5.471238
-5.466964
-5.465649
-5.461375
-5.457101
-5.470581
-5.463676
-5.472882
-5.464992
-5.465321
-5.457430
-5.465649
-5.473540
-5.459731
-5.471896
-5.471896
-5.472553
-5.473540
-5.459731
-5.473540
-5.469265
-5.468937
-5.464005
-5.472225
-5.456443
-5.472225
-5.464992
-5.456115
-5.469265
-5.467293
-5.471567
-5.456443
-5.469594
-5.463348
-5.470910
-5.456443
-5.458087
-5.463019
-5.455457
-5.470252
-5.458087
-5.463019
-5.460389
-5.470252
-5.459731
-5.468279
-5.462361
-5.472225
-5.467622
-5.465321
-5.457430
-5.472225
-5.464663
-5.474197
-5.462033
-5.469594
-5.463019
-5.458087
-5.473211
-5.472225
-5.467622
-5.468937
-5.462690
-5.468279
-5.461704
-5.464992
-5.466636
-5.461704
-5.472225
-5.466636
-5.460389
-5.464005
-5.462690
-5.470581
-5.464663
-5.472225
-5.468608
-5.469265
-5.470910
-5.456772
-5.470252
-5.472225
-5.472553
-5.472225
-5.465321
-5.462361
-5.471238
-5.472553
-5.469923
-5.468608
-5.470581
-5.465321
-5.464005
-5.464334
-5.457430
-5.463348
-5.462361
-5.467950
-5.470910
-5.471567
-5.471567
-5.471567
-5.464663
-5.464005
-5.471238
-5.471896
-5.468608
-5.469594
-5.468279
-5.457430
-5.466307
-5.462361
-5.455786
-5.462690
-5.470252
-5.464663
-5.458416
-5.458745
-5.467293
-5.455786
-5.464005
-5.471567
-5.471567
-5.472225
-5.471238
-5.456772
-5.468937
-5.465978
-5.457430
-5.465321
-5.464005
-5.470581
-5.462361
-5.472882
-5.471896
-5.471896
-5.468279
-5.462033
-5.471896
-5.464663
-5.457430
-5.457430
-5.462033
-5.472225
-5.461704
-5.471896
-5.472882
-5.473211
-5.464334
-5.468608
-5.464663
-5.464005
-5.465649
-5.467950
-5.471896
-5.464663
-5.472225
-5.468937
-5.465978
-5.458416
-5.468279
-5.468937
-5.462690
-5.465649
-5.464005
-5.468608
-5.469594
-5.462690
-5.472553
-5.473211
-5.472225
-5.469265
-5.462033
-5.471238
-5.459074
-5.458416
-5.458745
-5.463348
-5.470910
-5.460389
-5.464663
-5.463019
-5.456443
-5.465321
-5.470252
-5.463348
-5.467622
-5.463019
-5.462361
-5.468279
-5.464663
-5.466964
-5.472882
-5.473540
-5.472553
-5.462033
-5.472225
-5.465978
-5.469594
-5.472553
-5.466307
-5.468937
-5.457430
-5.473211
-5.468608
-5.458087
-5.464334
-5.465649
-5.471238
-5.459074
-5.464005
-5.469265
-5.469923
-5.463676
-5.467950
-5.465321
-5.464334
-5.464663
-5.470910
-5.460389
-5.470581
-5.468937
-5.468279
-5.464334
-5.460060
-5.469265
-5.461046
-5.472225
-5.471567
-5.456115
-5.470910
-5.464663
-5.466307
-5.465321
-5.472225
-5.466636
-5.472225
-5.464992
-5.467950
-5.465321
-5.465649
-5.471238
-5.464334
-5.460718
-5.468937
-5.473211
-5.468937
-5.463348
-5.468608
-5.466307
-5.472225
-5.468608
-5.458087
-5.467293
-5.457430
-5.471567
-5.460389
-5.458745
-5.463348
-5.470252
-5.466964
-5.465321
-5.462361
-5.467622
-5.471238
-5.463676
-5.465321
-5.472553
-5.468937
-5.456443
-5.470581
-5.462361
-5.457430
-5.473540
-5.460718
-5.466964
-5.467622
-5.472882
-5.469265
-5.459403
-5.470581
-5.472553
-5.465321
-5.457758
-5.471238
-5.466636
-5.473868
-5.467622
-5.469265
-5.457101
-5.472225
-5.457430
-5.465321
-5.472225
-5.457430
-5.471896
-5.465978
-5.469265
-5.472225
-5.467622
-5.467950
-5.456772
-5.472225
-5.468937
-5.458416
-5.468279
-5.458416
-5.470910
-5.464992
-5.472225
-5.470252
-5.461704
-5.465321
-5.471238
-5.460389
-5.464992
-5.465978
-5.469265
-5.467293
-5.458416
-5.464992
-5.468608
-5.470910
-5.459074
-5.467950
-5.461704
-5.464663
-5.463019
-5.467622
-5.464005
-5.468279
-5.458087
-5.465649
-5.471567
-5.467293
-5.467293
-5.455786
-5.472553
-5.457758
-5.464992
-5.470910
-5.464005
-5.470910
-5.466964
-5.473540
-5.467622
-5.468937
-5.455786
-5.471896
-5.464663
-5.470581
-5.473211
-5.462690
-5.466964
-5.473211
-5.456772
-5.466307
-5.472882
-5.456115
-5.471238
-5.467950
-5.473211
-5.467950
-5.462361
-5.468608
-5.470252
-5.462690
-5.469923
-5.473211
-5.458087
-5.472225
-5.468937
-5.458416
-5.467622
-5.472553
-5.456115
-5.469923
-5.470581
-5.458087
-5.469594
-5.471896
-5.464334
-5.456772
-5.469923
-5.469265
-5.473540
-5.459731
-5.472225
-5.465321
-5.457758
-5.473540
-5.464005
-5.468279
-5.457101
-5.464663
-5.472225
-5.465978
-5.472882
-5.464663
-5.458745
-5.458087
-5.467950
-5.469923
-5.468608
-5.469594
-5.465649
-5.462690
-5.458416
-5.469923
-5.466964
-5.471567
-5.468937
-5.468937
-5.463019
-5.473211
-5.464992
-5.465978
-5.469594
-5.472553
-5.469265
-5.470252
-5.466307
-5.457101
-5.458416
-5.467950
-5.471567
-5.468279
-5.467950
-5.456115
-5.466636
-5.471238
-5.462033
-5.464005
-5.469594
-5.463348
-5.465978
-5.469923
-5.468937
-5.457101
-5.468937
-5.463019
-5.466636
-5.467293
-5.471238
-5.464334
-5.468608
-5.460718
-5.456443
-5.471896
-5.468608
-5.464005
-5.469923
-5.467622
-5.459731
-5.472553
-5.466636
-5.462033
-5.466636
-5.470910
-5.464334
-5.471567
-5.457101
-5.467950
-5.457101
-5.465649
-5.472225
-5.458745
-5.464992
-5.469923
-5.469265
-5.462033
-5.467293
-5.462690
-5.471896
-5.456115
-5.467293
-5.471238
-5.463676
-5.472553
-5.467622
-5.471238
-5.468279
-5.465321
-5.458745
-5.472882
-5.458745
-5.470910
-5.471896
-5.472553
-5.467293
-5.473211
-5.465321
-5.465978
-5.471238
-5.472553
-5.458087
-5.465978
-5.470910
-5.467950
-5.463676
-5.468279
-5.463348
-5.469923
-5.466636
-5.470252
-5.462033
-5.469265
-5.457101
-5.467293
-5.469265
-5.467293
-5.455786
-5.471238
-5.469594
-5.455786
-5.471567
-5.467950
-5.464005
-5.471896
-5.457430
-5.471238
-5.463019
-5.458416
-5.466307
-5.472553
-5.468608
-5.469265
-5.460060
-5.457430
-5.471896
-5.466964
-5.473540
-5.465649
-5.458416
-5.457758
-5.471896
-5.466964
-5.472882
-5.464992
-5.460718
-5.460060
-5.472882
-5.465978
-5.473211
-5.464334
-5.467293
-5.472553
-5.466964
-5.473868
-5.459403
-5.471896
-5.471896
-5.465321
-5.469265
-5.465321
-5.472882
-5.464663
-5.458745
-5.470252
-5.466636
-5.473868
-5.458416
-5.470581
-5.470910
-5.464334
-5.469594
-5.472882
-5.456443
-5.471238
-5.462033
-5.471896
-5.467622
-5.459074
-5.467293
-5.462361
-5.471238
-5.461046
-5.458087
-5.462690
-5.471238
-5.457430
-5.469923
-5.471567
-5.469923
-5.466964
-5.461046
-5.471238
-5.458416
-5.465978
-5.464663
-5.465321
-5.471238
-5.457101
-5.468608
-5.473540
-5.472882
-5.469265
-5.462690
-5.471896
-5.456443
-5.465649
-5.465978
-5.464663
-5.470910
-5.459731
-5.472225
-5.472882
-5.472882
-5.466636
-5.465978
-5.468937
-5.464992
-5.463676
-5.463019
-5.471238
-5.458087
-5.471238
-5.470910
-5.470910
-5.467622
-5.464334
-5.471896
-5.456115
-5.465321
-5.465649
-5.470581
-5.465978
-5.468608
-5.469265
-5.462690
-5.458416
-5.459403
-5.471238
-5.457758
-5.470581
-5.473540
-5.472553
-5.467293
-5.464334
-5.470581
-5.457758
-5.465649
-5.463348
-5.470252
-5.457430
-5.470910
-5.468937
-5.467293
-5.458416
-5.464663
-5.465978
-5.467622
-5.471896
-5.470910
-5.465978
-5.463348
-5.469594
-5.461375
-5.471567
-5.472553
-5.469923
-5.464334
-5.465649
-5.468608
-5.473211
-5.471567
-5.455786
-5.471238
-5.466636
-5.465649
-5.465321
-5.466307
-5.471896
-5.462033
-5.468937
-5.465978
-5.472882
-5.471896
-5.463019
-5.468937
-5.468937
-5.469594
-5.459403
-5.464992
-5.471896
-5.464663
-5.461704
-5.469594
-5.472882
-5.470252
-5.464005
-5.465978
-5.470252
-5.470252
-5.458087
-5.463676
-5.468937
-5.468937
-5.457758
-5.464663
-5.469594
-5.471238
-5.464992
-5.460718
-5.471896
-5.472882
-5.468279
-5.463019
-5.470581
-5.468937
-5.468608
-5.459074
-5.465321
-5.471896
-5.465321
-5.466307
-5.469923
-5.473540
-5.469923
-5.465649
-5.462690
-5.472553
-5.468279
-5.457758
-5.466636
-5.466636
-5.472553
-5.464334
-5.472882
-5.473540
-5.458745
-5.472225
-5.463019
-5.470910
-5.460389
-5.466307
-5.468608
-5.457430
-5.471896
-5.457758
-5.466307
-5.468937
-5.470581
-5.464992
-5.465649
-5.466636
-5.470252
-5.472553
-5.457101
-5.471567
-5.456443
-5.471896
-5.473540
-5.469594
-5.462690
-5.469594
-5.467622
-5.473211
-5.471896
-5.459731
-5.469594
-5.456772
-5.472882
-5.468608
-5.458416
-5.464005
-5.469594
-5.468608
-5.461046
-5.464334
-5.467622
-5.471567
-5.462361
-5.471238
-5.464663
-5.469265
-5.472553
-5.465978
-5.469594
-5.456772
-5.466636
-5.469923
-5.471896
-5.465978
-5.468608
-5.457430
-5.467622
-5.470910
-5.471896
-5.455457
-5.471238
-5.460389
-5.469923
-5.471567
-5.471238
-5.462690
-5.470910
-5.464663
-5.466307
-5.467622
-5.470910
-5.456443
-5.470581
-5.461046
-5.456772
-5.465321
-5.468279
-5.456772
-5.471567
-5.457758
-5.463019
-5.469594
-5.465321
-5.471567
-5.463019
-5.473211
-5.468937
-5.457430
-5.471896
-5.462361
-5.468608
-5.466307
-5.470252
-5.471896
-5.464334
-5.466636
-5.469923
-5.471896
-5.467622
-5.464334
-5.471238
-5.465649
-5.467950
-5.457430
-5.463019
-5.471567
-5.460718
-5.471238
-5.463676
-5.469594
-5.472553
-5.464992
-5.471896
-5.463019
-5.472225
-5.459403
-5.464005
-5.472225
-5.465321
-5.460718
-5.470910
-5.474197
-5.459403
-5.471567
-5.465978
-5.457758
-5.470910
-5.473540
-5.468937
-5.467622
-5.457101
-5.472553
-5.469594
-5.457430
-5.462361
-5.470910
-5.464663
-5.471896
-5.466307
-5.459403
-5.467293
-5.463019
-5.470910
-5.462033
-5.457758
-5.465649
-5.469923
-5.457101
-5.471896
-5.459731
-5.459074
-5.462033
-5.469923
-5.457430
-5.471567
-5.463348
-5.456772
-5.465321
-5.468608
-5.468279
-5.456443
-5.465321
-5.468608
-5.471896
-5.457758
-5.471896
-5.465649
-5.469923
-5.471896
-5.469594
-5.467950
-5.461375
-5.469594
-5.473211
-5.472553
-5.467293
-5.464663
-5.468608
-5.464663
-5.465649
-5.462690
-5.463348
-5.470910
-5.454800
-5.464663
-5.456772
-5.459074
-5.456115
-5.466307
-5.466964
-5.458416
-5.457101
-5.462033
-5.471567
-5.466307
-5.459074
-5.467293
-5.473540
-5.467622
-5.471567
-5.464992
-5.470910
-5.467293
-5.470252
-5.471896
-5.465321
-5.467293
-5.470252
-5.473540
-5.473540
-5.458087
-5.471896
-5.456772
-5.472553
-5.473868
-5.468937
-5.463019
-5.472225
-5.456443
-5.465649
-5.465978
-5.464992
-5.471238
-5.456443
-5.467950
-5.471567
-5.468937
-5.468279
-5.470581
-5.455457
-5.464334
-5.466307
-5.464005
-5.464334
-5.469923
-5.455128
-5.468279
-5.471896
-5.470910
-5.470910
-5.462033
-5.470581
-5.464334
-5.466307
-5.469594
