1.933223
1.933829
1.933678
1.929592
1.929895
1.931862
1.931105
1.935947
1.933526
1.932770
1.932921
1.935191
1.933375
1.934434
1.933072
1.931408
1.933375
1.935191
1.933223
1.935947
1.933072
1.932316
1.933072
1.933223
1.932921
1.933526
1.931408
1.932316
1.936401
1.932316
1.931559
1.929441
1.933375
1.936704
1.934434
1.932618
1.933526
1.932467
1.935645
1.932013
1.933526
1.931257
1.929592
1.914310
1.886620
1.845161
1.804308
1.738639
1.660261
1.584909
1.510010
1.429060
1.374891
1.318452
1.272757
1.236897
1.207089
1.183636
1.166840
1.154281
1.152163
1.157005
1.172741
1.191504
1.224640
1.269882
1.319360
1.380792
1.455539
1.535582
1.602007
1.694003
1.802643
1.907501
2.025977
2.135676
2.238113
2.343122
2.452670
2.556469
2.648163
2.746515
2.809914
2.883753
2.958651
3.023563
3.076371
3.117225
3.144309
3.164736
3.184406
3.186373
3.188340
3.174268
3.159591
3.128724
3.087265
3.038392
2.980592
2.901608
2.836847
2.749087
2.644834
2.542851
2.435118
2.319820
2.223587
2.101480
1.986787
1.869673
1.762395
1.642709
1.551621
1.435717
1.324051
1.213595
1.106770
1.014320
0.946836
0.872089
0.810658
0.759212
0.714274
0.678413
0.661013
0.646941
0.644520
0.652388
0.669789
0.694755
0.728648
0.774646
0.831387
0.899476
0.979065
1.060470
1.129164
1.228877
1.332373
1.437533
1.555857
1.672668
1.774348
1.892219
2.018411
2.137038
2.267013
2.380344
2.471130
2.574172
2.674793
2.776625
2.860451
2.943218
2.999051
3.059575
3.111475
3.153690
3.186525
3.212550
3.221326
3.225865
3.225411
3.214366
3.190005
3.156111
3.116771
3.061542
2.996328
2.919462
2.839873
2.752264
2.648011
2.566304
2.461144
2.351444
2.231909
2.107684
2.016747
1.900087
1.787966
1.673879
1.559489
1.445401
1.334491
1.242495
1.134157
1.039286
0.954402
0.875721
0.811414
0.767232
0.719267
0.682196
0.658440
0.646487
0.644369
0.649816
0.663434
0.689156
0.728648
0.774041
0.820795
0.882227
0.956066
1.039589
1.126441
1.227213
1.309828
1.413777
1.526806
1.642558
1.767993
1.886318
1.984972
2.107533
2.235541
2.354319
2.464170
2.570238
2.647860
2.749843
2.841235
2.917344
2.992393
3.055187
3.099521
3.142796
3.179262
3.203774
3.217543
3.232674
3.229648
3.220418
3.198175
3.163223
3.118586
3.065628
3.003893
2.947454
2.861510
2.773448
2.669800
2.569028
2.467045
2.377318
2.263230
2.138400
2.026128
1.904021
1.792354
1.700661
1.584606
1.472940
1.359609
1.249153
1.138848
1.060167
0.972105
0.889187
0.822157
0.765265
0.721234
0.687946
0.661769
0.647546
0.644520
0.646184
0.658592
0.682045
0.717451
0.763449
0.815197
0.877385
0.936396
1.016741
1.101626
1.199372
1.306802
1.407574
1.500629
1.615776
1.742725
1.860443
1.985123
2.104052
2.200739
2.321939
2.434059
2.543154
2.646347
2.751356
2.821867
2.901608
2.979835
3.045352
3.096495
3.145671
3.176690
3.206497
3.225109
3.231161
3.235398
3.218451
3.197268
3.171696
3.134777
3.076220
3.016149
2.940645
2.862116
2.792059
2.694918
2.593389
2.491406
2.377621
2.264895
2.166695
2.045042
1.926869
1.819439
1.707469
1.590658
1.503050
1.385785
1.277599
1.164722
1.066068
0.974980
0.908101
0.838347
0.779791
0.731372
0.692636
0.662526
0.650724
0.639527
0.642856
0.656473
0.678413
0.712155
0.747864
0.797796
0.859379
0.933067
1.014925
1.100113
1.173952
1.278658
1.379733
1.493518
1.607756
1.738185
1.836688
1.958644
2.076817
2.199075
2.322241
2.430428
2.521516
2.619868
2.722910
2.811124
2.892680
2.973631
3.029767
3.084239
3.133264
3.167006
3.199537
3.218451
3.226773
3.231615
3.225109
3.212399
3.175479
3.132809
3.091351
3.034458
2.961678
2.880424
2.796144
2.700516
2.618809
2.519852
2.409245
2.293492
2.168359
2.047765
1.955315
1.842286
1.733495
1.616835
1.504261
1.391989
1.301052
1.191806
1.087403
0.997979
0.912640
0.844248
0.796889
0.748470
0.703379
0.671604
0.651480
0.644671
0.642250
0.651329
0.671907
0.702471
0.744989
0.797948
0.843492
0.914607
0.994499
1.076206
1.167294
1.272152
1.352194
1.465979
1.582639
1.703687
1.826399
1.946993
2.046403
2.166392
2.291223
2.403646
2.516221
2.616993
2.698700
2.794328
2.874825
2.951994
3.025530
3.081515
3.119494
3.160953
3.191518
3.213609
3.226470
3.231766
3.230253
3.215274
3.184709
3.147184
3.093771
3.034307
2.966973
2.902667
2.820203
2.729719
2.623651
2.521819
2.412422
2.319972
2.201496
2.077573
1.963334
1.848188
1.738791
1.642406
1.532404
1.420284
1.308617
1.198010
1.092245
1.017952
0.930343
0.855899
0.795527
0.744989
0.699899
0.675387
0.652539
0.643915
0.643612
0.652237
0.666460
0.694301
0.735457
0.785994
0.842584
0.914607
0.975736
1.055930
1.144749
1.247791
1.350530
1.462045
1.551621
1.670550
1.796288
1.913402
2.039443
2.158221
2.261263
2.375502
2.491103
2.594750
2.692648
2.789789
2.852129
2.933231
3.005709
3.068957
3.118738
3.165341
3.195603
3.213155
3.228135
3.231464
3.230707
3.216030
3.186979
3.156414
3.105725
3.048227
2.977414
2.903121
2.818538
2.748935
2.646650
2.547088
2.438901
2.325267
2.204976
2.105112
1.988603
1.876634
1.767842
1.655268
1.544509
1.455993
1.342057
1.229180
1.120691
1.025820
0.937606
0.873754
0.807934
0.753311
0.708675
0.678565
0.655566
0.646184
0.641948
0.646487
0.663736
0.693544
0.724865
0.774797
0.832295
0.898266
0.977401
1.057141
1.125079
1.224792
1.324959
1.429816
1.543147
1.661320
1.767842
1.885712
2.010997
2.132045
2.257480
2.370812
2.460992
2.570843
2.670708
2.771783
2.852734
2.932172
2.992242
3.055944
3.107541
3.151723
3.183044
3.207405
3.223747
3.229648
3.231766
3.219510
3.196814
3.158986
3.111929
3.063963
2.999051
2.926271
2.841991
2.756047
2.652551
2.569784
2.467801
2.354621
2.234028
2.107533
1.996471
1.903870
1.795380
1.679628
1.563877
1.450848
1.335853
1.252633
1.141723
1.044280
0.959849
0.879352
0.813079
0.769653
0.721688
0.683255
0.657986
0.643309
0.641342
0.641948
0.657381
0.683104
0.724260
0.771317
0.825335
0.877990
0.950770
1.030964
1.115698
1.216016
1.317091
1.399554
1.517576
1.635446
1.761336
1.881627
2.011299
2.103598
2.227370
2.342063
2.455243
2.566758
2.665261
2.748330
2.835031
2.914015
2.987552
3.051253
3.103001
3.140829
3.177446
3.207557
3.222991
3.231615
3.232372
3.223142
3.204530
3.169275
3.123428
3.068351
3.005860
2.941553
2.862872
2.779197
2.679787
2.577047
2.471584
2.378377
2.262322
2.138097
2.023858
1.909771
1.800071
1.708529
1.588843
1.477933
1.362937
1.254600
1.145052
1.067279
0.978763
0.894634
0.826545
0.769199
0.719418
0.685676
0.660407
0.644066
0.639527
0.646790
0.656776
0.678565
0.713668
0.759666
0.812171
0.874964
0.949257
1.012807
1.097238
1.194076
1.295605
1.400916
1.517878
1.606395
1.733192
1.855602
1.976498
2.095428
2.217383
2.318610
2.428915
2.535437
2.637269
2.745304
2.828979
2.894042
2.967276
3.035820
3.092712
3.139316
3.178354
3.199689
3.221931
3.231464
3.232372
3.224352
3.204682
3.177749
3.135533
3.082574
3.019932
2.947303
2.861359
2.796750
2.701121
2.597323
2.495340
2.382916
2.268677
2.172747
2.049429
1.934585
1.825794
1.710193
1.596862
1.506984
1.395469
1.282895
1.171985
1.070456
0.980124
0.913699
0.842130
0.783422
0.730312
0.686584
0.661013
0.645579
0.638316
0.641796
0.650572
0.675538
0.708070
0.744535
0.798250
0.858623
0.930041
1.009932
1.090429
1.163512
1.272303
1.377009
1.489130
1.603671
1.731376
1.828215
1.946539
2.068343
2.192115
2.316038
2.426191
2.511530
2.612908
2.716101
2.810821
2.892529
2.963342
3.020386
3.078640
3.127362
3.165795
3.202564
3.221175
3.232826
3.231918
3.231313
3.215576
3.177143
3.135836
3.095890
3.032491
2.960770
2.880575
2.798414
2.705055
2.624407
2.525450
2.411211
2.297275
2.173806
2.056844
1.964393
1.850306
1.739699
1.618045
1.506530
1.390778
1.307709
1.195589
1.093001
1.001156
0.914305
0.841374
0.796283
0.743022
0.702471
0.670545
0.653599
0.645276
0.643158
0.650572
0.669789
0.697478
0.742266
0.794468
0.841071
0.909614
0.990867
1.074239
1.166991
1.269882
1.351892
1.460532
1.574922
1.698845
1.825340
1.946841
2.042015
2.157767
2.282901
2.392449
2.513497
2.612605
2.695069
2.791454
2.870286
2.947001
3.018570
3.077127
3.117981
3.161256
3.194544
3.215274
3.227681
3.235398
3.231918
3.214214
3.186676
3.146579
3.098160
3.037484
2.983012
2.901910
2.820354
2.725482
2.629703
2.530444
2.418172
2.327537
2.208910
2.083626
1.969689
1.853635
1.742573
1.647551
1.536792
1.422251
1.314367
1.202095
1.098146
1.022794
0.934883
0.858925
0.797645
0.744082
0.700656
0.674177
0.652993
0.642099
0.640737
0.649664
0.663282
0.692485
0.735457
0.783573
0.840617
0.912186
0.972105
1.052904
1.140361
1.238258
1.340846
1.452967
1.545720
1.662833
1.791295
1.909468
2.033844
2.154136
2.254000
2.366424
2.479906
2.581889
2.688260
2.786763
2.851826
2.930054
3.002077
3.061391
3.118132
3.157170
3.189097
3.211188
3.225714
3.232523
3.226773
3.215425
3.189551
3.160348
3.112534
3.055490
2.989065
2.909627
2.826860
2.753021
2.651340
2.549206
2.440717
2.326932
2.208305
2.107986
1.994050
1.876785
1.769658
1.651182
1.540878
1.450848
1.338123
1.231752
1.119632
1.024761
0.937909
0.875267
0.810204
0.756792
0.709886
0.675690
0.653145
0.644369
0.641948
0.646790
0.662223
0.690821
0.723655
0.772376
0.827907
0.894029
0.970289
1.050332
1.135519
1.216167
1.319966
1.425731
1.540878
1.656478
1.783276
1.875423
2.004490
2.124025
2.253395
2.365062
2.481419
2.562068
2.662537
2.765126
2.851221
2.926876
3.000867
3.050043
3.101186
3.147638
3.184255
3.202412
3.219510
3.222083
3.229194
3.215728
3.194998
3.154749
3.108297
3.063661
3.003742
2.927935
2.846985
2.760284
2.655728
2.572508
2.470374
2.355681
2.243863
2.115098
2.004037
1.905231
1.796440
1.682050
1.570232
1.458565
1.345991
1.259593
1.145808
1.046852
0.959092
0.874510
0.812473
0.769199
0.721385
0.682953
0.656927
0.643007
0.642553
0.644369
0.656473
0.683709
0.720023
0.766173
0.822611
0.873149
0.947442
1.026879
1.110402
1.206786
1.314972
1.397739
1.512734
1.627881
1.758461
1.877542
2.000103
2.098303
2.222377
2.341155
2.453427
2.560101
2.637269
2.739100
2.826709
2.905087
2.983920
3.046109
3.101791
3.137349
3.172301
3.199991
3.219208
3.229497
3.230253
3.222839
3.203471
3.167308
3.126606
3.071831
3.009340
2.948514
2.867563
2.780711
2.679636
2.579014
2.476729
2.384581
2.272460
2.147327
2.030365
1.914915
1.803551
1.712765
1.595349
1.483683
1.368536
1.258231
1.146565
1.068035
0.980124
0.897963
0.830328
0.774192
0.726681
0.692334
0.662223
0.645428
0.640435
0.642553
0.656625
0.673874
0.706859
0.754068
0.809599
0.872241
0.946080
1.009781
1.091185
1.186056
1.288342
1.394107
1.510767
1.602007
1.724870
1.846069
1.970446
2.094066
2.218897
2.310590
2.419836
2.533773
2.632578
2.733956
2.821716
2.885569
2.966368
3.031886
3.087114
3.134474
3.171545
3.194544
3.214366
3.227530
3.231161
3.223596
3.204077
3.177295
3.132507
3.083029
3.021899
2.949724
2.870135
2.802953
2.708990
2.606704
2.504116
2.390179
2.277453
2.170023
2.054574
1.939276
1.827004
1.716699
1.600645
1.512734
1.399100
1.290460
1.176524
1.070153
0.980124
0.912338
0.841676
0.784935
0.737878
0.697327
0.666460
0.649967
0.641645
0.641796
0.651631
0.671604
0.706859
0.742417
0.795527
0.855143
0.925199
1.002972
1.086344
1.159426
1.264435
1.363694
1.477025
1.591112
1.717607
1.815505
1.934737
2.058962
2.183339
2.305143
2.417415
2.509260
2.610940
2.713983
2.805223
2.885569
2.962737
3.020235
3.074404
3.123428
3.163828
3.197570
3.218602
3.228286
3.232826
3.227227
3.208767
3.180321
3.136138
3.098311
3.040359
2.971664
2.892226
2.807795
2.713831
2.628947
2.526207
2.414843
2.301663
2.175622
2.059719
1.968176
1.854391
1.745600
1.628788
1.518030
1.403791
1.315729
1.203609
1.096481
1.002821
0.915515
0.841071
0.792047
0.742871
0.700050
0.672361
0.655263
0.647849
0.647395
0.649211
0.666611
0.697327
0.741509
0.793862
0.841374
0.908101
0.987236
1.066825
1.158972
1.263830
1.343570
1.453572
1.566449
1.687497
1.811571
1.927776
2.030062
2.146116
2.275638
2.390482
2.505024
2.606855
2.690378
2.784191
2.866050
2.946698
3.015241
3.073798
3.116165
3.153690
3.183952
3.211945
3.226622
3.234187
3.228740
3.213306
3.188340
3.147032
3.099673
3.042477
2.973631
2.905844
2.825952
2.735015
2.633183
2.537404
2.421954
2.331320
2.209818
2.083928
1.971051
1.857417
1.751349
1.652847
1.541029
1.429362
1.317696
1.208904
1.102231
1.029602
0.938514
0.860590
0.798250
0.744384
0.697630
0.673269
0.652388
0.646790
0.641494
0.650118
0.663736
0.686735
0.728043
0.779639
0.838347
0.907798
0.967263
1.045641
1.133401
1.236140
1.338274
1.449940
1.541937
1.657537
1.784184
1.903567
2.032483
2.148235
2.255211
2.364305
2.475821
2.579468
2.679787
2.776928
2.846379
2.923093
3.001169
3.063509
3.109659
3.153539
3.184104
3.212399
3.225109
3.232523
3.230556
3.214214
3.187433
3.154295
3.111324
3.057760
2.991334
2.915831
2.831399
2.764520
2.655728
2.554048
2.444046
2.331925
2.212996
2.112677
1.997833
1.881778
1.777375
1.658899
1.547838
1.457355
1.340544
1.234022
1.125533
1.029754
0.944113
0.880714
0.814138
0.759061
0.711247
0.674631
0.653750
0.646336
0.643461
0.645428
0.659197
0.685222
0.716543
0.764660
0.822157
0.890398
0.966204
1.046095
1.111612
1.214654
1.314065
1.420132
1.535128
1.652695
1.756645
1.876180
2.001616
2.119335
2.245073
2.361733
2.451762
2.553746
2.657696
2.759981
2.842748
2.921580
2.994663
3.048076
3.101186
3.145217
3.181380
3.208919
3.224352
3.230253
3.235398
3.219964
3.191821
3.157322
3.114955
3.073344
3.008886
2.933231
2.851221
2.765731
2.663445
2.584310
2.480360
2.362036
2.247797
2.126598
2.007517
1.914007
1.804005
1.690825
1.569929
1.458111
1.346142
1.258534
1.147926
1.051088
0.963178
0.882984
0.815500
0.774343
0.725773
0.687189
0.662828
0.646184
0.642402
0.644520
0.657533
0.682347
0.719267
0.767837
0.822006
0.871938
0.943356
1.024004
1.105862
1.204214
1.308769
1.396528
1.507589
1.621526
1.750895
1.867101
1.993445
2.091494
2.217686
2.332833
2.449190
2.557226
2.655577
2.738495
2.825650
2.903423
2.978473
3.042780
3.096344
3.134625
3.171091
3.201807
3.221326
3.231161
3.230859
3.224504
3.204077
3.169275
3.125395
3.071378
3.007524
2.951086
2.871648
2.785099
2.683872
2.585975
2.479906
2.391995
2.277453
2.152320
2.035055
1.917790
1.806577
1.716548
1.602461
1.493669
1.378976
1.268672
1.158518
1.077114
0.988446
0.904470
0.831236
0.774192
0.725319
0.692334
0.661618
0.645125
0.639981
0.642553
0.655414
0.672664
0.707313
0.752706
0.807329
0.870576
0.943810
1.008117
1.088764
1.182728
1.282138
1.385331
1.500629
1.592323
1.720331
1.837142
1.959703
2.082718
2.207094
2.302268
2.419382
2.528931
2.628644
2.731838
2.818992
2.885871
2.963342
3.030070
3.084693
3.131599
3.165644
3.194242
3.220116
3.228135
3.227530
3.222083
3.202412
3.177295
3.141131
3.087416
3.030070
2.954869
2.873161
2.807946
2.721548
2.615026
2.509109
2.401981
2.283355
2.183641
2.062291
1.946539
1.831392
1.718212
1.601099
1.494879
1.401673
1.295302
1.181971
1.076206
0.986782
0.900233
0.841827
0.787356
0.735608
0.693393
0.662526
0.646638
0.641494
0.642704
0.655414
0.676295
0.708372
0.742115
0.793408
0.851360
0.920206
1.001459
1.080896
1.152768
1.258080
1.358701
1.471880
1.590961
1.712160
1.812932
1.930046
2.052153
2.172747
2.297426
2.407429
2.500333
2.603981
2.709746
2.800230
2.884963
2.957744
3.014787
3.072588
3.122974
3.163979
3.196511
3.217392
3.227530
3.226622
3.228286
3.211188
3.180926
3.144309
3.100429
3.042629
2.973026
2.892529
2.810216
2.717312
2.613513
2.537253
2.425435
2.314676
2.189240
2.068192
1.975893
1.856510
1.748928
1.628486
1.518786
1.403640
1.296513
1.205575
1.101021
1.008117
0.923232
0.849847
0.789323
0.746351
0.701261
0.666460
0.648303
0.644671
0.642250
0.648757
0.667670
0.698689
0.740147
0.791441
0.838196
0.903562
0.983302
1.063647
1.148683
1.254600
1.336004
1.447822
1.565238
1.682050
1.807031
1.926566
2.024463
2.145057
2.273066
2.384127
2.496096
2.595356
2.679787
2.778895
2.861510
2.939586
3.011610
3.069562
3.110264
3.155052
3.191215
3.215879
3.231161
3.226773
3.227984
3.213155
3.187584
3.149454
3.101186
3.041267
2.976809
2.913863
2.834426
2.745153
2.643624
2.539068
2.431790
2.339339
2.222528
2.095125
1.978011
1.862108
1.751349
1.658445
1.549048
1.435869
1.326623
1.216924
1.111612
1.033083
0.944567
0.864978
0.802033
0.750437
0.703228
0.678111
0.657684
0.644520
0.642704
0.645882
0.655868
0.681893
0.724865
0.778126
0.836834
0.901292
0.962119
1.039892
1.129164
1.231147
1.335702
1.444645
1.537851
1.650577
1.779493
1.892673
2.021437
2.137643
2.263836
2.355076
2.467045
2.572205
2.680089
2.777382
2.858484
2.920824
2.995117
3.053977
3.109508
3.151875
3.185768
3.206952
3.222688
3.231161
3.229951
3.214517
3.188492
3.157473
3.114652
3.053523
2.993604
2.917344
2.837149
2.766487
2.665866
2.564791
2.457966
2.345997
2.228278
2.123874
2.009181
1.894942
1.781460
1.662531
1.551772
1.460835
1.349471
1.241890
1.133703
1.039135
0.947895
0.885102
0.817769
0.763298
0.716392
0.679472
0.654506
0.644369
0.641645
0.645882
0.661618
0.689308
0.730464
0.766324
0.822460
0.885253
0.959849
1.042010
1.126441
1.206029
1.311038
1.412416
1.529075
1.643617
1.773743
1.869371
1.989057
2.107533
2.234633
2.349931
2.466288
2.552838
2.651946
2.752567
2.839268
2.918554
2.994512
3.044293
3.098008
3.145217
3.181683
3.213458
3.223596
3.234187
3.231464
3.217241
3.194847
3.160953
3.117830
3.073344
3.013426
2.943823
2.861964
2.770573
2.669800
2.585067
2.485353
2.367937
2.254757
2.126295
2.012056
1.917336
1.807636
1.693398
1.578100
1.471426
1.355221
1.269731
1.157913
1.055930
0.964842
0.887069
0.818828
0.775100
0.726984
0.689459
0.660710
0.646487
0.642250
0.642856
0.656625
0.679775
0.716392
0.762693
0.818374
0.867701
0.943659
1.022340
1.104652
1.203306
1.301203
1.385785
1.500629
1.612296
1.741665
1.858023
1.987090
2.075909
2.204068
2.325116
2.437085
2.542851
2.646347
2.728811
2.820505
2.902515
2.975447
3.041721
3.096344
3.134777
3.177143
3.204833
3.225563
3.231464
3.232069
3.224806
3.204530
3.171394
3.134777
3.075160
3.016603
2.958197
2.877247
2.794631
2.693859
2.593540
2.486715
2.379134
2.285473
2.160037
2.043075
1.928684
1.814597
1.701871
1.607000
1.496846
1.383213
1.273967
1.158972
1.056233
0.987539
0.903410
0.834111
0.777067
0.728043
0.694452
0.665855
0.649211
0.643461
0.642704
0.653599
0.670243
0.703985
0.750437
0.805059
0.865886
0.934883
0.996012
1.076962
1.168656
1.276691
1.381851
1.497603
1.588086
1.712765
1.831846
1.956374
2.077422
2.203917
2.299091
2.410606
2.522424
2.624256
2.727903
2.817630
2.881029
2.958651
3.025682
3.083634
3.132658
3.171848
3.194242
3.218148
3.229951
3.229951
3.225865
3.207557
3.180775
3.141131
3.090745
3.031280
2.960467
2.879516
2.799322
2.719279
2.614875
2.512589
2.401528
2.290012
2.192720
2.068646
1.953197
1.833964
1.724567
1.608513
1.520753
1.408482
1.299387
1.189537
1.084982
0.996012
0.926258
0.851814
0.789323
0.737878
0.693242
0.663585
0.648757
0.640889
0.639527
0.649513
0.670848
0.705498
0.741963
0.793408
0.853327
0.922627
1.002216
1.079383
1.148229
1.253995
1.356129
1.467946
1.583244
1.708075
1.807636
1.925356
2.048219
2.171385
2.292282
2.407580
2.495037
2.598079
2.702786
2.801894
2.877700
2.954112
3.009340
3.069108
3.121613
3.162769
3.193939
3.216484
3.225411
3.229800
3.226319
3.208767
3.178354
3.141131
3.101640
3.043688
2.980137
2.897976
2.813848
2.723364
2.620927
2.539220
2.429974
2.316491
2.195444
2.072429
1.978465
1.862713
1.751349
1.634387
1.526654
1.411811
1.300598
1.211628
1.102836
1.010084
0.923989
0.852268
0.791441
0.749377
0.703682
0.670091
0.651329
0.645428
0.645579
0.653296
0.664947
0.694452
0.736365
0.788264
0.834262
0.900989
0.977552
1.058805
1.144144
1.244765
1.327985
1.437987
1.552831
1.671609
1.799768
1.919606
2.017352
2.137492
2.264895
2.378680
2.490952
2.593389
2.674491
2.775566
2.855609
2.935501
3.008432
3.067595
3.108449
3.152480
3.186525
3.211794
3.226319
3.229951
3.230556
3.214214
3.186979
3.148697
3.103304
3.047017
2.978473
2.917344
2.836090
2.750146
2.642867
2.540128
2.431638
2.336464
2.222074
2.100118
1.989208
1.871641
1.761790
1.667524
1.553739
1.442072
1.328741
1.220706
1.109797
1.036260
0.948349
0.872543
0.810355
0.758910
0.712912
0.682650
0.658440
0.647849
0.644520
0.646790
0.662828
0.685071
0.727286
0.774343
0.831387
0.899476
0.977098
1.039135
1.123717
1.222976
1.324051
1.430875
1.547838
1.641952
1.771927
1.888739
2.011602
2.130683
2.264289
2.350234
2.464926
2.567515
2.667984
2.769968
2.852734
2.917646
2.990729
3.054582
3.107692
3.151875
3.186373
3.211642
3.223444
3.231161
3.229951
3.216333
3.188492
3.160348
3.115106
3.060483
2.998749
2.924001
2.841688
2.772994
2.671767
2.569784
2.464321
2.347964
2.232363
2.131439
2.011905
1.895850
1.786756
1.666313
1.555555
1.466887
1.354918
1.249304
1.138848
1.043523
0.952132
0.889490
0.821098
0.768442
0.720175
0.683558
0.658289
0.648605
0.641342
0.644369
0.656473
0.681742
0.720175
0.760574
0.816407
0.883891
0.956066
1.034293
1.117967
1.201793
1.302868
1.407725
1.524082
1.637867
1.768599
1.860292
1.983005
2.104506
2.230396
2.346299
2.460387
2.547542
2.650887
2.748935
2.834728
2.917041
2.988611
3.039602
3.094679
3.141283
3.180321
3.207860
3.224504
3.230253
3.230707
3.223142
3.197419
3.164585
3.121613
3.078338
3.017965
2.943520
2.862267
2.776474
2.676609
2.596869
2.491557
2.379436
2.265500
2.139308
2.022043
1.927776
1.815656
1.702174
1.584757
1.472334
1.358398
1.277750
1.164268
1.063345
0.973315
0.892214
0.825486
0.776008
0.727286
0.685676
0.657533
0.642553
0.640737
0.643461
0.654204
0.678565
0.710188
0.756186
0.813533
0.863767
0.934883
1.015985
1.098751
1.196346
1.298631
1.379884
1.498813
1.610783
1.737883
1.854845
1.977406
2.072126
2.195897
2.314373
2.429217
2.539976
2.641808
2.725785
2.815361
2.892226
2.971664
3.035971
3.086962
3.129632
3.173966
3.205741
3.222234
3.229497
3.233582
3.228892
3.205287
3.172604
3.128573
3.079548
3.020537
2.945790
2.884509
2.799019
2.702786
2.596112
2.496550
2.381857
2.293492
2.167300
2.049278
1.933829
1.821254
1.707016
1.611690
1.505320
1.387752
1.281684
1.169866
1.068792
0.996163
0.908706
0.837137
0.779337
0.732128
0.692636
0.668578
0.649513
0.642250
0.643612
0.655868
0.674025
0.704590
0.747410
0.800066
0.859682
0.935337
1.002972
1.077719
1.170774
1.275632
1.374437
1.494879
1.578856
1.704443
1.826399
1.947447
2.069856
2.194687
2.291677
2.402587
2.514254
2.614118
2.716858
2.809157
2.880575
2.955020
3.025985
3.078035
3.129935
3.168519
3.196662
3.218451
3.223444
3.228740
3.222839
3.204530
3.173058
3.136744
3.092258
3.035517
2.965612
2.883753
2.798565
2.725029
2.619868
2.518944
2.409396
2.292584
2.171082
2.079238
1.960308
1.844859
1.733495
1.614565
1.504563
1.411811
1.304381
1.195287
1.091942
1.003275
0.915969
0.858018
0.794619
0.743325
0.697781
0.666006
0.649059
0.642704
0.643763
0.651178
0.669486
0.700807
0.736667
0.790231
0.847275
0.913397
0.990565
1.071213
1.144900
1.249001
1.350681
1.458716
1.574014
1.697937
1.798558
1.917790
2.042167
2.165636
2.286078
2.400771
2.487320
2.591422
2.694010
2.791605
2.877700
2.952145
3.009340
3.064417
3.112080
3.156262
3.188492
3.213609
3.230859
3.229951
3.228740
3.212702
3.181683
3.142342
3.096344
3.047319
2.983012
2.901608
2.818841
2.728660
2.625466
2.546180
2.439204
2.325873
2.206640
2.081205
1.964393
1.872700
1.765724
1.645735
1.534523
1.419678
1.308617
1.220858
1.112520
1.018103
0.929436
0.856202
0.796435
0.754825
0.710491
0.674177
0.652388
0.642099
0.641342
0.648757
0.666762
0.693544
0.732733
0.784179
0.840314
0.894332
0.973618
1.053358
1.139907
1.240528
1.343721
1.431329
1.551621
1.671458
1.796288
1.914461
2.036266
2.129321
2.255967
2.370207
2.483992
2.590060
2.689319
2.773145
2.851675
2.932777
3.004650
3.063056
3.115560
3.150815
3.185012
3.214669
3.229951
3.231161
3.227530
3.218300
3.193334
3.157170
3.108751
3.052010
2.988459
2.925666
2.848044
2.758468
2.652551
2.550265
2.437993
2.344938
2.229034
2.104658
1.988300
1.872094
1.762395
1.666767
1.561607
1.448579
1.337215
1.230239
1.120993
1.040497
0.952737
0.872846
0.810506
0.756186
0.709432
0.677959
0.653599
0.642250
0.640737
0.645579
0.660559
0.683860
0.722596
0.775403
0.830177
0.896148
0.971802
1.038378
1.120388
1.220858
1.322538
1.432389
1.550864
1.638926
1.767388
1.885561
2.010846
2.128413
2.254303
2.346148
2.458420
2.564943
2.663142
2.767093
2.849557
2.914923
2.989973
3.052010
3.106027
3.150513
3.183801
3.206044
3.223293
3.231161
3.231615
3.217392
3.192880
3.165341
3.121613
3.065476
3.001321
2.928692
2.846379
2.777987
2.678122
2.576896
2.470071
2.358404
2.235087
2.135222
2.018411
1.900995
1.790387
1.675694
1.561153
1.474755
1.361878
1.253541
1.139453
1.044280
0.958336
0.892062
0.825032
0.768442
0.718813
0.680078
0.654658
0.647092
0.643309
0.645579
0.658592
0.684466
0.722596
0.762541
0.815197
0.877688
0.950165
1.031116
1.114941
1.193168
1.296664
1.400462
1.512583
1.629394
1.761790
1.857569
1.981340
2.099664
2.222074
2.333741
2.449947
2.540128
2.641657
2.742580
2.829886
2.907811
2.984828
3.036576
3.094528
3.139013
3.175176
3.205136
3.221780
3.235095
3.231615
3.221629
3.200445
3.168519
3.124941
3.081515
3.021294
2.948211
2.865142
2.779803
2.681149
2.598231
2.493978
2.382916
2.267164
2.139610
2.021891
1.929441
1.817320
1.705048
1.589902
1.478992
1.365510
1.279717
1.168505
1.068035
0.978006
0.892667
0.824427
0.779034
0.729556
0.691426
0.665552
0.648151
0.641796
0.643309
0.654658
0.675387
0.711399
0.757548
0.810506
0.859531
0.929133
1.010538
1.095422
1.188326
1.291368
1.373227
1.489130
1.601553
1.727594
1.848036
1.974077
2.067436
2.191056
2.313768
2.425435
2.537555
2.637722
2.722153
2.812637
2.889503
2.973783
3.040813
3.089837
3.128422
3.168367
3.204833
3.218754
3.231010
3.234793
3.225260
3.207860
3.176235
3.135684
3.085903
3.021596
2.967730
2.882996
2.801591
2.707779
2.607309
2.500636
2.412422
2.297426
2.173352
2.052002
1.938217
1.823524
1.733949
1.613657
1.504563
1.391081
1.283651
1.175011
1.095876
1.001913
0.914456
0.841071
0.781152
0.730615
0.698083
0.668578
0.650724
0.642553
0.644823
0.652993
0.670848
0.704741
0.745595
0.799612
0.859077
0.931554
0.991624
1.074088
1.163360
1.269277
1.372621
1.484439
1.574771
1.698088
1.820800
1.940335
2.063653
2.184247
2.282295
2.394265
2.509563
2.610335
2.717009
2.806887
2.874825
2.951994
3.018570
3.075614
3.127211
3.168216
3.196814
3.216182
3.228589
3.229951
3.225714
3.208616
3.184255
3.149454
3.096344
3.037938
2.970756
2.887687
2.802650
2.732291
2.628947
2.523030
2.419685
2.303176
2.180464
2.082415
1.966209
1.849247
1.737580
1.617592
1.507892
1.414988
1.308617
1.196648
1.091791
1.003123
0.916877
0.856958
0.796586
0.743174
0.698537
0.669486
0.650421
0.642099
0.642553
0.650270
0.668578
0.699597
0.744838
0.785389
0.845610
0.915515
0.992078
1.071969
1.142025
1.241739
1.345234
1.454934
1.568870
1.689464
1.790690
1.908258
2.036114
2.150656
2.279269
2.391239
2.481571
2.584159
2.685839
2.782224
2.867109
2.946093
3.015998
3.062450
3.116014
3.159743
3.194242
3.217543
3.229648
3.232523
3.233279
3.214669
3.191064
3.148395
3.099067
3.052161
2.986644
2.911291
2.828827
2.739252
2.633032
2.552535
2.444046
2.330412
2.212844
2.090283
1.973926
1.883745
1.770414
1.647248
1.534674
1.421494
1.310887
1.224792
1.116757
1.022188
0.933824
0.856353
0.796889
0.754219
0.708070
0.671604
0.648605
0.639829
0.639375
0.643915
0.661315
0.689308
0.733187
0.781152
0.829117
0.893273
0.970138
1.049273
1.135973
1.239318
1.341300
1.427093
1.540726
1.658445
1.787210
1.910981
2.032785
2.127354
2.254303
2.365667
2.479755
2.584915
2.664505
2.763764
2.848044
2.924607
3.000413
3.061089
3.112080
3.145520
3.183499
3.206346
3.225260
3.237214
3.231464
3.219359
3.192274
3.154901
3.114652
3.056700
2.991486
2.930810
2.844261
2.756652
2.654972
2.555712
2.443743
2.352049
2.235238
2.111618
2.002069
1.883594
1.774348
1.676905
1.562817
1.449789
1.339938
1.227515
1.121901
1.043977
0.958033
0.876175
0.811263
0.758910
0.712912
0.684012
0.657533
0.646790
0.642553
0.644520
0.660407
0.680229
0.719115
0.766929
0.825183
0.889187
0.965750
1.030359
1.112974
1.214805
1.316788
1.418468
1.536792
1.630301
1.759520
1.875574
2.002523
2.118881
2.245224
2.337675
2.452216
2.559949
2.660873
2.764218
2.844563
2.910837
2.987854
3.049589
3.104817
3.146881
3.183499
3.204833
3.223444
3.231313
3.231161
3.213912
3.197570
3.167460
3.121159
3.073647
3.008281
2.930810
2.847892
2.779954
2.678879
2.576745
2.477788
2.359312
2.243106
2.142334
2.024312
1.906593
1.797499
1.677056
1.566449
1.477176
1.365207
1.257626
1.148834
1.049424
0.960454
0.896450
0.824276
0.768442
0.721839
0.683406
0.658440
0.646790
0.641191
0.641948
0.656171
0.684617
0.722596
0.756338
0.808691
0.871030
0.943659
1.029754
1.112066
1.189688
1.291822
1.394258
1.510464
1.626670
1.756645
1.850306
1.971354
2.092250
2.214509
2.331320
2.444802
2.535134
2.638176
2.740916
2.823531
2.906752
2.986190
3.034458
3.092107
3.137046
3.176387
3.205590
3.222839
3.230859
3.231766
3.218451
3.201656
3.169427
3.127362
3.084390
3.024169
2.956382
2.869983
2.789789
2.687958
2.603981
2.499728
2.385186
2.270493
2.142636
2.027187
1.935191
1.821860
1.712765
1.597619
1.487314
1.372621
1.286980
1.173044
1.071364
0.983756
0.897207
0.830631
0.782212
0.735003
0.692182
0.662526
0.648303
0.642402
0.642099
0.651934
0.677808
0.711550
0.756186
0.810355
0.857564
0.927317
1.006755
1.089521
1.179853
1.280625
1.363997
1.478084
1.592474
1.721693
1.843194
1.966512
2.058054
2.181523
2.301966
2.418928
2.529990
2.630762
2.713075
2.807341
2.882996
2.964553
3.032491
3.086660
3.125698
3.163979
3.196511
3.218451
3.229043
3.230556
3.221931
3.206497
3.173966
3.134474
3.085147
3.027346
2.958954
2.894496
2.806433
2.709898
2.610184
2.505780
2.395778
2.302117
2.177438
2.057146
1.942302
1.831241
1.715791
1.622736
1.509103
1.396831
1.289704
1.181063
1.078475
1.007511
0.922324
0.848485
0.789626
0.740601
0.695057
0.669637
0.647697
0.640889
0.640283
0.650421
0.663736
0.697327
0.743325
0.795375
0.855294
0.925955
0.988144
1.069094
1.156097
1.263073
1.364299
1.478689
1.569626
1.691733
1.815656
1.935493
2.059416
2.183944
2.281236
2.391844
2.504267
2.605796
2.709292
2.803104
2.869076
2.947303
3.017662
3.073647
3.123731
3.170486
3.193636
3.220116
3.228892
3.230556
3.225260
3.206800
3.180170
3.150059
3.097554
3.041721
2.972420
2.892983
2.808098
2.733804
2.632880
2.530746
2.422106
2.310590
2.184398
2.090888
1.969992
1.855602
1.744692
1.625611
1.514701
1.423915
1.315729
1.208450
1.104955
1.010840
0.925804
0.862708
0.801428
0.745443
0.700504
0.671453
0.652691
0.646033
0.645579
0.651329
0.668881
0.700202
0.732279
0.784935
0.841676
0.910068
0.987841
1.069700
1.154281
1.237956
1.340241
1.452815
1.567205
1.689161
1.810360
1.903416
2.030516
2.151412
2.276243
2.386397
2.501846
2.578863
2.674945
2.776777
2.861208
2.942764
3.013426
3.057760
3.111626
3.150664
3.189097
3.215425
3.229497
3.230102
3.227530
3.214063
3.185163
3.145217
3.098916
3.053977
2.989519
2.914318
2.830946
2.743488
2.640144
2.559646
2.449644
2.334497
2.214660
2.093763
1.976347
1.887528
1.775710
1.658294
1.541937
1.430724
1.319058
1.232055
1.122053
1.026274
0.940481
0.864524
0.802184
0.760272
0.715333
0.678413
0.655414
0.645579
0.644369
0.648303
0.662980
0.690972
0.730615
0.779185
0.835775
0.888733
0.964086
1.044431
1.129013
1.231298
1.331465
1.422856
1.533463
1.653452
1.782519
1.900389
2.028851
2.119183
2.244014
2.358404
2.465683
2.574021
2.681602
2.761797
2.845925
2.923093
2.996630
3.058516
3.109810
3.150967
3.183650
3.211188
3.223293
3.232523
3.229648
3.218451
3.196814
3.161104
3.113291
3.058667
2.993907
2.932777
2.850918
2.764823
2.662840
2.561311
2.454183
2.362943
2.251126
2.124479
2.005701
1.889192
1.777375
1.687648
1.569626
1.461289
1.348563
1.239015
1.130526
1.050635
0.959244
0.879352
0.815348
0.761785
0.717602
0.677959
0.657533
0.644369
0.641342
0.644671
0.660710
0.680986
0.720780
0.767081
0.821552
0.884043
0.962119
1.023550
1.108737
1.206332
1.309828
1.414534
1.531042
1.624703
1.751652
1.872397
1.995260
2.111920
2.238264
2.330563
2.443894
2.550719
2.651643
2.754988
2.840781
2.905087
2.980137
3.043688
3.101337
3.146730
3.183347
3.208616
3.222688
3.234339
3.230253
3.220267
3.197873
3.162618
3.124185
3.069713
3.010551
2.940494
2.854701
2.770573
2.689924
2.586580
2.484900
2.371568
2.257027
2.131742
2.038233
1.918092
1.805669
1.686135
1.572955
1.462650
1.372773
1.266251
1.154130
1.053661
0.967414
0.887220
0.833203
0.777067
0.731069
0.690669
0.659046
0.644217
0.639981
0.643915
0.655868
0.679018
0.717905
0.753917
0.805816
0.869214
0.941540
1.022188
1.104047
1.178491
1.281533
1.387298
1.500175
1.617440
1.745297
1.839260
1.960006
2.081810
2.206640
2.325267
2.433908
2.526207
2.628190
2.733048
2.822018
2.901456
2.981197
3.045050
3.085449
3.134474
3.175782
3.201807
3.224655
3.229648
3.231464
3.224504
3.205136
3.174268
3.133717
3.080759
3.026287
2.954415
2.872102
2.789941
2.698398
2.590968
2.506083
2.397593
2.284262
2.160188
2.042469
1.922481
1.832754
1.719423
1.605789
1.494728
1.380943
1.273211
1.182879
1.078173
0.987841
0.904470
0.833959
0.778126
0.739391
0.698235
0.670848
0.651329
0.644520
0.643309
0.651631
0.669032
0.704892
0.751496
0.803546
0.863465
0.919449
0.998433
1.081804
1.177734
1.283046
1.383969
1.479900
1.591566
1.721390
1.840319
1.961367
2.079389
2.176076
2.298939
2.405008
2.525148
2.626677
2.727903
2.799624
2.879365
2.957895
3.026741
3.082574
3.130842
3.162315
3.195149
3.217241
3.229194
3.228740
3.225109
3.211339
3.181229
3.139770
3.090140
3.031886
2.964098
2.892529
2.811124
2.719127
2.615026
2.513800
2.401376
2.311952
2.189845
2.069402
1.951078
1.838201
1.726686
1.631663
1.522872
1.407725
1.299236
1.186662
1.085436
1.010235
0.926409
0.854840
0.794014
0.739694
0.695360
0.669637
0.650572
0.641948
0.643158
0.653145
0.671150
0.695360
0.739845
0.791441
0.850452
0.922022
1.000097
1.063345
1.150650
1.253843
1.356129
1.469005
1.584606
1.684773
1.811268
1.926415
2.049581
2.171688
2.297275
2.388818
2.498669
2.596112
2.697944
2.792664
2.874220
2.939586
3.012820
3.071226
3.121461
3.165190
3.204833
3.221326
3.230859
3.232523
3.226925
3.208919
3.181077
3.149302
3.102396
3.044293
2.981953
2.899035
2.817781
2.748028
2.648163
2.543003
2.431033
2.315583
2.188937
2.092250
1.979524
1.859384
1.752711
1.638018
1.525747
1.435717
1.327531
1.215713
1.111915
1.018254
0.928376
0.869063
0.804454
0.750134
0.706708
0.672512
0.652993
0.647395
0.642704
0.646941
0.664190
0.692485
0.737273
0.780547
0.839709
0.903410
0.978763
1.061680
1.147019
1.230239
1.334037
1.444493
1.559791
1.680234
1.804005
1.900843
2.022799
2.142939
2.269888
2.382765
2.494281
2.572356
2.675247
2.774053
2.855458
2.934290
3.009794
3.056247
3.107843
3.152177
3.185012
3.209978
3.228438
3.233582
3.232523
3.218451
3.192274
3.154901
3.109508
3.051556
3.001472
2.919462
2.841537
2.745455
2.647709
2.542700
2.453275
2.341911
2.225100
2.098908
1.984064
1.866345
1.778585
1.660715
1.552074
1.441618
1.331314
1.218437
1.130072
1.032629
0.945777
0.867399
0.806875
0.750890
0.713517
0.679321
0.657381
0.646336
0.644974
0.646941
0.660559
0.685071
0.725168
0.775705
0.832900
0.885707
0.959849
1.040043
1.124171
1.227213
1.330709
1.415745
1.531950
1.647400
1.777526
1.894488
2.020378
2.114493
2.237205
2.354470
2.470828
2.573567
2.675096
2.754837
2.836847
2.915831
2.992696
3.053220
3.110567
3.146579
3.184406
3.208919
3.228135
3.231161
3.232372
3.217543
3.196511
3.156717
3.116317
3.061845
3.000867
2.924607
2.859392
2.772540
2.672070
2.570390
2.462052
2.351141
2.257783
2.127354
2.011451
1.890554
1.782822
1.667826
1.580067
1.469459
1.356431
1.249909
1.138848
1.044431
0.972559
0.889490
0.821098
0.764206
0.714576
0.676446
0.659348
0.644823
0.642099
0.644520
0.656473
0.683255
0.712458
0.759969
0.816861
0.885707
0.959092
1.038984
1.105106
1.199069
1.301052
1.410449
1.521510
1.638321
1.743632
1.860595
1.987241
2.102539
2.229186
2.347056
2.437691
2.545575
2.643926
2.747725
2.835787
2.915679
2.976657
3.040813
3.096495
3.141131
3.179867
3.208162
3.223293
3.231766
3.232674
3.224806
3.198630
3.163374
3.128573
3.080759
3.019932
2.945185
2.863326
2.776625
2.698549
2.594296
2.492465
2.380496
2.267770
2.139610
2.046403
1.925961
1.812630
1.696273
1.584606
1.474453
1.384726
1.275934
1.162755
1.063193
0.974526
0.891154
0.834565
0.779337
0.728648
0.686887
0.660407
0.645579
0.642250
0.642402
0.654506
0.677354
0.713214
0.763147
0.807480
0.866945
0.939422
1.015531
1.097389
1.192563
1.280020
1.382759
1.497452
1.610026
1.737580
1.855602
1.950776
2.073337
2.200134
2.322241
2.437539
2.540884
2.622289
2.723061
2.814907
2.891772
2.972723
3.038694
3.083634
3.129329
3.171242
3.198932
3.222839
3.234036
3.232372
3.226773
3.207405
3.176690
3.134323
3.080607
3.021142
2.964704
2.882088
2.798716
2.705055
2.601257
2.494886
2.401225
2.290920
2.167451
2.049278
1.929743
1.817320
1.728501
1.614111
1.505622
1.388963
1.281836
1.173800
1.089824
0.999038
0.912489
0.840617
0.781606
0.730464
0.695209
0.665098
0.649664
0.642553
0.642704
0.653599
0.669940
0.702623
0.744233
0.798704
0.862254
0.917785
0.996920
1.075147
1.166084
1.271093
1.373983
1.464769
1.580672
1.705502
1.826550
1.948657
2.070764
2.169116
2.294098
2.404402
2.516221
2.615631
2.717917
2.792210
2.874977
2.954566
3.027044
3.081213
3.128573
3.163223
3.194695
3.221629
3.232674
3.231464
3.225260
3.209524
3.185012
3.146125
3.096797
3.037484
2.967427
2.885417
2.821110
2.728811
2.621835
2.522727
2.408790
2.297124
2.197108
2.079691
1.961367
1.845464
1.733949
1.616532
1.527865
1.414383
1.305288
1.195135
1.090429
0.999946
0.931554
0.854991
0.798553
0.744233
0.700050
0.669335
0.653447
0.646941
0.643461
0.650875
0.666914
0.692788
0.734095
0.788718
0.845610
0.914456
0.993137
1.055930
1.142782
1.245672
1.346899
1.460230
1.574317
1.672214
1.796742
1.918547
2.044436
2.165181
2.287289
2.378529
2.487320
2.591724
2.692043
2.790394
2.867714
2.934593
3.007373
3.067897
3.123428
3.162920
3.196360
3.219662
3.226925
3.232523
3.228740
3.213155
3.185012
3.144612
3.109205
3.047925
2.981953
2.905693
2.825045
2.732594
2.648768
2.546937
2.436783
2.324360
2.207094
2.080599
1.991327
1.871641
1.758612
1.636959
1.529529
1.415896
1.329347
1.222825
1.116454
1.022945
0.939271
0.864978
0.814440
0.757851
0.712458
0.674782
0.651783
0.646184
0.643007
0.647395
0.662223
0.690972
0.731220
0.787507
0.831084
0.898720
0.975131
1.054115
1.140966
1.242949
1.324051
1.432389
1.547838
1.665254
1.792354
1.911132
2.010694
2.129775
2.257632
2.376259
2.487926
2.590816
2.669498
2.771632
2.850313
2.928994
3.004498
3.064115
3.105574
3.149454
3.186827
3.211491
3.228740
3.234490
3.233279
3.219056
3.193182
3.157624
3.108600
3.051707
3.000262
2.925514
2.843504
2.760284
2.653610
2.556015
2.466742
2.352654
2.235692
2.109348
1.992840
1.880568
1.789631
1.672971
1.561002
1.448881
1.336912
1.227061
1.140966
1.043826
0.955007
0.878293
0.813079
0.760272
0.724109
0.682953
0.657381
0.648605
0.645276
0.649362
0.661769
0.685676
0.720629
0.769955
0.827453
0.891306
0.952889
1.032629
1.117816
1.219193
1.322084
1.430119
1.522115
1.637716
1.765270
1.886469
2.009332
2.125690
2.226462
2.345240
2.454940
2.562975
2.664050
2.762705
2.833820
2.914620
2.990124
3.052615
3.106784
3.149454
3.181531
3.210583
3.228589
3.234490
3.233431
3.220569
3.201656
3.166249
3.120402
3.064720
3.003590
2.929751
2.849557
2.778744
2.678122
2.578712
2.471887
2.358858
2.242955
2.139610
2.019470
1.902357
1.793262
1.675694
1.562817
1.473696
1.360214
1.253087
1.137032
1.043523
0.956217
0.893727
0.828210
0.773133
0.725017
0.686281
0.658592
0.646336
0.640586
0.642553
0.656625
0.681288
0.708978
0.755884
0.810355
0.876477
0.949862
1.029602
1.094666
1.187872
1.292730
1.398344
1.517878
1.634841
1.733646
1.850760
1.974229
2.094671
2.223890
2.336464
2.426494
2.537253
2.640749
2.740916
2.828979
2.907962
2.970605
3.042326
3.094377
3.141586
3.178354
3.206649
3.219964
3.228589
3.232674
3.221477
3.204077
3.169275
3.122823
3.081515
3.021445
2.948362
2.866655
2.783132
2.684175
2.602618
2.499425
2.389725
2.277605
2.149899
2.053364
1.933526
1.821557
1.702930
1.584757
1.475966
1.384726
1.278809
1.165176
1.066825
0.977098
0.895391
0.839558
0.782514
0.731825
0.691577
0.662374
0.645730
0.640435
0.640737
0.652388
0.675538
0.711550
0.757548
0.802638
0.863162
0.933218
1.014018
1.098600
1.188175
1.273665
1.375194
1.490189
1.603066
1.730771
1.849701
1.946236
2.066225
2.190299
2.315735
2.424981
2.535286
2.615934
2.719884
2.809308
2.889351
2.970907
3.036425
3.079700
3.126000
3.169578
3.202261
3.222991
3.235095
3.232826
3.225109
3.206497
3.175479
3.134777
3.080607
3.034004
2.964704
2.883904
2.804920
2.703845
2.602013
2.522122
2.411363
2.299393
2.174563
2.055028
1.936855
1.845615
1.734705
1.614111
1.506984
1.391989
1.281987
1.196497
1.089370
0.998887
0.913548
0.842130
0.782817
0.740753
0.696873
0.666157
0.649513
0.642250
0.642553
0.648454
0.669335
0.701564
0.746654
0.799612
0.858018
0.911278
0.989657
1.072120
1.166235
1.270033
1.375648
1.463861
1.579159
1.698694
1.823221
1.942000
2.065468
2.158221
2.283657
2.395929
2.511681
2.613816
2.718673
2.792664
2.869832
2.949421
3.017360
3.074555
3.124941
3.158986
3.193031
3.221477
3.225865
3.229497
3.221629
3.208465
3.183044
3.149756
3.097705
3.038846
2.971815
2.889805
2.824137
2.730778
2.626526
2.528174
2.416205
2.305900
2.204522
2.079540
1.963183
1.846523
1.738034
1.618499
1.530589
1.416652
1.308315
1.199977
1.096179
1.004637
0.935185
0.855899
0.795375
0.743174
0.697478
0.668729
0.650724
0.642553
0.641494
0.649211
0.668578
0.691577
0.735154
0.785540
0.841374
0.912035
0.988900
1.052753
1.139907
1.240528
1.343721
1.457808
1.569929
1.665254
1.794321
1.909468
2.033088
2.153379
2.281085
2.371417
2.485656
2.590968
2.692799
2.790243
2.869378
2.931870
3.004650
3.061542
3.115560
3.156868
3.192274
3.212399
3.228589
3.231161
3.228892
3.216182
3.187584
3.145822
3.112383
3.055641
2.988914
2.914318
2.827768
2.736831
2.653005
2.549812
2.447526
2.331774
2.209364
2.082869
1.989965
1.874818
1.763303
1.643163
1.535279
1.425126
1.334189
1.225700
1.117665
1.023096
0.935791
0.861649
0.811263
0.759969
0.713063
0.677657
0.652993
0.643763
0.643461
0.648605
0.661769
0.690518
0.731523
0.783119
0.826394
0.892970
0.970441
1.048970
1.136124
1.239923
1.319209
1.428303
1.542391
1.660261
1.788571
1.879055
2.006609
2.122966
2.249764
2.365062
2.478242
2.561311
2.661478
2.764066
2.850616
2.928843
3.004801
3.064569
3.107843
3.148546
3.181834
3.207708
3.223293
3.230707
3.227681
3.217846
3.195149
3.158381
3.112685
3.056549
3.006465
2.928541
2.846682
2.758922
2.655275
2.553594
2.469769
2.355378
2.240382
2.113434
1.999346
1.878752
1.790690
1.673576
1.560699
1.446914
1.338577
1.229936
1.141572
1.047457
0.961816
0.882530
0.817467
0.761482
0.723957
0.683558
0.657381
0.644823
0.643158
0.646487
0.659651
0.685071
0.724563
0.774343
0.832295
0.894029
0.951073
1.030510
1.116454
1.214503
1.316485
1.424974
1.515609
1.635446
1.766783
1.883140
2.007517
2.122663
2.227370
2.342214
2.454940
2.559949
2.663294
2.744093
2.827617
2.910081
2.986946
3.050497
3.104666
3.153085
3.178203
3.205287
3.222083
3.231161
3.231161
3.220569
3.203320
3.171545
3.126455
3.072739
3.008735
2.933534
2.867563
2.780408
2.681602
2.577652
2.474156
2.363095
2.275486
2.147781
2.030667
1.909165
1.794624
1.678569
1.591264
1.478841
1.365964
1.260955
1.146716
1.050332
0.980730
0.897812
0.829571
0.769653
0.725773
0.682196
0.661618
0.645882
0.642553
0.644520
0.657230
0.682045
0.713517
0.759212
0.815651
0.880260
0.952283
1.030359
1.095271
1.189991
1.294999
1.398798
1.514852
1.627275
1.733343
1.850609
1.973775
2.094217
2.219805
2.335708
2.424981
2.534075
2.638025
2.741975
2.827012
2.905239
2.965612
3.034155
3.090594
3.137651
3.174722
3.202715
3.216938
3.228286
3.230556
3.223293
3.203017
3.169124
3.135533
3.084844
3.026590
2.951842
2.872556
2.785704
2.707779
2.602467
2.501997
2.388666
2.276697
2.150202
2.055936
1.937460
1.824583
1.713219
1.593533
1.481564
1.390930
1.283803
1.174254
1.073331
0.987236
0.901443
0.845005
0.783422
0.730615
0.692485
0.663282
0.645730
0.641191
0.641342
0.651783
0.672664
0.708524
0.756489
0.798704
0.858320
0.929436
1.009327
1.088159
1.183484
1.269428
1.373983
1.487011
1.603066
1.727140
1.846372
1.942000
2.062442
2.184700
2.310590
2.419836
2.526812
2.610789
2.713680
2.802348
2.884963
2.964098
3.027195
3.078338
3.131750
3.163828
3.198478
3.219208
3.230556
3.234187
3.227530
3.209675
3.177295
3.135987
3.085147
3.038694
2.968033
2.890410
2.807795
2.715799
2.608974
2.527569
2.416659
2.302722
2.180161
2.061232
1.937460
1.846372
1.736521
1.616835
1.509859
1.395469
1.287434
1.199674
1.095573
1.005998
0.920357
0.846669
0.787053
0.745746
0.703077
0.670545
0.651783
0.643158
0.645882
0.649059
0.667822
0.697932
0.743174
0.796132
0.859682
0.912792
0.992380
1.072877
1.161242
1.262014
1.365510
1.455993
1.571896
1.696121
1.818531
1.935796
2.057449
2.150505
2.280177
2.393206
2.506537
2.608217
2.708082
2.789184
2.867563
2.943520
3.016452
3.074555
3.122369
3.157624
3.193485
3.218602
3.231918
3.235398
3.226470
3.207103
3.181834
3.149454
3.098916
3.040510
2.973631
2.895404
2.828373
2.739100
2.635756
2.535891
2.428763
2.311347
2.216627
2.094217
1.977557
1.859082
1.745448
1.622433
1.534674
1.418771
1.312097
1.203911
1.097994
1.006150
0.935791
0.859228
0.800369
0.748016
0.703228
0.670696
0.655566
0.642553
0.641948
0.648303
0.664644
0.690064
0.732733
0.785843
0.843038
0.910522
0.987539
1.065766
1.135217
1.237199
1.341603
1.444796
1.561304
1.680688
1.786302
1.902962
2.029608
2.151412
2.275940
2.386245
2.478242
2.580678
2.683418
2.781618
2.867260
2.943672
3.001775
3.061996
3.113291
3.154447
3.193788
3.213609
3.227984
3.233582
3.229951
3.218602
3.189399
3.150513
3.115560
3.056398
2.992696
2.913410
2.833367
2.745001
2.660570
2.560706
2.450855
2.338129
2.220410
2.099059
2.005550
1.889344
1.774954
1.655419
1.543450
1.431027
1.342965
1.234778
1.124625
1.032023
0.945323
0.870425
0.816710
0.762693
0.714274
0.677657
0.655414
0.646487
0.646790
0.649967
0.663434
0.690367
0.728951
0.780698
0.823822
0.887220
0.963632
1.046095
1.134460
1.236140
1.315729
1.423613
1.541634
1.656629
1.786604
1.909014
2.006155
2.122815
2.245527
2.357799
2.472946
2.555712
2.656939
2.760132
2.842899
2.924607
2.996176
3.062299
3.098916
3.141131
3.180775
3.209070
3.225411
3.235247
3.234187
3.222385
3.195906
3.166098
3.117376
3.063056
3.010551
2.934139
2.852432
2.766033
2.663142
2.561916
2.480814
2.360976
2.245224
2.122210
2.004945
1.889041
1.804005
1.684622
1.570686
1.458111
1.347504
1.242949
1.152617
1.056687
0.970289
0.890549
0.820644
0.767232
0.727135
0.684617
0.658743
0.644369
0.641645
0.643612
0.655566
0.678716
0.716695
0.764660
0.824427
0.889490
0.947290
1.028997
1.109797
1.209509
1.314518
1.418317
1.511826
1.626065
1.756191
1.874667
1.997530
2.115703
2.218140
2.333136
2.449493
2.554956
2.653307
2.756501
2.824590
2.902667
2.980440
3.044293
3.097100
3.144612
3.174268
3.204077
3.224504
3.232372
3.237516
3.218602
3.205438
3.169578
3.128270
3.075463
3.011913
2.938981
2.876490
2.788730
2.689773
2.584764
2.487018
2.368088
2.278361
2.147176
2.030213
1.912040
1.802795
1.687799
1.593382
1.486860
1.373378
1.267461
1.157156
1.060016
0.986025
0.901292
0.832144
0.773284
0.727589
0.685979
0.660861
0.645125
0.640435
0.641342
0.655566
0.680380
0.708524
0.757397
0.811112
0.872846
0.947290
1.026576
1.091337
1.182577
1.291671
1.392745
1.510616
1.626368
1.730317
1.848188
1.971354
2.088316
2.214509
2.332076
2.419987
2.533470
2.628947
2.732897
2.822623
2.903423
2.966973
3.033096
3.089232
3.136744
3.175782
3.208313
3.221477
3.233431
3.234036
3.226622
3.204682
3.172453
3.137954
3.090291
3.029313
2.957592
2.873312
2.788881
2.711864
2.608217
2.507747
2.397745
2.287742
2.162004
2.065620
1.948506
1.832451
1.719272
1.598526
1.492005
1.398646
1.290914
1.183333
1.078929
0.989505
0.904470
0.849393
0.785086
0.737878
0.697024
0.666611
0.649513
0.643461
0.642553
0.652539
0.671907
0.705195
0.751798
0.797342
0.853327
0.922627
1.003577
1.085284
1.176827
1.260955
1.364753
1.477327
1.592777
1.720331
1.841076
1.939579
2.055482
2.174865
2.301512
2.410455
2.525602
2.606099
2.710654
2.802650
2.883753
2.965460
3.028859
3.076371
3.125849
3.166249
3.197268
3.220267
3.232523
3.234490
3.233279
3.211642
3.179111
3.137349
3.087870
3.029616
2.974842
2.895404
2.812183
2.720338
2.616993
2.515010
2.425435
2.311196
2.187273
2.065468
1.950624
1.836083
1.747869
1.629545
1.518484
1.404396
1.296210
1.186964
1.101021
1.012353
0.926409
0.851965
0.790987
0.737121
0.701261
0.668275
0.651783
0.641191
0.639073
0.648454
0.666460
0.698537
0.741812
0.793560
0.852570
0.908404
0.986025
1.065009
1.152768
1.255810
1.358701
1.448125
1.564633
1.689766
1.813840
1.933375
2.055936
2.148386
2.272460
2.384883
2.500182
2.602467
2.703542
2.780559
2.861964
2.940040
3.012367
3.071831
3.123428
3.154144
3.188643
3.214214
3.226925
3.232826
3.229497
3.214366
3.186827
3.152177
3.104212
3.046260
2.982710
2.899489
2.831702
2.741673
2.637722
2.536950
2.426645
2.312406
2.219048
2.093763
1.981340
1.861805
1.749685
1.627881
1.538305
1.429362
1.320873
1.209661
1.102685
1.014018
0.943205
0.867701
0.804151
0.752101
0.707313
0.673571
0.655112
0.643461
0.641494
0.648303
0.666308
0.689156
0.728951
0.777218
0.834262
0.902049
0.978611
1.043220
1.130828
1.231449
1.337064
1.446158
1.563423
1.654057
1.784335
1.902357
2.029154
2.149143
2.271250
2.360976
2.471282
2.574777
2.676155
2.779046
2.858181
2.923093
2.999354
3.057154
3.109659
3.153993
3.191821
3.216182
3.226773
3.233128
3.231161
3.217846
3.192123
3.155355
3.114652
3.062148
2.996328
2.918857
2.838965
2.749541
2.666623
2.560252
2.459631
2.341155
2.224041
2.100270
2.007819
1.887831
1.778585
1.660715
1.546022
1.434961
1.343570
1.240528
1.131888
1.037017
0.948803
0.868609
0.818526
0.761180
0.715635
0.677959
0.654658
0.640737
0.639527
0.641645
0.659651
0.689308
0.729858
0.778277
0.823670
0.888128
0.964388
1.044128
1.127954
1.228575
1.311341
1.417560
1.534825
1.652090
1.779644
1.895548
1.998438
2.111164
2.237054
2.353108
2.467801
2.574021
2.658603
2.760435
2.841991
2.920672
2.994663
3.056549
3.100429
3.146579
3.178505
3.210432
3.225563
3.234339
3.233582
3.221326
3.198781
3.161256
3.115258
3.062450
3.011307
2.939435
2.859089
2.772691
2.669649
2.569028
2.486110
2.371114
2.259296
2.130380
2.013115
1.894186
1.807636
1.687345
1.572199
1.462802
1.350227
1.242495
1.154584
1.058200
0.971500
0.886010
0.824427
0.768140
0.728194
0.687794
0.659500
0.647092
0.643612
0.647395
0.658592
0.680380
0.716089
0.761633
0.817315
0.880563
0.941843
1.022794
1.106468
1.199826
1.303019
1.407120
1.502748
1.615322
1.746659
1.869673
1.992083
2.108440
2.209667
2.327840
2.438901
2.546331
2.644683
2.748179
2.815361
2.898279
2.972118
3.041418
3.100732
3.141586
3.174420
3.205741
3.225865
3.234187
3.233582
3.221024
3.202261
3.171242
3.132507
3.076976
3.016906
2.942764
2.858635
2.791605
2.694010
2.594750
2.490044
2.378074
2.265500
2.159280
2.040048
1.923540
1.811873
1.698391
1.596408
1.494274
1.379581
1.271546
1.161847
1.064252
0.978309
0.907950
0.838196
0.780245
0.731523
0.686735
0.661164
0.651329
0.642856
0.643612
0.652842
0.673117
0.699294
0.748016
0.802033
0.865280
0.937909
1.016287
1.083771
1.174860
1.280776
1.388055
1.502596
1.616684
1.719877
1.837596
1.966512
2.080599
2.206338
2.320879
2.407580
2.523332
2.622289
2.729719
2.818992
2.897522
2.960316
3.029011
3.083634
3.132053
3.171091
3.202412
3.216182
3.230859
3.233431
3.225714
3.203774
3.172150
3.132053
3.097705
3.033247
2.961678
2.876490
2.793118
2.703694
2.617598
2.516523
2.403646
2.288348
2.162609
2.039443
1.949414
1.833813
1.722903
1.605789
1.497452
1.385785
1.300598
1.189991
1.086797
0.996920
0.912489
0.844551
0.794922
0.741207
0.697478
0.666762
0.646336
0.643309
0.643461
0.652388
0.669789
0.704892
0.749075
0.802638
0.851057
0.918239
0.997071
1.074844
1.164722
1.273967
1.354918
1.467795
1.585817
1.708831
1.830333
1.951532
2.050186
2.169418
2.299091
2.404402
2.518793
2.619868
2.700668
2.796598
2.879819
2.953053
3.024774
3.081364
3.122066
3.164131
3.198478
3.220267
3.235398
3.233582
3.231918
3.215122
3.185012
3.141131
3.093166
3.035366
2.981045
2.901759
2.819748
2.725634
2.620776
2.517431
2.429822
2.317248
2.199529
2.074547
1.959400
1.843800
1.753922
1.635749
1.525293
1.408482
1.301354
1.191655
1.106316
1.014018
0.927015
0.855597
0.795375
0.743174
0.708372
0.672512
0.650724
0.640283
0.640586
0.648605
0.664795
0.693544
0.736062
0.790987
0.848939
0.913246
0.976795
1.057897
1.147170
1.254146
1.356129
1.467492
1.556765
1.673879
1.805518
1.922178
2.047462
2.166089
2.270644
2.376410
2.492162
2.593994
2.696582
2.792210
2.855004
2.936409
3.008735
3.072588
3.122672
3.158230
3.184255
3.209675
3.226925
3.229800
3.231464
3.214214
3.191215
3.152631
3.105574
3.048984
2.984677
2.903423
2.838965
2.748482
2.645742
2.545726
2.435118
2.324360
2.226311
2.099967
1.984820
1.871489
1.763454
1.640893
1.551772
1.439651
1.330860
1.223884
1.116000
1.023701
0.955461
0.873149
0.807329
0.754219
0.706254
0.672815
0.656171
0.642402
0.640435
0.645125
0.663434
0.691275
0.723352
0.775100
0.832749
0.897358
0.975888
1.054417
1.126289
1.225851
1.329044
1.437836
1.554041
1.675846
1.776769
1.892219
2.017049
2.136584
2.261717
2.375351
2.465986
2.569028
2.667833
2.768454
2.854247
2.932929
2.991334
3.052918
3.108902
3.146579
3.180775
3.207708
3.221931
3.230707
3.230556
3.219359
3.191366
3.154144
3.119494
3.065628
3.003137
2.927784
2.842143
2.752718
2.673432
2.571751
2.467196
2.352049
2.235995
2.106322
2.018713
1.899935
1.788269
1.667524
1.553739
1.439349
1.349320
1.242192
1.135822
1.037471
0.950165
0.873451
0.822157
0.767837
0.720780
0.680532
0.656625
0.643461
0.641645
0.643763
0.660256
0.685676
0.726832
0.775403
0.820493
0.881924
0.957428
1.036865
1.122961
1.221614
1.304078
1.410449
1.526352
1.643617
1.774954
1.891462
1.991175
2.108440
2.233271
2.349931
2.464926
2.568271
2.648768
2.750600
2.839873
2.914166
2.992091
3.053523
3.096797
3.143401
3.180624
3.207405
3.224201
3.230556
3.230859
3.219208
3.199235
3.168519
3.120705
3.066082
3.018268
2.947454
2.864083
2.779197
2.675701
2.573567
2.467801
2.374594
2.263079
2.137341
2.026279
1.903264
1.813386
1.693549
1.578554
1.468854
1.357642
1.251120
1.161847
1.063193
0.974375
0.892365
0.826696
0.770561
0.723503
0.691275
0.661769
0.642402
0.637560
0.641191
0.654658
0.675538
0.713517
0.760574
0.812625
0.876175
0.935185
1.011748
1.098297
1.192865
1.298631
1.403942
1.495485
1.609269
1.739396
1.859384
1.984366
2.102539
2.201647
2.320879
2.434211
2.540581
2.640749
2.744093
2.811275
2.893739
2.973631
3.038543
3.095890
3.143704
3.175328
3.205287
3.222234
3.233431
3.234339
3.223293
3.205741
3.174874
3.132053
3.079548
3.019932
2.946244
2.864688
2.794934
2.701121
2.596717
2.494735
2.383976
2.268072
2.165484
2.048068
1.929895
1.818531
1.702628
1.584757
1.496846
1.382759
1.270639
1.162301
1.064101
0.978914
0.910068
0.840314
0.780850
0.733187
0.689308
0.661921
0.647546
0.643612
0.640737
0.653296
0.678111
0.702471
0.745292
0.802336
0.861952
0.933067
1.014925
1.078778
1.169412
1.273967
1.381397
1.495787
1.608816
1.709890
1.830484
1.951229
2.069856
2.194989
2.316340
2.405764
2.518490
2.617447
2.722608
2.813545
2.892378
2.960921
3.022958
3.083936
3.125849
3.168670
3.197722
3.218451
3.229648
3.232674
3.226168
3.207557
3.173815
3.133112
3.091956
3.033701
2.962737
2.887384
2.800683
2.706569
2.623651
2.525450
2.411211
2.299091
2.171688
2.050186
1.956223
1.840773
1.728955
1.610631
1.501991
1.390022
1.301354
1.191201
1.087857
0.999643
0.914910
0.842887
0.794770
0.745443
0.699294
0.668124
0.650724
0.643612
0.642250
0.649513
0.666611
0.699294
0.745897
0.789172
0.844248
0.914607
0.989808
1.069246
1.162906
1.248699
1.352951
1.462499
1.577343
1.700509
1.825491
1.920514
2.042469
2.161550
2.287440
2.398350
2.513346
2.597020
2.699003
2.792967
2.871951
2.951691
3.021445
3.081818
3.119494
3.164585
3.196208
3.220267
3.232372
3.234036
3.233582
3.213609
3.183499
3.144309
3.096495
3.038997
2.983769
2.903423
2.819748
2.728962
2.624710
2.525904
2.436783
2.323906
2.202555
2.082264
1.966209
1.849095
1.761033
1.641801
1.528773
1.418771
1.307558
1.199826
1.114487
1.021281
0.933067
0.857110
0.796132
0.745897
0.709280
0.676144
0.656473
0.645882
0.644823
0.651631
0.662980
0.693544
0.734246
0.784179
0.840920
0.909463
0.972256
1.051542
1.140361
1.245370
1.345537
1.457808
1.550713
1.673122
1.798104
1.914159
2.038081
2.159432
2.258540
2.373535
2.488682
2.589757
2.694918
2.791302
2.857727
2.935803
3.007827
3.065628
3.118132
3.155506
3.184406
3.215728
3.227530
3.233279
3.229648
3.213761
3.188038
3.156262
3.110567
3.053523
2.988459
2.913410
2.843353
2.755442
2.649979
2.550871
2.441171
2.330866
2.235238
2.110861
1.994958
1.877239
1.766329
1.645584
1.555252
1.444796
1.334037
1.228121
1.119329
1.025063
0.955915
0.876780
0.811717
0.761785
0.711096
0.677354
0.661164
0.647092
0.641796
0.646638
0.661467
0.691880
0.720629
0.769350
0.826696
0.892667
0.969987
1.047306
1.115092
1.216924
1.320571
1.429816
1.549805
1.662531
1.768296
1.885410
2.011148
2.127505
2.254908
2.369147
2.459025
2.566002
2.666320
2.768606
2.850616
2.927784
2.987400
3.053825
3.104514
3.148848
3.185466
3.211339
3.229497
3.232523
3.232372
3.219662
3.192880
3.156414
3.109659
3.069713
3.003590
2.928541
2.846833
2.758771
2.655880
2.575685
2.470676
2.354621
2.239323
2.115401
1.998136
1.904323
1.794321
1.679023
1.568719
1.461894
1.350379
1.266402
1.155189
1.060318
0.969987
0.896299
0.830933
0.792047
0.746502
0.716543
0.690367
0.678565
0.678867
0.683104
0.701412
0.729556
0.770258
0.818526
0.879201
0.933521
1.010235
1.086797
1.173195
1.270790
1.367931
1.453572
1.556311
1.666162
1.783881
1.887528
1.996168
2.076060
2.174109
2.275789
2.357799
2.432092
2.503057
2.548904
2.595809
2.639387
2.677971
2.704602
2.724726
2.736225
2.738798
2.735469
2.721246
2.691740
2.656031
2.623802
2.582041
2.542548
2.492011
2.438447
2.379890
2.341306
2.290769
2.235238
2.183036
2.133255
2.087559
2.057298
2.017503
1.988603
1.958644
1.931257
1.908409
1.894640
1.877844
1.865588
1.855602
1.849398
1.842438
1.839563
1.837444
1.837898
1.837596
1.843194
1.844405
1.852576
1.857720
1.864983
1.869068
1.874969
1.882383
1.890252
1.896455
1.901902
1.905685
1.912797
1.913553
1.918092
1.919757
1.924145
1.925507
1.930803
1.931257
1.935342
