0.01959117
0.01803615
0.01441055
0.01005337
0.00558300
0.00159861
-0.00142598
-0.00322030
-0.00375246
-0.00321566
-0.00197089
-0.00045938
0.00089532
0.00177441
0.00202168
0.00166092
0.00087108
-0.00007319
-0.00088004
-0.00131869
-0.00127835
-0.00079399
-0.00003289
0.00075405
0.00130412
0.00141921
0.00102717
0.00021136
-0.00080108
-0.00169197
-0.00213569
-0.00189527
-0.00090864
0.00065659
0.00239565
0.00371276
0.00391555
0.00234192
-0.00150467
-0.00783844
-0.01651771
-0.02703125
-0.03855045
-0.05003983
-0.06040724
-0.06866708
-0.07408660
-0.07628905
-0.07529522
-0.07149679
-0.06556812
-0.05833428
-0.05062121
-0.04311614
-0.03626379
-0.03021549
-0.02483772
-0.01977460
-0.01454856
-0.00867705
-0.00178104
0.00633541
0.01564834
0.02592371
0.03676808
0.04770608
0.05826622
0.06805601
0.07681128
0.08441126
0.09085934
0.09623738
0.10064679
0.10415227
0.10674250
0.10831738
0.10870484
0.10770274
0.10513552
0.10091143
0.09506612
0.08778129
0.07937277
0.07024914
0.06084891
0.05156882
0.04269842
0.03437435
0.02656435
0.01908433
0.01164532
0.00392098
-0.00437803
-0.01343735
-0.02329306
-0.03381520
-0.04472329
-0.05563013
-0.06610463
-0.07574102
-0.08422103
-0.09135756
-0.09711227
-0.10158509
-0.10497907
-0.10754853
-0.10954131
-0.11114632
-0.11245605
-0.11345012
-0.11400168
-0.11390399
-0.11291103
-0.11078374
-0.10733330
-0.10245395
-0.09614054
-0.08848914
-0.07968224
-0.06996253
-0.05960093
-0.04886456
-0.03798984
-0.02716416
-0.01651751
-0.00612381
0.00399022
0.01383126
0.02342390
0.03279595
0.04196659
0.05093813
0.05969162
0.06818585
0.07635865
0.08412990
0.09140536
0.09808096
0.10404728
0.10919420
0.11341589
0.11661584
0.11871211
0.11964237
0.11936852
0.11788047
0.11519874
0.11137553
0.10649391
0.10066502
0.09402291
0.08671715
0.07890342
0.07073239
0.06233802
0.05382645
0.04526702
0.03668715
0.02807257
0.01937371
0.01051847
0.00143002
-0.00795222
-0.01765186
-0.02763840
-0.03781729
-0.04802962
-0.05806280
-0.06767116
-0.07660417
-0.08463762
-0.09160279
-0.09740811
-0.10204910
-0.10560423
-0.10821670
-0.11006489
-0.11132645
-0.11214231
-0.11258734
-0.11265309
-0.11224617
-0.11120284
-0.10931747
-0.10637970
-0.10221381
-0.09671288
-0.08986190
-0.08174543
-0.07253904
-0.06248616
-0.05186507
-0.04095242
-0.02998980
-0.01915936
-0.00857228
0.00172885
0.01175527
0.02154900
0.03115677
0.04060653
0.04989119
0.05896214
0.06773316
0.07609249
0.08391963
0.09110236
0.09754972
0.10319820
0.10800994
0.11196417
0.11504461
0.11722675
0.11846910
0.11871129
0.11788058
0.11590596
0.11273713
0.10836425
0.10283368
0.09625552
0.08880020
0.08068366
0.07214277
0.06340519
0.05465883
0.04602681
0.03755282
0.02920010
0.02086473
0.01240141
0.00365739
-0.00549127
-0.01510745
-0.02517048
-0.03556742
-0.04609983
-0.05650490
-0.06648753
-0.07575790
-0.08406842
-0.09124390
-0.09720019
-0.10194835
-0.10558414
-0.10826452
-0.11017558
-0.11149691
-0.11236845
-0.11286496
-0.11298205
-0.11263593
-0.11167654
-0.10991196
-0.10714015
-0.10318299
-0.09791743
-0.09129894
-0.08337390
-0.07427900
-0.06422815
-0.05348881
-0.04235156
-0.03109769
-0.01996953
-0.00914806
0.00125917
0.01121830
0.02075810
0.02994991
0.03888234
0.04763495
0.05625571
0.06474541
0.07305167
0.08107267
0.08866943
0.09568377
0.10195824
0.10735411
0.11176439
0.11511968
0.11738687
0.11856174
0.11865809
0.11769687
0.11569808
0.11267799
0.10865226
0.10364426
0.09769607
0.09087900
0.08329998
0.07510095
0.06645002
0.05752484
0.04849078
0.03947802
0.03056251
0.02175546
0.01300459
0.00420839
-0.00475822
-0.01401077
-0.02362079
-0.03358650
-0.04381514
-0.05412107
-0.06424136
-0.07386686
-0.08268402
-0.09042011
-0.09688353
-0.10199156
-0.10578001
-0.10839238
-0.11004992
-0.11100788
-0.11150557
-0.11171948
-0.11172811
-0.11149512
-0.11087399
-0.10963358
-0.10749987
-0.10420633
-0.09954385
-0.09340109
-0.08578841
-0.07684116
-0.06680237
-0.05598848
-0.04474458
-0.03339770
-0.02221626
-0.01138263
-0.00098276
0.00898626
0.01859354
0.02794184
0.03713208
0.04623178
0.05525316
0.06414440
0.07279450
0.08104982
0.08873775
0.09569233
0.10177624
0.10689511
0.11100181
0.11409084
0.11618503
0.11731850
0.11752014
0.11680200
0.11515509
0.11255386
0.10896804
0.10437914
0.09879736
0.09227492
0.08491202
0.07685342
0.06827565
0.05936654
0.05030102
0.04121760
0.03220041
0.02327064
0.01438950
0.00547299
-0.00358402
-0.01287809
-0.02246747
-0.03234759
-0.04243666
-0.05257429
-0.06253413
-0.07204887
-0.08084349
-0.08867171
-0.09534900
-0.10077683
-0.10495346
-0.10796929
-0.10998721
-0.11121095
-0.11184664
-0.11206404
-0.11196409
-0.11155838
-0.11076437
-0.10941739
-0.10729777
-0.10416861
-0.09981814
-0.09409936
-0.08696057
-0.07846128
-0.06877103
-0.05815114
-0.04692246
-0.03542464
-0.02397367
-0.01282475
-0.00214662
0.00798890
0.01760073
0.02677760
0.03564654
0.04433677
0.05294565
0.06151258
0.07000515
0.07831940
0.08629331
0.09373023
0.10042734
0.10620342
0.11092082
0.11449794
0.11691060
0.11818313
0.11837215
0.11754714
0.11577265
0.11309604
0.10954332
0.10512366
0.09984093
0.09370886
0.08676587
0.07908516
0.07077708
0.06198254
0.05285809
0.04355576
0.03420185
0.02487942
0.01561892
0.00639954
-0.00283810
-0.01216991
-0.02166092
-0.03133791
-0.04116786
-0.05104691
-0.06080277
-0.07021087
-0.07902176
-0.08699504
-0.09393346
-0.09971082
-0.10428821
-0.10771519
-0.11011546
-0.11165946
-0.11252886
-0.11287947
-0.11280955
-0.11233929
-0.11140554
-0.10987260
-0.10755713
-0.10426271
-0.09981764
-0.09410918
-0.08710824
-0.07888020
-0.06958041
-0.05943543
-0.04871381
-0.03769190
-0.02662061
-0.01569905
-0.00505889
0.00523847
0.01519238
0.02484392
0.03425137
0.04346541
0.05250838
0.06136128
0.06996018
0.07820177
0.08595624
0.09308417
0.09945380
0.10495522
0.10950915
0.11306901
0.11561699
0.11715569
0.11769795
0.11725781
0.11584479
0.11346295
0.11011506
0.10581038
0.10057435
0.09445718
0.08753899
0.07992955
0.07176184
0.06318017
0.05432462
0.04531478
0.03623598
0.02713112
0.01800006
0.00880745
-0.00050195
-0.00998276
-0.01966699
-0.02954434
-0.03954899
-0.04955539
-0.05938478
-0.06882157
-0.07763747
-0.08561939
-0.09259645
-0.09846129
-0.10318193
-0.10680165
-0.10942679
-0.11120405
-0.11229135
-0.11282681
-0.11290162
-0.11254133
-0.11169913
-0.11026239
-0.10807162
-0.10494856
-0.10072883
-0.09529346
-0.08859391
-0.08066642
-0.07163330
-0.06169093
-0.05108693
-0.04009029
-0.02895981
-0.01791598
-0.00712095
0.00333051
0.01340826
0.02313344
0.03255768
0.04173905
0.05071939
0.05950699
0.06806740
0.07632331
0.08416279
0.09145332
0.09805863
0.10385438
0.10874015
0.11264542
0.11552952
0.11737628
0.11818569
0.11796536
0.11672415
0.11447000
0.11121249
0.10696946
0.10177561
0.09569068
0.08880416
0.08123459
0.07312247
0.06461713
0.05585989
0.04696643
0.03801229
0.02902484
0.01998416
0.01083364
0.00149902
-0.00808697
-0.01795895
-0.02809693
-0.03841271
-0.04874789
-0.05888460
-0.06856805
-0.07753733
-0.08555949
-0.09246094
-0.09815054
-0.10262989
-0.10598866
-0.10838529
-0.11001607
-0.11107774
-0.11172996
-0.11206434
-0.11208529
-0.11170651
-0.11076367
-0.10904149
-0.10631069
-0.10236851
-0.09707604
-0.09038606
-0.08235668
-0.07314857
-0.06300651
-0.05222828
-0.04112653
-0.02998991
-0.01904997
-0.00845911
0.00171713
0.01149272
0.02094081
0.03016438
0.03926360
0.04830572
0.05730288
0.06620138
0.07488387
0.08318344
0.09090641
0.09785932
0.10387471
0.10883111
0.11266377
0.11536457
0.11697213
0.11755451
0.11718877
0.11594199
0.11385775
0.11095098
0.10721199
0.10261857
0.09715316
0.09082075
0.08366327
0.07576659
0.06725788
0.05829347
0.04903901
0.03964620
0.03023077
0.02085695
0.01153221
0.00221429
-0.00717018
-0.01669847
-0.02642120
-0.03633460
-0.04636174
-0.05634724
-0.06606769
-0.07525683
-0.08364157
-0.09098249
-0.09711125
-0.10195747
-0.10555928
-0.10805486
-0.10965551
-0.11060463
-0.11112978
-0.11139650
-0.11147280
-0.11131115
-0.11075191
-0.10954835
-0.10740899
-0.10405007
-0.09924872
-0.09288735
-0.08498099
-0.07568283
-0.06526670
-0.05408993
-0.04254319
-0.03099636
-0.01975018
-0.00900195
0.00116913
0.01079500
0.01999259
0.02892397
0.03775091
0.04659264
0.05549441
0.06441235
0.07321651
0.08171038
0.08966233
0.09684195
0.10305407
0.10816382
0.11210857
0.11489516
0.11658444
0.11726707
0.11703672
0.11596661
0.11409460
0.11141960
0.10790978
0.10352008
0.09821463
0.09198861
0.08488423
0.07699683
0.06846943
0.05947650
0.05020016
0.04080388
0.03140922
0.02208076
0.01282269
0.00358818
-0.00570006
-0.01512178
-0.02472943
-0.03452250
-0.04443135
-0.05431404
-0.06396736
-0.07315023
-0.08161557
-0.08914477
-0.09557846
-0.10083785
-0.10493253
-0.10795328
-0.11005083
-0.11140446
-0.11218598
-0.11252541
-0.11248469
-0.11204394
-0.11110286
-0.10949714
-0.10702695
-0.10349270
-0.09873192
-0.09265101
-0.08524651
-0.07661244
-0.06693251
-0.05645892
-0.04548126
-0.03429092
-0.02314696
-0.01224896
-0.00172092
0.00839141
0.01811018
0.02750430
0.03666187
0.04566116
0.05454545
0.06330589
0.07187520
0.08013265
0.08791888
0.09505746
0.10137868
0.10674111
0.11104716
0.11424984
0.11635032
0.11738732
0.11742117
0.11651638
0.11472665
0.11208560
0.10860514
0.10428152
0.09910756
0.09308774
0.08625237
0.07866711
0.07043491
0.06168941
0.05258044
0.04325455
0.03383446
0.02440221
0.01499009
0.00558214
-0.00387329
-0.01344162
-0.02317471
-0.03308359
-0.04311711
-0.05315144
-0.06299363
-0.07239969
-0.08110464
-0.08885962
-0.09546914
-0.10082137
-0.10490528
-0.10781050
-0.10970943
-0.11082378
-0.11138172
-0.11157296
-0.11151035
-0.11120525
-0.11056168
-0.10939073
-0.10744305
-0.10445365
-0.10019118
-0.09450268
-0.08734571
-0.07880226
-0.06907191
-0.05844581
-0.04726639
-0.03588018
-0.02459242
-0.01363120
-0.00312712
0.00688868
0.01646897
0.02572109
0.03477037
0.04372334
0.05263778
0.06150466
0.07024447
0.07871745
0.08674447
0.09413372
0.10070724
0.10632219
0.11088329
0.11434487
0.11670363
0.11798498
0.11822712
0.11746716
0.11573269
0.11304052
0.10940257
0.10483663
0.09937873
0.09309313
0.08607669
0.07845536
0.07037287
0.06197338
0.05338154
0.04468446
0.03591980
0.02707345
0.01808800
0.00888138
-0.00062744
-0.01049030
-0.02070473
-0.03119712
-0.04181779
-0.05234985
-0.06253090
-0.07208417
-0.08075402
-0.08833953
-0.09472033
-0.09986987
-0.10385370
-0.10681286
-0.10893504
-0.11041854
-0.11143505
-0.11209766
-0.11243949
-0.11240651
-0.11186571
-0.11062704
-0.10847551
-0.10520791
-0.10066814
-0.09477555
-0.08754167
-0.07907317
-0.06956075
-0.05925629
-0.04844214
-0.03739773
-0.02636884
-0.01554407
-0.00504192
0.00509024
0.01486582
0.02433989
0.03358487
0.04266554
0.05161765
0.06043339
0.06905582
0.07738259
0.08527749
0.09258734
0.09916074
0.10486507
0.10959899
0.11329844
0.11593571
0.11751269
0.11805037
0.11757741
0.11612080
0.11370077
0.11033118
0.10602520
0.10080474
0.09471096
0.08781296
0.08021164
0.07203697
0.06343810
0.05456754
0.04556208
0.03652425
0.02750852
0.01851554
0.00949697
0.00037083
-0.00895441
-0.01855109
-0.02844398
-0.03858827
-0.04885845
-0.05905154
-0.06890509
-0.07812778
-0.08643794
-0.09360337
-0.09947519
-0.10400933
-0.10727115
-0.10942153
-0.11068622
-0.11131348
-0.11152717
-0.11148368
-0.11124054
-0.11074273
-0.10982937
-0.10826024
-0.10575751
-0.10205568
-0.09695091
-0.09034109
-0.08224976
-0.07282954
-0.06234488
-0.05113715
-0.03957840
-0.02802192
-0.01675820
-0.00598345
0.00421443
0.01385080
0.02302223
0.03187200
0.04055029
0.04917617
0.05780815
0.06642796
0.07493939
0.08318144
0.09095203
0.09803725
0.10424032
0.10940492
0.11342941
0.11627016
0.11793493
0.11846887
0.11793710
0.11640808
0.11394139
0.11058216
0.10636269
0.10130987
0.09545592
0.08884890
0.08155993
0.07368468
0.06533812
0.05664341
0.04771712
0.03865400
0.02951496
0.02032137
0.01105762
0.00168215
-0.00785456
-0.01758822
-0.02751917
-0.03759557
-0.04770491
-0.05767624
-0.06729353
-0.07631846
-0.08451926
-0.09170066
-0.09772989
-0.10255391
-0.10620454
-0.10879013
-0.11047468
-0.11144765
-0.11188920
-0.11193682
-0.11165887
-0.11103987
-0.10998017
-0.10831050
-0.10581922
-0.10228798
-0.09753010
-0.09142524
-0.08394481
-0.07516374
-0.06525669
-0.05447934
-0.04313785
-0.03155148
-0.02001469
-0.00876460
0.00204072
0.01233019
0.02211300
0.03145894
0.04046985
0.04924749
0.05786371
0.06633806
0.07462655
0.08262313
0.09017274
0.09709327
0.10320157
0.10833865
0.11238940
0.11529331
0.11704500
0.11768525
0.11728499
0.11592640
0.11368526
0.11061845
0.10675899
0.10211936
0.09670163
0.09051172
0.08357369
0.07594039
0.06769746
0.05895910
0.04985634
0.04052015
0.03106316
0.02156440
0.01206093
0.00254895
-0.00700503
-0.01664476
-0.02640018
-0.03626373
-0.04617243
-0.05599992
-0.06556145
-0.07463139
-0.08297124
-0.09036279
-0.09664060
-0.10171719
-0.10559569
-0.10836696
-0.11019091
-0.11126498
-0.11178532
-0.11190757
-0.11171473
-0.11119833
-0.11025652
-0.10871001
-0.10633322
-0.10289509
-0.09820243
-0.09213804
-0.08468673
-0.07594481
-0.06611147
-0.05546381
-0.04432021
-0.03299866
-0.02177728
-0.01086389
-0.00037924
0.00964390
0.01924665
0.02851834
0.03756478
0.04647634
0.05530188
0.06403250
0.07259737
0.08087135
0.08869184
0.09588089
0.10226805
0.10770965
0.11210140
0.11538290
0.11753451
0.11856845
0.11851712
0.11742180
0.11532445
0.11226418
0.10827865
0.10340932
0.09770830
0.09124443
0.08410601
0.07639887
0.06823924
0.05974266
0.05101096
0.04212023
0.03311277
0.02399524
0.01474430
0.00531924
-0.00432003
-0.01419302
-0.02428027
-0.03451039
-0.04475552
-0.05483674
-0.06453916
-0.07363490
-0.08191011
-0.08919180
-0.09536965
-0.10040895
-0.10435195
-0.10730711
-0.10942751
-0.11088181
-0.11182246
-0.11235642
-0.11252335
-0.11228523
-0.11152929
-0.11008420
-0.10774701
-0.10431676
-0.09962928
-0.09358766
-0.08618337
-0.07750464
-0.06773074
-0.05711306
-0.04594613
-0.03453328
-0.02315234
-0.01202691
-0.00130737
0.00893556
0.01870447
0.02805770
0.03708407
0.04587476
0.05449699
0.06297424
0.07127566
0.07931610
0.08696591
0.09406806
0.10045882
0.10598823
0.11053635
0.11402305
0.11641011
0.11769632
0.11790753
0.11708459
0.11527227
0.11251172
0.10883811
0.10428331
0.09888273
0.09268352
0.08575179
0.07817591
0.07006441
0.06153802
0.05271713
0.04370709
0.03458470
0.02538937
0.01612156
0.00674989
-0.00277366
-0.01249275
-0.02242380
-0.03253582
-0.04273744
-0.05287453
-0.06273992
-0.07209430
-0.08069538
-0.08833016
-0.09484459
-0.10016490
-0.10430628
-0.10736652
-0.10950552
-0.11091354
-0.11177394
-0.11222689
-0.11234073
-0.11209641
-0.11138805
-0.11003976
-0.10783609
-0.10456062
-0.10003607
-0.09415877
-0.08692155
-0.07842103
-0.06884838
-0.05846528
-0.04756968
-0.03645749
-0.02538691
-0.01455135
-0.00406531
0.00603538
0.01577963
0.02523716
0.03448949
0.04360161
0.05259961
0.06145781
0.07009729
0.07839504
0.08620108
0.09335951
0.09972898
0.10519849
0.10969577
0.11318731
0.11567085
0.11716307
0.11768572
0.11725404
0.11587047
0.11352505
0.11020268
0.10589529
0.10061588
0.09441076
0.08736649
0.07960907
0.07129464
0.06259274
0.05366492
0.04464297
0.03561119
0.02659672
0.01757077
0.00846126
-0.00082464
-0.01037186
-0.02022764
-0.03037655
-0.04072531
-0.05110118
-0.06126489
-0.07093709
-0.07983383
-0.08770553
-0.09437237
-0.09974965
-0.10385818
-0.10681723
-0.10882077
-0.11010052
-0.11088216
-0.11134219
-0.11157317
-0.11156364
-0.11119677
-0.11026817
-0.10852028
-0.10568744
-0.10154388
-0.09594646
-0.08886437
-0.08039098
-0.07073538
-0.06019549
-0.04911739
-0.03784810
-0.02669007
-0.01586536
-0.00549520
0.00440171
0.01389297
0.02310165
0.03216738
0.04120676
0.05028058
0.05937347
0.06838951
0.07716350
0.08548524
0.09313120
0.09989725
0.10562582
0.11022270
0.11366074
0.11597076
0.11722253
0.11750072
0.11688158
0.11541549
0.11311946
0.10998051
0.10596911
0.10105883
0.09524723
0.08857256
0.08112192
0.07302802
0.06445494
0.05557528
0.04654356
0.03747181
0.02841303
0.01935673
0.01023852
0.00096246
-0.00856764
-0.01841409
-0.02857549
-0.03896742
-0.04941856
-0.05968375
-0.06947252
-0.07848828
-0.08647111
-0.09323631
-0.09870109
-0.10289432
-0.10594692
-0.10806439
-0.10948622
-0.11043950
-0.11109503
-0.11153399
-0.11173129
-0.11155829
-0.11080468
-0.10921517
-0.10653445
-0.10255246
-0.09714206
-0.09028271
-0.08206681
-0.07268800
-0.06241450
-0.05155260
-0.04040710
-0.02924560
-0.01827222
-0.00761451
0.00267554
0.01260803
0.02223292
0.03161393
0.04080387
0.04982566
0.05866177
0.06725309
0.07550603
0.08330528
0.09052892
0.09706240
0.10280874
0.10769344
0.11166393
0.11468502
0.11673221
0.11778547
0.11782548
0.11683383
0.11479713
0.11171421
0.10760455
0.10251547
0.09652584
0.08974486
0.08230502
0.07435017
0.06602032
0.05743604
0.04868512
0.03981464
0.03082999
0.02170179
0.01237988
0.00281224
-0.00703414
-0.01715426
-0.02749129
-0.03793079
-0.04830441
-0.05840300
-0.06799737
-0.07686371
-0.08480974
-0.09169717
-0.09745695
-0.10209446
-0.10568358
-0.10835034
-0.11024845
-0.11153072
-0.11232068
-0.11268927
-0.11264046
-0.11210821
-0.11096571
-0.10904543
-0.10616696
-0.10216820
-0.09693486
-0.09042342
-0.08267383
-0.07380979
-0.06402670
-0.05356916
-0.04270199
-0.03167944
-0.02071773
-0.00997536
0.00045600
0.01054877
0.02032621
0.02984133
0.03915229
0.04829900
0.05728495
0.06606759
0.07455841
0.08263209
0.09014246
0.09694160
0.10289813
0.10791110
0.11191704
0.11488933
0.11683075
0.11776179
0.11770776
0.11668833
0.11471225
0.11177853
0.10788402
0.10303533
0.09726204
0.09062753
0.08323387
0.07521891
0.06674468
0.05797896
0.04907308
0.04014040
0.03124036
0.02237181
0.01347819
0.00446440
-0.00477680
-0.01433347
-0.02424403
-0.03447351
-0.04490183
-0.05532683
-0.06548275
-0.07507133
-0.08380068
-0.09142513
-0.09777908
-0.10279851
-0.10652609
-0.10909870
-0.11071926
-0.11161767
-0.11200766
-0.11204718
-0.11180921
-0.11126822
-0.11030448
-0.10872546
-0.10630051
-0.10280251
-0.09804951
-0.09193906
-0.08446964
-0.07574594
-0.06596751
-0.05540332
-0.04435689
-0.03312823
-0.02197895
-0.01110597
-0.00062773
0.00941595
0.01905130
0.02834841
0.03739419
0.04626519
0.05500517
0.06361065
0.07202608
0.08014863
0.08784054
0.09494623
0.10131063
0.10679539
0.11129075
0.11472139
0.11704670
0.11825630
0.11836288
0.11739449
0.11538825
0.11238677
0.10843766
0.10359556
0.09792544
0.09150550
0.08442798
0.07679686
0.06872196
0.06031011
0.05165483
0.04282663
0.03386617
0.02478217
0.01555555
0.00614953
-0.00347507
-0.01334181
-0.02344084
-0.03371479
-0.04405121
-0.05428380
-0.06420306
-0.07357549
-0.08216871
-0.08977895
-0.09625616
-0.10152270
-0.10558183
-0.10851424
-0.11046239
-0.11160493
-0.11212490
-0.11217687
-0.11185856
-0.11119179
-0.11011637
-0.10849835
-0.10615160
-0.10286954
-0.09846183
-0.09279004
-0.08579636
-0.07752035
-0.06810089
-0.05776299
-0.04679144
-0.03549577
-0.02417240
-0.01307012
-0.00236458
0.00785436
0.01758053
0.02687584
0.03584401
0.04459895
0.05323320
0.06179206
0.07025758
0.07854466
0.08650928
0.09396674
0.10071600
0.10656563
0.11135661
0.11497844
0.11737633
0.11854934
0.11854090
0.11742447
0.11528790
0.11221971
0.10829980
0.10359582
0.09816478
0.09205853
0.08533057
0.07804169
0.07026238
0.06207079
0.05354669
0.04476267
0.03577504
0.02661726
0.01729817
0.00780652
-0.00187818
-0.01177005
-0.02185922
-0.03209597
-0.04238028
-0.05255975
-0.06243751
-0.07178971
-0.08039033
-0.08803929
-0.09458908
-0.09996482
-0.10417355
-0.10730068
-0.10949317
-0.11093194
-0.11179782
-0.11223687
-0.11233102
-0.11207963
-0.11139541
-0.11011601
-0.10802972
-0.10491126
-0.10056176
-0.09484631
-0.08772259
-0.07925567
-0.06961645
-0.05906379
-0.04791339
-0.03649844
-0.02512869
-0.01405457
-0.00344215
0.00663735
0.01620206
0.02533975
0.03417758
0.04284704
0.05145027
0.06003345
0.06857160
0.07696689
0.08505992
0.09265145
0.09953000
0.10550018
0.11040650
0.11414900
0.11668823
0.11803999
0.11826151
0.11743301
0.11563867
0.11295125
0.10942342
0.10508701
0.09995992
0.09405810
0.08740930
0.08006471
0.07210499
0.06363879
0.05479336
0.04569908
0.03647114
0.02719262
0.01790334
0.00859755
-0.00076780
-0.01025510
-0.01992134
-0.02979132
-0.03983442
-0.04995014
-0.05996637
-0.06965190
-0.07874196
-0.08697278
-0.09411920
-0.10002822
-0.10464191
-0.10800479
-0.11025332
-0.11158891
-0.11223871
-0.11241112
-0.11225419
-0.11182484
-0.11107494
-0.10985727
-0.10795081
-0.10510110
-0.10106833
-0.09567470
-0.08884221
-0.08061389
-0.07115476
-0.06073223
-0.04967961
-0.03834955
-0.02706590
-0.01608257
-0.00555670
0.00445978
0.01400923
0.02320120
0.03217480
0.04105836
0.04993401
0.05881378
0.06763101
0.07624779
0.08447590
0.09210614
0.09893969
0.10481491
0.10962471
0.11332165
0.11591096
0.11743417
0.11794820
0.11750516
0.11613799
0.11385525
0.11064598
0.10649324
0.10139235
0.09536915
0.08849297
0.08088048
0.07268847
0.06409631
0.05528129
0.04639182
0.03752449
0.02871026
0.01991358
0.01104544
0.00198875
-0.00736857
-0.01709890
-0.02720563
-0.03760523
-0.04812486
-0.05851662
-0.06848648
-0.07773290
-0.08598850
-0.09305695
-0.09883870
-0.10334045
-0.10666695
-0.10899626
-0.11054320
-0.11151745
-0.11208375
-0.11233130
-0.11225747
-0.11176849
-0.11069664
-0.10883051
-0.10595296
-0.10187991
-0.09649358
-0.08976467
-0.08176045
-0.07263794
-0.06262415
-0.05198727
-0.04100403
-0.02992859
-0.01896787
-0.00826654
0.00209688
0.01210323
0.02177752
0.03116878
0.04032861
0.04929228
0.05806500
0.06661498
0.07487358
0.08274154
0.09009947
0.09682023
0.10278101
0.10787321
0.11200904
0.11512438
0.11717854
0.11815177
0.11804181
0.11686064
0.11463251
0.11139331
0.10719139
0.10208898
0.09616324
0.08950602
0.08222126
0.07441997
0.06621280
0.05770121
0.04896860
0.04007316
0.03104415
0.02188280
0.01256854
0.00307016
-0.00663939
-0.01656677
-0.02668335
-0.03691439
-0.04713489
-0.05717354
-0.06682495
-0.07586914
-0.08409544
-0.09132731
-0.09744394
-0.10239475
-0.10620383
-0.10896310
-0.11081451
-0.11192401
-0.11245114
-0.11251931
-0.11219199
-0.11145899
-0.11023564
-0.10837534
-0.10569372
-0.10200067
-0.09713473
-0.09099432
-0.08356028
-0.07490605
-0.06519373
-0.05465675
-0.04357235
-0.03222845
-0.02089068
-0.00977492
0.00097036
0.01126967
0.02111379
0.03054293
0.03962344
0.04842285
0.05698772
0.06532806
0.07341042
0.08116000
0.08847016
0.09521668
0.10127322
0.10652481
0.11087702
0.11425969
0.11662560
0.11794578
0.11820365
0.11739050
0.11550411
0.11255118
0.10855307
0.10355322
0.09762353
0.09086745
0.08341746
0.07542633
0.06705269
0.05844312
0.04971403
0.04093720
0.03213228
0.02326882
0.01427819
0.00507417
-0.00442106
-0.01425027
-0.02439868
-0.03478040
-0.04523684
-0.05554817
-0.06545639
-0.07469646
-0.08303032
-0.09027772
-0.09633858
-0.10120254
-0.10494415
-0.10770407
-0.10965984
-0.11099094
-0.11184456
-0.11230776
-0.11239098
-0.11202555
-0.11107560
-0.10936190
-0.10669373
-0.10290284
-0.09787413
-0.09156770
-0.08402910
-0.07538640
-0.06583517
-0.05561415
-0.04497635
-0.03416012
-0.02336506
-0.01273622
-0.00235845
0.00773899
0.01756927
0.02716926
0.03657895
0.04582259
0.05489479
0.06375331
0.07231930
0.08048399
0.08812018
0.09509591
0.10128772
0.10659121
0.11092749
0.11424499
0.11651716
0.11773728
0.11791219
0.11705675
0.11519040
0.11233662
0.10852524
0.10379669
0.09820677
0.09183022
0.08476148
0.07711157
0.06900104
0.06054953
0.05186367
0.04302560
0.03408451
0.02505336
0.01591221
0.00661836
-0.00287781
-0.01261351
-0.02259395
-0.03277618
-0.04305957
-0.05328541
-0.06324649
-0.07270611
-0.08142377
-0.08918388
-0.09582264
-0.10124862
-0.10545310
-0.10850793
-0.11055084
-0.11176011
-0.11232243
-0.11239942
-0.11209811
-0.11145076
-0.11040746
-0.10884311
-0.10657780
-0.10340736
-0.09913914
-0.09362695
-0.08679966
-0.07867841
-0.06938012
-0.05910651
-0.04812103
-0.03671750
-0.02518587
-0.01378072
-0.00269721
0.00794183
0.01808657
0.02774935
0.03698503
0.04586662
0.05446067
0.06280679
0.07090419
0.07870694
0.08612793
0.09304957
0.09933880
0.10486302
0.10950422
0.11316886
0.11579282
0.11734131
0.11780509
0.11719471
0.11553482
0.11285998
0.10921291
0.10464517
0.09921923
0.09301084
0.08610980
0.07861820
0.07064532
0.06229970
0.05367938
0.04486244
0.03589975
0.02681207
0.01759267
0.00821583
-0.00134976
-0.01112468
-0.02110235
-0.03123556
-0.04142877
-0.05153805
-0.06137950
-0.07074522
-0.07942469
-0.08722839
-0.09400968
-0.09968141
-0.10422422
-0.10768485
-0.11016450
-0.11179877
-0.11273235
-0.11309238
-0.11296500
-0.11237874
-0.11129793
-0.10962719
-0.10722652
-0.10393489
-0.09959843
-0.09409899
-0.08737828
-0.07945387
-0.07042437
-0.06046281
-0.04979948
-0.03869671
-0.02741974
-0.01620824
-0.00525293
0.00531924
0.01544915
0.02513878
0.03443510
0.04340787
0.05212517
0.06063118
0.06892977
0.07697646
0.08467970
0.09191068
0.09851937
0.10435344
0.10927656
0.11318267
0.11600406
0.11771246
0.11831370
0.11783807
0.11632892
0.11383268
0.11039240
0.10604640
0.10083180
0.09479159
0.08798289
0.08048355
0.07239450
0.06383637
0.05494019
0.04583340
0.03662416
0.02738730
0.01815558
0.00891904
-0.00036644
-0.00976191
-0.01932236
-0.02907198
-0.03898294
-0.04896221
-0.05885012
-0.06843186
-0.07746087
-0.08569046
-0.09290804
-0.09896571
-0.10380097
-0.10744341
-0.11000517
-0.11165660
-0.11259119
-0.11298597
-0.11296501
-0.11257280
-0.11176310
-0.11040539
-0.10830837
-0.10525610
-0.10105031
-0.09555104
-0.08870792
-0.08057636
-0.07131568
-0.06116960
-0.05043286
-0.03941047
-0.02837693
-0.01754316
-0.00703676
0.00310127
0.01290359
0.02245058
0.03183718
0.04113934
0.05038664
0.05954625
0.06852077
0.07715947
0.08528010
0.09269595
0.09924250
0.10479815
0.10929519
0.11271940
0.11509945
0.11648911
0.11694709
0.11651939
0.11522827
0.11307039
0.11002416
0.10606441
0.10118032
0.09539220
0.08876246
0.08139763
0.07344037
0.06505245
0.05639205
0.04759019
0.03873128
0.02984257
0.02089510
0.01181690
0.00251625
-0.00708896
-0.01704157
-0.02732085
-0.03782879
-0.04838989
-0.05876546
-0.06867998
-0.07785545
-0.08604767
-0.09307817
-0.09885602
-0.10338586
-0.10676055
-0.10913975
-0.11071823
-0.11168935
-0.11220982
-0.11237183
-0.11218694
-0.11158433
-0.11042327
-0.10851752
-0.10566750
-0.10169466
-0.09647265
-0.08995046
-0.08216419
-0.07323607
-0.06336141
-0.05278614
-0.04177858
-0.03060017
-0.01947945
-0.00859286
0.00194529
0.01208289
0.02182113
0.03119860
0.04027155
0.04909366
0.05769837
0.06608637
0.07421959
0.08202195
0.08938614
0.09618462
0.10228273
0.10755169
0.11187944
0.11517820
0.11738801
0.11847687
0.11843799
0.11728591
0.11505237
0.11178331
0.10753725
0.10238512
0.09641060
0.08971019
0.08239149
0.07456929
0.06635874
0.05786657
0.04918129
0.04036452
0.03144540
0.02242003
0.01325709
0.00390955
-0.00566846
-0.01550245
-0.02557904
-0.03583188
-0.04613520
-0.05630725
-0.06612389
-0.07534135
-0.08372461
-0.09107717
-0.09726685
-0.10224294
-0.10604103
-0.10877400
-0.11060998
-0.11174061
-0.11234471
-0.11255367
-0.11242470
-0.11192711
-0.11094426
-0.10929156
-0.10674762
-0.10309348
-0.09815331
-0.09182940
-0.08412550
-0.07515424
-0.06512748
-0.05433112
-0.04308887
-0.03172113
-0.02050606
-0.00964927
0.00073313
0.01061570
0.02004980
0.02913766
0.03799981
0.04674169
0.05542552
0.06405205
0.07255461
0.08080574
0.08863422
0.09584855
0.10226220
0.10771592
0.11209339
0.11532820
0.11740206
0.11833569
0.11817554
0.11697965
0.11480595
0.11170543
0.10772088
0.10289098
0.09725762
0.09087393
0.08381029
0.07615614
0.06801636
0.05950275
0.05072199
0.04176288
0.03268585
0.02351754
0.01425232
0.00486113
-0.00469326
-0.01443745
-0.02436826
-0.03443741
-0.04454320
-0.05453157
-0.06420700
-0.07335212
-0.08175287
-0.08922503
-0.09563761
-0.10092854
-0.10510982
-0.10826069
-0.11050966
-0.11200824
-0.11290077
-0.11329553
-0.11324219
-0.11271981
-0.11163772
-0.10984932
-0.10717687
-0.10344318
-0.09850481
-0.09228138
-0.08477579
-0.07608197
-0.06637884
-0.05591128
-0.04496145
-0.03381513
-0.02272867
-0.01190191
-0.00146134
0.00854408
0.01813432
0.02737885
0.03637027
0.04519586
0.05391210
0.06252640
0.07098889
0.07919507
0.08699806
0.09422774
0.10071259
0.10630027
0.11087321
0.11435688
0.11672006
0.11796816
0.11813191
0.11725462
0.11538128
0.11255190
0.10880042
0.10415888
0.09866529
0.09237243
0.08535464
0.07771009
0.06955695
0.06102358
0.05223424
0.04329338
0.03427200
0.02519961
0.01606434
0.00682223
-0.00258549
-0.01220968
-0.02206970
-0.03213348
-0.04230594
-0.05242852
-0.06229101
-0.07165421
-0.08027971
-0.08796166
-0.09455455
-0.09999180
-0.10429124
-0.10754619
-0.10990345
-0.11153195
-0.11258781
-0.11318213
-0.11335755
-0.11307788
-0.11223282
-0.11065687
-0.10815911
-0.10455825
-0.09971694
-0.09356909
-0.08613574
-0.07752701
-0.06793029
-0.05758736
-0.04676469
-0.03572254
-0.02468783
-0.01383515
-0.00327809
0.00692865
0.01677827
0.02629496
0.03551488
0.04446895
0.05317001
0.06160610
0.06973968
0.07751184
0.08484911
0.09167081
0.09789496
0.10344154
0.10823320
0.11219408
0.11524844
0.11732060
0.11833761
0.11823505
0.11696569
0.11450937
0.11088215
0.10614245
0.10039200
0.09377071
0.08644531
0.07859305
0.07038290
0.06195721
0.05341704
0.04481375
0.03614863
0.02738086
0.01844270
0.00925950
-0.00022846
-0.01004604
-0.02016822
-0.03051260
-0.04094043
-0.05126624
-0.06127456
-0.07074123
-0.07945639
-0.08724568
-0.09398690
-0.09961966
-0.10414701
-0.10762871
-0.11016718
-0.11188809
-0.11291833
-0.11336422
-0.11329324
-0.11272176
-0.11161079
-0.10987053
-0.10737355
-0.10397480
-0.09953600
-0.09395085
-0.08716736
-0.07920378
-0.07015526
-0.06019001
-0.04953486
-0.03845230
-0.02721198
-0.01606136
-0.00519971
0.00524003
0.01519872
0.02468668
0.03376816
0.04253751
0.05109114
0.05950025
0.06778907
0.07592223
0.08380336
0.09128477
0.09818596
0.10431742
0.10950505
0.11361074
0.11654570
0.11827465
0.11881101
0.11820503
0.11652825
0.11385798
0.11026552
0.10581038
0.10054127
0.09450272
0.08774494
0.08033327
0.07235415
0.06391484
0.05513626
0.04613983
0.03703108
0.02788400
0.01873031
0.00955713
0.00031484
-0.00906524
-0.01864620
-0.02845840
-0.03847568
-0.04860021
-0.05866028
-0.06842259
-0.07761799
-0.08597661
-0.09326617
-0.09932635
-0.10409224
-0.10760204
-0.10998674
-0.11144318
-0.11219493
-0.11244822
-0.11235090
-0.11196241
-0.11124037
-0.11004678
-0.10817256
-0.10537633
-0.10143011
-0.09616376
-0.08949989
-0.08147327
-0.07223136
-0.06201628
-0.05113199
-0.03990298
-0.02863203
-0.01756447
-0.00686493
0.00339036
0.01320537
0.02264304
0.03179608
0.04075568
0.04958440
0.05829759
0.06685600
0.07516973
0.08311117
0.09053339
0.09728952
0.10324903
0.10830825
0.11239380
0.11545976
0.11748062
0.11844290
0.11833852
0.11716205
0.11491267
0.11160054
0.10725530
0.10193436
0.09572774
0.08875754
0.08117069
0.07312576
0.06477552
0.05624873
0.04763453
0.03897306
0.03025451
0.02142752
0.01241597
0.00314144
-0.00645246
-0.01637821
-0.02658908
-0.03697324
-0.04735877
-0.05752887
-0.06724498
-0.07627405
-0.08441560
-0.09152401
-0.09752264
-0.10240748
-0.10623987
-0.10912978
-0.11121221
-0.11262087
-0.11346311
-0.11380013
-0.11363558
-0.11291394
-0.11152911
-0.10934153
-0.10620131
-0.10197372
-0.09656332
-0.08993317
-0.08211626
-0.07321773
-0.06340745
-0.05290431
-0.04195438
-0.03080625
-0.01968695
-0.00878192
0.00177836
0.01192326
0.02163833
0.03095364
0.03992653
0.04862149
0.05709045
0.06535642
0.07340291
0.08117039
0.08855985
0.09544249
0.10167345
0.10710713
0.11161160
0.11507994
0.11743711
0.11864218
0.11868633
0.11758791
0.11538639
0.11213659
0.10790449
0.10276506
0.09680184
0.09010716
0.08278208
0.07493441
0.06667443
0.05810796
0.04932789
0.04040564
0.03138455
0.02227740
0.01306933
0.00372672
-0.00578863
-0.01550222
-0.02540922
-0.03546014
-0.04555279
-0.05553287
-0.06520413
-0.07434688
-0.08274256
-0.09020019
-0.09658018
-0.10181123
-0.10589692
-0.10891046
-0.11097818
-0.11225422
-0.11289074
-0.11300891
-0.11267548
-0.11188952
-0.11058136
-0.10862430
-0.10585691
-0.10211223
-0.09724875
-0.09117801
-0.08388424
-0.07543289
-0.06596694
-0.05569205
-0.04485319
-0.03370704
-0.02249464
-0.01141856
-0.00062786
0.00978756
0.01979313
0.02939794
0.03863796
0.04755736
0.05619121
0.06455206
0.07262214
0.08035140
0.08766100
0.09445058
0.10060774
0.10601775
0.11057211
0.11417517
0.11674847
0.11823329
0.11859186
0.11780815
0.11588857
0.11286281
0.10878460
0.10373170
0.09780437
0.09112173
0.08381545
0.07602106
0.06786756
0.05946657
0.05090269
0.04222681
0.03345390
0.02456613
0.01552159
0.00626782
-0.00324165
-0.01302987
-0.02308112
-0.03333015
-0.04365812
-0.05389659
-0.06383949
-0.07326180
-0.08194250
-0.08968862
-0.09635641
-0.10186657
-0.10621052
-0.10944655
-0.11168604
-0.11307157
-0.11375030
-0.11384682
-0.11343995
-0.11254756
-0.11112222
-0.10905864
-0.10621210
-0.10242499
-0.09755706
-0.09151452
-0.08427272
-0.07588867
-0.06650100
-0.05631718
-0.04559023
-0.03458862
-0.02356468
-0.01272659
-0.00221884
0.00788599
0.01758307
0.02691997
0.03597352
0.04482319
0.05352610
0.06209799
0.07050323
0.07865508
0.08642531
0.09366058
0.10020198
0.10590354
0.11064646
0.11434675
0.11695582
0.11845513
0.11884734
0.11814702
0.11637382
0.11354995
0.10970284
0.10487170
0.09911591
0.09252207
0.08520687
0.07731339
0.06900048
0.06042610
0.05172764
0.04300306
0.03429735
0.02559783
0.01684039
0.00792686
-0.00124923
-0.01077244
-0.02067676
-0.03092388
-0.04139326
-0.05188664
-0.06214680
-0.07188802
-0.08083285
-0.08874888
-0.09547876
-0.10095800
-0.10521727
-0.10836870
-0.11057895
-0.11203381
-0.11290114
-0.11329866
-0.11327251
-0.11279011
-0.11174816
-0.10999382
-0.10735483
-0.10367267
-0.09883284
-0.09278694
-0.08556325
-0.07726469
-0.06805552
-0.05813991
-0.04773698
-0.03705680
-0.02628144
-0.01555341
-0.00497260
0.00539949
0.01553008
0.02540314
0.03500778
0.04432917
0.05334324
0.06201514
0.07030051
0.07814809
0.08550223
0.09230417
0.09849159
0.10399710
0.10874653
0.11265848
0.11564633
0.11762343
0.11851123
0.11824944
0.11680635
0.11418730
0.11043923
0.10565003
0.09994212
0.09346100
0.08636041
0.07878642
0.07086319
0.06268260
0.05429949
0.04573306
0.03697407
0.02799626
0.01877002
0.00927605
-0.00048310
-0.01047516
-0.02063461
-0.03086366
-0.04103712
-0.05101003
-0.06062716
-0.06973308
-0.07818214
-0.08584754
-0.09262904
-0.09845886
-0.10330513
-0.10717245
-0.11009896
-0.11214951
-0.11340528
-0.11395030
-0.11385655
-0.11316969
-0.11189772
-0.11000526
-0.10741508
-0.10401776
-0.09968895
-0.09431200
-0.08780273
-0.08013203
-0.07134228
-0.06155380
-0.05095979
-0.03980949
-0.02838190
-0.01695413
-0.00576958
0.00498857
0.01521391
0.02488038
0.03403235
0.04276297
0.05118493
0.05939898
0.06746598
0.07538757
0.08309863
0.09047256
0.09733777
0.10350185
0.10877836
0.11301124
0.11609233
0.11796937
0.11864394
0.11816088
0.11659251
0.11402162
0.11052740
0.10617708
0.10102455
0.09511538
0.08849590
0.08122297
0.07337109
0.06503399
0.05631974
0.04733980
0.03819461
0.02895930
0.01967344
0.01033822
0.00092281
-0.00862037
-0.01833393
-0.02823170
-0.03827778
-0.04837358
-0.05835649
-0.06801147
-0.07709442
-0.08536358
-0.09261317
-0.09870287
-0.10357718
-0.10727051
-0.10989633
-0.11162221
-0.11263489
-0.11310204
-0.11313779
-0.11277877
-0.11197527
-0.11059937
-0.10846862
-0.10538097
-0.10115434
-0.09566369
-0.08886862
-0.08082678
-0.07169073
-0.06168937
-0.05109750
-0.04019947
-0.02925345
-0.01846269
-0.00795832
0.00220395
0.01203372
0.02158516
0.03093040
0.04013233
0.04922192
0.05818396
0.06695301
0.07541934
0.08344277
0.09087097
0.09755821
0.10338095
0.10824775
0.11210235
0.11492046
0.11670189
0.11746081
0.11721670
0.11598833
0.11379201
0.11064422
0.10656751
0.10159775
0.09579045
0.08922402
0.08199859
0.07422998
0.06603953
0.05754165
0.04883136
0.03997446
0.03100253
0.02191414
0.01268248
0.00326860
-0.00636192
-0.01622153
-0.02628555
-0.03648212
-0.04668926
-0.05673993
-0.06643480
-0.07556102
-0.08391432
-0.09132113
-0.09765731
-0.10286042
-0.10693350
-0.10993955
-0.11198730
-0.11321029
-0.11374254
-0.11369431
-0.11313218
-0.11206643
-0.11044821
-0.10817707
-0.10511791
-0.10112495
-0.09606890
-0.08986308
-0.08248404
-0.07398353
-0.06448935
-0.05419508
-0.04334007
-0.03218298
-0.02097301
-0.00992368
0.00080686
0.01112581
0.02100471
0.03046799
0.03957358
0.04838921
0.05696880
0.06533312
0.07345804
0.08127191
0.08866212
0.09548903
0.10160412
0.10686871
0.11116972
0.11442970
0.11660980
0.11770600
0.11774023
0.11674904
0.11477295
0.11184901
0.10800835
0.10327901
0.09769292
0.09129478
0.08415011
0.07634948
0.06800726
0.05925406
0.05022388
0.04103829
0.03179104
0.02253665
0.01328611
0.00401130
-0.00534161
-0.01483186
-0.02450044
-0.03434740
-0.04431506
-0.05428072
-0.06406117
-0.07342902
-0.08213848
-0.08995650
-0.09669381
-0.10223024
-0.10652959
-0.10964102
-0.11168640
-0.11283555
-0.11327356
-0.11316581
-0.11262692
-0.11169900
-0.11034321
-0.10844613
-0.10583979
-0.10233211
-0.09774239
-0.09193587
-0.08485162
-0.07651917
-0.06706128
-0.05668277
-0.04564745
-0.03424719
-0.02276829
-0.01146059
-0.00051381
0.00995543
0.01990471
0.02935565
0.03837476
0.04704926
0.05546179
0.06366823
0.07168180
0.07946542
0.08693271
0.09395683
0.10038492
0.10605554
0.11081615
0.11453811
0.11712742
0.11853026
0.11873334
0.11776010
0.11566386
0.11251975
0.10841661
0.10345014
0.09771758
0.09131421
0.08433099
0.07685296
0.06895771
0.06071359
0.05217772
0.04339411
0.03439268
0.02518989
0.01579173
0.00619937
-0.00358287
-0.01353798
-0.02362672
-0.03377971
-0.04389312
-0.05382936
-0.06342349
-0.07249530
-0.08086557
-0.08837458
-0.09489966
-0.10036905
-0.10476913
-0.10814328
-0.11058199
-0.11220520
-0.11313939
-0.11349304
-0.11333475
-0.11267776
-0.11147425
-0.10962060
-0.10697352
-0.10337464
-0.09867973
-0.09278767
-0.08566424
-0.07735641
-0.06799466
-0.05778232
-0.04697391
-0.03584567
-0.02466326
-0.01365208
-0.00297496
0.00727916
0.01709401
0.02651278
0.03561576
0.04449299
0.05321692
0.06181987
0.07028002
0.07851783
0.08640301
0.09377018
0.10043967
0.10623968
0.11102568
0.11469392
0.11718755
0.11849498
0.11864224
0.11768161
0.11567950
0.11270651
0.10883112
0.10411812
0.09863075
0.09243512
0.08560463
0.07822219
0.07037872
0.06216759
0.05367575
0.04497354
0.03610581
0.02708711
0.01790292
0.00851803
-0.00110878
-0.01100569
-0.02116813
-0.03154206
-0.04201440
-0.05241305
-0.06251798
-0.07208213
-0.08085942
-0.08863540
-0.09525511
-0.10064323
-0.10481239
-0.10785770
-0.10993788
-0.11124559
-0.11197195
-0.11227116
-0.11223124
-0.11185624
-0.11106320
-0.10969461
-0.10754453
-0.10439426
-0.10005141
-0.09438604
-0.08735772
-0.07902901
-0.06956312
-0.05920625
-0.04825759
-0.03703204
-0.02582182
-0.01486319
-0.00431352
0.00575798
0.01536476
0.02458442
0.03353058
0.04232048
0.05104386
0.05973835
0.06837515
0.07685695
0.08502790
0.09269302
0.09964357
0.10568342
0.11065208
0.11444080
0.11699942
0.11833390
0.11849581
0.11756662
0.11564034
0.11280799
0.10914682
0.10471567
0.09955682
0.09370283
0.08718598
0.08004755
0.07234420
0.06414955
0.05555043
0.04663846
0.03749908
0.02820075
0.01878732
0.00927593
-0.00033827
-0.01007078
-0.01993174
-0.02990819
-0.03994856
-0.04995285
-0.05977156
-0.06921440
-0.07806825
-0.08612171
-0.09319208
-0.09914990
-0.10393638
-0.10756980
-0.11013936
-0.11178687
-0.11267912
-0.11297561
-0.11279748
-0.11220327
-0.11117606
-0.10962474
-0.10739937
-0.10431822
-0.10020168
-0.09490723
-0.08835921
-0.08056816
-0.07163644
-0.06174917
-0.05115240
-0.04012247
-0.02893203
-0.01781867
-0.00696137
0.00353166
0.01362237
0.02333042
0.03271206
0.04183469
0.05075216
0.05948502
0.06800913
0.07625368
0.08410823
0.09143641
0.09809305
0.10394117
0.10886569
0.11278174
0.11563709
0.11740923
0.11809899
0.11772305
0.11630748
0.11388409
0.11049000
0.10617019
0.10098145
0.09499594
0.08830241
0.08100388
0.07321129
0.06503399
0.05656865
0.04788912
0.03903952
0.03003280
0.02085541
0.01147820
0.00187165
-0.00797704
-0.01804825
-0.02827871
-0.03855737
-0.04872929
-0.05860759
-0.06799161
-0.07668832
-0.08453356
-0.09140937
-0.09725468
-0.10206742
-0.10589788
-0.10883444
-0.11098411
-0.11245119
-0.11331744
-0.11362693
-0.11337783
-0.11252219
-0.11097352
-0.10862083
-0.10534683
-0.10104745
-0.09565003
-0.08912757
-0.08150726
-0.07287248
-0.06335811
-0.05314000
-0.04242017
-0.03140962
-0.02031091
-0.00930256
0.00147280
0.01191544
0.02196977
0.03161991
0.04088032
0.04978276
0.05836141
0.06663823
0.07461073
0.08224372
0.08946656
0.09617602
0.10224459
0.10753289
0.11190423
0.11523929
0.11744849
0.11848046
0.11832541
0.11701317
0.11460671
0.11119247
0.10686944
0.10173884
0.09589608
0.08942595
0.08240121
0.07488396
0.06692879
0.05858618
0.04990503
0.04093343
0.03171775
0.02230045
0.01271792
0.00299967
-0.00683003
-0.01674734
-0.02672131
-0.03670467
-0.04662499
-0.05637855
-0.06582911
-0.07481305
-0.08315115
-0.09066595
-0.09720221
-0.10264679
-0.10694434
-0.11010510
-0.11220256
-0.11336048
-0.11373063
-0.11346478
-0.11268554
-0.11146152
-0.10979171
-0.10760239
-0.10475799
-0.10108460
-0.09640250
-0.09056214
-0.08347738
-0.07514977
-0.06567945
-0.05526033
-0.04416003
-0.03268800
-0.02115702
-0.00984486
0.00103750
0.01136563
0.02110653
0.03030793
0.03907466
0.04753653
0.05581381
0.06398638
0.07207180
0.08001579
0.08769591
0.09493711
0.10153567
0.10728665
0.11200992
0.11557038
0.11788951
0.11894725
0.11877516
0.11744345
0.11504508
0.11168063
0.10744666
0.10242918
0.09670258
0.09033265
0.08338190
0.07591454
0.06799919
0.05970812
0.05111287
0.04227750
0.03325145
0.02406440
0.01472520
0.00522632
-0.00444642
-0.01429999
-0.02431874
-0.03445071
-0.04459889
-0.05461991
-0.06433144
-0.07352789
-0.08200218
-0.08957011
-0.09609303
-0.10149458
-0.10576821
-0.10897360
-0.11122223
-0.11265435
-0.11341119
-0.11360717
-0.11330724
-0.11251340
-0.11116290
-0.10913880
-0.10629107
-0.10246458
-0.09752941
-0.09140790
-0.08409409
-0.07566196
-0.06626144
-0.05610264
-0.04543142
-0.03450041
-0.02354037
-0.01273670
-0.00221475
0.00796416
0.01779589
0.02731748
0.03658568
0.04565367
0.05455058
0.06326694
0.07174844
0.07989829
0.08758739
0.09466954
0.10099888
0.10644587
0.11090937
0.11432288
0.11665467
0.11790253
0.11808530
0.11723336
0.11538075
0.11256065
0.10880504
0.10414839
0.09863385
0.09231986
0.08528499
0.07762882
0.06946791
0.06092676
0.05212528
0.04316494
0.03411667
0.02501342
0.01584967
0.00658874
-0.00282236
-0.01243301
-0.02226711
-0.03230362
-0.04246331
-0.05260499
-0.06253276
-0.07201384
-0.08080465
-0.08868083
-0.09546641
-0.10105661
-0.10543019
-0.10864856
-0.11084146
-0.11218111
-0.11284924
-0.11300236
-0.11274158
-0.11209232
-0.11099767
-0.10932689
-0.10689791
-0.10351001
-0.09898134
-0.09318462
-0.08607516
-0.07770607
-0.06822826
-0.05787510
-0.04693454
-0.03571325
-0.02449909
-0.01352796
-0.00296046
0.00712812
0.01674348
0.02595491
0.03486846
0.04359573
0.05222390
0.06079188
0.06927650
0.07759039
0.08559107
0.09309898
0.09992059
0.10587228
0.11080080
0.11459718
0.11720254
0.11860580
0.11883497
0.11794469
0.11600319
0.11308140
0.10924642
0.10455976
0.09908008
0.09286850
0.08599433
0.07853881
0.07059498
0.06226316
0.05364235
0.04481942
0.03585852
0.02679362
0.01762656
0.00833209
-0.00113021
-0.01079850
-0.02068882
-0.03077653
-0.04098297
-0.05117056
-0.06114842
-0.07068829
-0.07954902
-0.08750578
-0.09437916
-0.10005888
-0.10451768
-0.10781243
-0.11007147
-0.11147010
-0.11219778
-0.11242269
-0.11225978
-0.11174793
-0.11084064
-0.10941199
-0.10727750
-0.10422622
-0.10005897
-0.09462605
-0.08785800
-0.07978412
-0.07053553
-0.06033228
-0.04945677
-0.03821822
-0.02691410
-0.01579523
-0.00504020
0.00525694
0.01508427
0.02449587
0.03358581
0.04245699
0.05119109
0.05982453
0.06833467
0.07663787
0.08459899
0.09204970
0.09881152
0.10471891
0.10963821
0.11347910
0.11619754
0.11779051
0.11828490
0.11772394
0.11615452
0.11361871
0.11015097
0.10578149
0.10054399
0.09448553
0.08767488
0.08020665
0.07219906
0.06378497
0.05509737
0.04625222
0.03733228
0.02837606
0.01937482
0.01027949
0.00101704
-0.00848605
-0.01827742
-0.02835449
-0.03864738
-0.04901293
-0.05924193
-0.06907912
-0.07825318
-0.08651163
-0.09365467
-0.09956175
-0.10420591
-0.10765291
-0.11004497
-0.11157175
-0.11243349
-0.11280275
-0.11279160
-0.11243009
-0.11165979
-0.11034371
-0.10829070
-0.10529019
-0.10115099
-0.09573767
-0.08899803
-0.08097739
-0.07181737
-0.06173984
-0.05101911
-0.03994748
-0.02879995
-0.01780403
-0.00711929
0.00317068
0.01305344
0.02257174
0.03180002
0.04081800
0.04968608
0.05842649
0.06701293
0.07536960
0.08337884
0.09089500
0.09776169
0.10382890
0.10896722
0.11307721
0.11609330
0.11798253
0.11873970
0.11838076
0.11693649
0.11444797
0.11096452
0.10654420
0.10125577
0.09518073
0.08841403
0.08106202
0.07323728
0.06505037
0.05659992
0.04796276
0.03918636
0.03028545
0.02124444
0.01202594
0.00258470
-0.00711501
-0.01708124
-0.02727872
-0.03761884
-0.04795766
-0.05810295
-0.06783006
-0.07690472
-0.08510926
-0.09226853
-0.09827081
-0.10308043
-0.10673920
-0.10935624
-0.11108712
-0.11210558
-0.11257200
-0.11260401
-0.11225394
-0.11149740
-0.11023487
-0.10830679
-0.10551973
-0.10167977
-0.09662758
-0.09026960
-0.08260004
-0.07371000
-0.06378210
-0.05307139
-0.04187571
-0.03050013
-0.01922151
-0.00825858
0.00224750
0.01223957
0.02173713
0.03081714
0.03958675
0.04815282
0.05659373
0.06493803
0.07315327
0.08114613
0.08877330
0.09586009
0.10222329
0.10769365
0.11213423
0.11545192
0.11760082
0.11857819
0.11841475
0.11716243
0.11488250
0.11163684
0.10748377
0.10247866
0.09667839
0.09014725
0.08296207
0.07521415
0.06700671
0.05844756
0.04963841
0.04066297
0.03157686
0.02240224
0.01312918
0.00372457
-0.00585241
-0.01563069
-0.02560731
-0.03573113
-0.04589403
-0.05593215
-0.06563785
-0.07478118
-0.08313729
-0.09051541
-0.09678391
-0.10188670
-0.10584773
-0.10876221
-0.11077571
-0.11205473
-0.11275367
-0.11298429
-0.11279310
-0.11215089
-0.11095645
-0.10905396
-0.10626102
-0.10240239
-0.09734359
-0.09101844
-0.08344586
-0.07473316
-0.06506553
-0.05468392
-0.04385528
-0.03284047
-0.02186544
-0.01110010
-0.00064807
0.00945173
0.01921300
0.02868230
0.03791578
0.04695701
0.05581950
0.06447685
0.07286140
0.08087067
0.08837969
0.09525605
0.10137455
0.10662881
0.11093796
0.11424811
0.11652918
0.11776889
0.11796624
0.11712625
0.11525792
0.11237559
0.10850338
0.10368130
0.09797085
0.09145809
0.08425266
0.07648171
0.06827941
0.05977348
0.05107105
0.04224685
0.03333630
0.02433546
0.01520847
0.00590197
-0.00363590
-0.01343477
-0.02348359
-0.03371775
-0.04401465
-0.05419894
-0.06405721
-0.07336004
-0.08188798
-0.08945738
-0.09594159
-0.10128399
-0.10550049
-0.10867094
-0.11092069
-0.11239538
-0.11323300
-0.11353802
-0.11336172
-0.11269226
-0.11145588
-0.10952936
-0.10676142
-0.10299963
-0.09811855
-0.09204429
-0.08477181
-0.07637218
-0.06698880
-0.05682339
-0.04611424
-0.03511022
-0.02404459
-0.01311284
-0.00245744
0.00783845
0.01774794
0.02728918
0.03650833
0.04545975
0.05418675
0.06270597
0.07099734
0.07900086
0.08661996
0.09373036
0.10019255
0.10586553
0.11061990
0.11434838
0.11697279
0.11844724
0.11875784
0.11791981
0.11597308
0.11297739
0.10900760
0.10414965
0.09849705
0.09214763
0.08520015
0.07775041
0.06988685
0.06168587
0.05320766
0.04449338
0.03556456
0.02642565
0.01706978
0.00748750
-0.00232243
-0.01234188
-0.02252355
-0.03278456
-0.04300489
-0.05303166
-0.06268905
-0.07179308
-0.08016904
-0.08766927
-0.09418833
-0.09967295
-0.10412509
-0.10759702
-0.11017905
-0.11198139
-0.11311304
-0.11366083
-0.11367213
-0.11314415
-0.11202168
-0.11020410
-0.10756070
-0.10395209
-0.09925469
-0.09338431
-0.08631518
-0.07809160
-0.06882996
-0.05871110
-0.04796374
-0.03684175
-0.02559833
-0.01446120
-0.00361215
0.00682610
0.01679406
0.02629054
0.03535967
0.04407229
0.05250471
0.06071821
0.06874223
0.07656350
0.08412230
0.09131587
0.09800792
0.10404236
0.10925904
0.11350912
0.11666816
0.11864565
0.11939028
0.11889107
0.11717514
0.11430284
0.11036153
0.10545856
0.09971427
0.09325514
0.08620708
0.07868897
0.07080636
0.06264570
0.05426962
0.04571418
0.03698879
0.02807973
0.01895736
0.00958692
-0.00005820
-0.00998250
-0.02015566
-0.03050365
-0.04090540
-0.05119646
-0.06117985
-0.07064302
-0.07937883
-0.08720752
-0.09399619
-0.09967244
-0.10422980
-0.10772358
-0.11025754
-0.11196314
-0.11297480
-0.11340491
-0.11332303
-0.11274259
-0.11161758
-0.10984999
-0.10730659
-0.10384274
-0.09932900
-0.09367627
-0.08685538
-0.07890785
-0.06994633
-0.06014454
-0.04971888
-0.03890455
-0.02793037
-0.01699622
-0.00625643
0.00418838
0.01429063
0.02404678
0.03348234
0.04263380
0.05153084
0.06018169
0.06856392
0.07662162
0.08426875
0.09139746
0.09788930
0.10362710
0.10850533
0.11243755
0.11536006
0.11723211
0.11803344
0.11776056
0.11642320
0.11404210
0.11064865
0.10628643
0.10101376
0.09490608
0.08805680
0.08057547
0.07258248
0.06420081
0.05554538
0.04671205
0.03776820
0.02874712
0.01964779
0.01044103
0.00108160
-0.00847508
-0.01825422
-0.02824396
-0.03838209
-0.04855003
-0.05857571
-0.06824598
-0.07732705
-0.08559042
-0.09284021
-0.09893755
-0.10381775
-0.10749702
-0.11006698
-0.11167732
-0.11250893
-0.11274161
-0.11252140
-0.11193326
-0.11098366
-0.10959664
-0.10762422
-0.10487022
-0.10112371
-0.09619684
-0.08996103
-0.08237517
-0.07350131
-0.06350480
-0.05263873
-0.04121507
-0.02956706
-0.01800906
-0.00680030
0.00388176
0.01395414
0.02342562
0.03237953
0.04094533
0.04926425
0.05745509
0.06558571
0.07365499
0.08158759
0.08924166
0.09642745
0.10293281
0.10855088
0.11310498
0.11646696
0.11856655
0.11939128
0.11897834
0.11740111
0.11475373
0.11113706
0.10664845
0.10137664
0.09540146
0.08879703
0.08163615
0.07399360
0.06594665
0.05757187
0.04893894
0.04010290
0.03109750
0.02193187
0.01259284
0.00305339
-0.00671317
-0.01671566
-0.02692743
-0.03727253
-0.04761920
-0.05778321
-0.06754144
-0.07665462
-0.08489558
-0.09207847
-0.09808359
-0.10287292
-0.10649317
-0.10906499
-0.11075966
-0.11176700
-0.11225988
-0.11236139
-0.11212084
-0.11150263
-0.11039052
-0.10860652
-0.10594141
-0.10219171
-0.09719675
-0.09086970
-0.08321724
-0.07434492
-0.06444740
-0.05378567
-0.04265528
-0.03135087
-0.02013309
-0.00920272
0.00131406
0.01136794
0.02097650
0.03020487
0.03914062
0.04786754
0.05644261
0.06487941
0.07314022
0.08113704
0.08874056
0.09579483
0.10213483
0.10760386
0.11206847
0.11542886
0.11762429
0.11863333
0.11847010
0.11717772
0.11482053
0.11147644
0.10723044
0.10216966
0.09638023
0.08994538
0.08294446
0.07545210
0.06753734
0.05926228
0.05068057
0.04183603
0.03276193
0.02348162
0.01401084
0.00436198
-0.00544983
-0.01539955
-0.02544480
-0.03551942
-0.04552951
-0.05535292
-0.06484305
-0.07383719
-0.08216875
-0.08968205
-0.09624769
-0.10177616
-0.10622712
-0.10961263
-0.11199284
-0.11346437
-0.11414256
-0.11414006
-0.11354517
-0.11240371
-0.11070792
-0.10839488
-0.10535555
-0.10145358
-0.09655132
-0.09053878
-0.08336071
-0.07503678
-0.06567075
-0.05544652
-0.04461099
-0.03344611
-0.02223458
-0.01122502
-0.00060267
0.00952919
0.01915358
0.02832907
0.03716593
0.04579325
0.05432327
0.06281942
0.07127383
0.07959862
0.08763230
0.09515988
0.10194296
0.10775378
0.11240690
0.11578288
0.11783961
0.11861004
0.11818739
0.11670145
0.11429144
0.11108098
0.10716038
0.10257924
0.09735041
0.09146341
0.08490352
0.07767162
0.06979959
0.06135755
0.05245090
0.04320779
0.03376002
0.02422190
0.01467234
0.00514502
-0.00437054
-0.01391631
-0.02354363
-0.03328609
-0.04313338
-0.05301195
-0.06277769
-0.07222312
-0.08109884
-0.08914588
-0.09613324
-0.10189332
-0.10634819
-0.10952112
-0.11153036
-0.11256575
-0.11285202
-0.11260518
-0.11199035
-0.11108877
-0.10988052
-0.10824640
-0.10598905
-0.10286947
-0.09865255
-0.09315336
-0.08627566
-0.07803597
-0.06856880
-0.05811229
-0.04697724
-0.03550516
-0.02402291
-0.01280199
-0.00202936
0.00820580
0.01790778
0.02715428
0.03606513
0.04476602
0.05335408
0.06187152
0.07029131
0.07851681
0.08639438
0.09373554
0.10034396
0.10604195
0.11069156
0.11420709
0.11655746
0.11775943
0.11786395
0.11693946
0.11505607
0.11227392
0.10863794
0.10417938
0.09892314
0.09289818
0.08614804
0.07873829
0.07075851
0.06231792
0.05353510
0.04452387
0.03537850
0.02616157
0.01689775
0.00757547
-0.00184297
-0.01140427
-0.02114278
-0.03105894
-0.04110200
-0.05116076
-0.06106493
-0.07059795
-0.07951953
-0.08759482
-0.09462516
-0.10047502
-0.10509007
-0.10850272
-0.11082357
-0.11221948
-0.11288196
-0.11299079
-0.11267945
-0.11200842
-0.11095147
-0.10939783
-0.10717021
-0.10405607
-0.09984694
-0.09437901
-0.08756789
-0.07943145
-0.07009636
-0.05978714
-0.04879943
-0.03746187
-0.02609335
-0.01496288
-0.00425893
0.00592657
0.01559710
0.02483411
0.03376659
0.04253376
0.05124749
0.05996161
0.06865310
0.07721831
0.08548421
0.09323209
0.10022864
0.10625849
0.11115227
0.11480520
0.11718366
0.11831944
0.11829385
0.11721584
0.11519896
0.11234206
0.10871725
0.10436704
0.09931014
0.09355363
0.08710791
0.08000018
0.07228311
0.06403614
0.05535940
0.04636143
0.03714407
0.02778814
0.01834387
0.00882875
-0.00076609
-0.01046186
-0.02027325
-0.03018868
-0.04015430
-0.05006542
-0.05976815
-0.06907141
-0.07776783
-0.08565975
-0.09258549
-0.09844087
-0.10319153
-0.10687356
-0.10958199
-0.11144898
-0.11261585
-0.11320382
-0.11328915
-0.11288711
-0.11194771
-0.11036407
-0.10799173
-0.10467538
-0.10027823
-0.09470880
-0.08794066
-0.08002187
-0.07107298
-0.06127439
-0.05084567
-0.04002074
-0.02902316
-0.01804533
-0.00723484
0.00331093
0.01354178
0.02344483
0.03303042
0.04231653
0.05131461
0.06001903
0.06840117
0.07640860
0.08396848
0.09099378
0.09739087
0.10306678
0.10793513
0.11192000
0.11495788
0.11699817
0.11800288
0.11794649
0.11681650
0.11461490
0.11136056
0.10709173
0.10186811
0.09577140
0.08890361
0.08138276
0.07333586
0.06488987
0.05616158
0.04724791
0.03821823
0.02911016
0.01993000
0.01065839
0.00126081
-0.00829811
-0.01803842
-0.02794925
-0.03797650
-0.04801625
-0.05791568
-0.06748231
-0.07650080
-0.08475548
-0.09205533
-0.09825761
-0.10328592
-0.10713925
-0.10988988
-0.11166947
-0.11264508
-0.11298851
-0.11284395
-0.11229944
-0.11136749
-0.10997879
-0.10799084
-0.10521081
-0.10142931
-0.09645949
-0.09017501
-0.08253991
-0.07362502
-0.06360745
-0.05275300
-0.04138398
-0.02983799
-0.01842460
-0.00738756
0.00312104
0.01305025
0.02244205
0.03140725
0.04009051
0.04863082
0.05712515
0.06560157
0.07400663
0.08220857
0.09001522
0.09720236
0.10354675
0.10885738
0.11299916
0.11590509
0.11757573
0.11806713
0.11747088
0.11589125
0.11342468
0.11014571
0.10610196
0.10131820
0.09580752
0.08958588
0.08268575
0.07516473
0.06710681
0.05861541
0.04980002
0.04075963
0.03156744
0.02226104
0.01284123
0.00328077
-0.00645825
-0.01640160
-0.02653966
-0.03680909
-0.04708400
-0.05717959
-0.06686865
-0.07590841
-0.08407312
-0.09118615
-0.09714520
-0.10193532
-0.10562684
-0.10835780
-0.11030419
-0.11164301
-0.11251542
-0.11299677
-0.11307945
-0.11267191
-0.11161405
-0.10970641
-0.10674758
-0.10257296
-0.09708783
-0.09028870
-0.08226931
-0.07321060
-0.06335675
-0.05298205
-0.04235481
-0.03170477
-0.02119953
-0.01093361
-0.00093121
0.00883875
0.01843910
0.02793719
0.03737941
0.04677197
0.05607093
0.06518268
0.07397369
0.08228704
0.08996195
0.09685230
0.10284100
0.10784773
0.11182971
0.11477611
0.11669826
0.11761838
0.11755959
0.11653954
0.11456870
0.11165364
0.10780400
0.10304120
0.09740665
0.09096709
0.08381534
0.07606590
0.06784572
0.05928149
0.05048594
0.04154554
0.03251222
0.02340102
0.01419452
0.00485392
-0.00466490
-0.01439271
-0.02432881
-0.03442668
-0.04458631
-0.05465496
-0.06443698
-0.07371164
-0.08225672
-0.08987423
-0.09641418
-0.10179246
-0.10599944
-0.10909749
-0.11120728
-0.11248466
-0.11309163
-0.11316606
-0.11279533
-0.11199851
-0.11072056
-0.10883992
-0.10618869
-0.10258233
-0.09785410
-0.09188824
-0.08464642
-0.07618256
-0.06664332
-0.05625403
-0.04529239
-0.03405424
-0.02281742
-0.01180982
-0.00118690
0.00897761
0.01868681
0.02800292
0.03702046
0.04583569
0.05451789
0.06308779
0.07150653
0.07967664
0.08745398
0.09466747
0.10114249
0.10672290
0.11128776
0.11476006
0.11710668
0.11833096
0.11846048
0.11753400
0.11559082
0.11266534
0.10878791
0.10399118
0.09831970
0.09183951
0.08464424
0.07685497
0.06861280
0.06006454
0.05134421
0.04255416
0.03375015
0.02493448
0.01605959
0.00704264
-0.00221083
-0.01177823
-0.02169150
-0.03191486
-0.04233339
-0.05275570
-0.06293084
-0.07257731
-0.08141930
-0.08922376
-0.09583170
-0.10117783
-0.10529480
-0.10830104
-0.11037433
-0.11171567
-0.11250992
-0.11289032
-0.11291311
-0.11254664
-0.11167688
-0.11012801
-0.10769428
-0.10417758
-0.09942391
-0.09335281
-0.08597496
-0.07739532
-0.06780216
-0.05744406
-0.04659946
-0.03554388
-0.02452012
-0.01371593
-0.00325184
0.00681980
0.01650551
0.02585362
0.03493293
0.04381075
0.05253373
0.06111410
0.06952247
0.07768763
0.08550215
0.09283252
0.09953156
0.10545138
0.11045512
0.11442652
0.11727661
0.11894754
0.11941388
0.11868178
0.11678656
0.11378928
0.10977242
0.10483504
0.09908737
0.09264500
0.08562284
0.07812891
0.07025858
0.06208967
0.05367895
0.04506072
0.03624791
0.02723591
0.01800925
0.00855038
-0.00114988
-0.01108183
-0.02120741
-0.03145348
-0.04170921
-0.05182846
-0.06163750
-0.07094776
-0.07957212
-0.08734293
-0.09412897
-0.09984894
-0.10447877
-0.10805141
-0.11064826
-0.11238323
-0.11338152
-0.11375618
-0.11358641
-0.11290129
-0.11167206
-0.10981468
-0.10720285
-0.10368978
-0.09913517
-0.09343335
-0.08653746
-0.07847562
-0.06935611
-0.05936027
-0.04872430
-0.03771277
-0.02658816
-0.01558166
-0.00486988
0.00543880
0.01530618
0.02475478
0.03384903
0.04267085
0.05129415
0.05976277
0.06807541
0.07617972
0.08397582
0.09132779
0.09808035
0.10407723
0.10917783
0.11326938
0.11627336
0.11814587
0.11887346
0.11846628
0.11695106
0.11436584
0.11075768
0.10618349
0.10071286
0.09443125
0.08744151
0.07986193
0.07182017
0.06344306
0.05484407
0.04611054
0.03729385
0.02840496
0.01941719
0.01027676
0.00091985
-0.00870624
-0.01862168
-0.02879625
-0.03913883
-0.04949661
-0.05966494
-0.06940662
-0.07847788
-0.08665680
-0.09376956
-0.09970991
-0.10444876
-0.10803199
-0.11056699
-0.11220013
-0.11308888
-0.11337342
-0.11315219
-0.11246545
-0.11128935
-0.10954126
-0.10709525
-0.10380503
-0.09953050
-0.09416372
-0.08765021
-0.08000245
-0.07130389
-0.06170302
-0.05139882
-0.04062006
-0.02960160
-0.01856133
-0.00768085
0.00290744
0.01312553
0.02294688
0.03238635
0.04148489
0.05029151
0.05884534
0.06716047
0.07521564
0.08295006
0.09026575
0.09703574
0.10311649
0.10836271
0.11264207
0.11584781
0.11790753
0.11878725
0.11849071
0.11705453
0.11454062
0.11102750
0.10660205
0.10135298
0.09536677
0.08872597
0.08150936
0.07379289
0.06565034
0.05715280
0.04836662
0.03935010
0.03014977
0.02079765
0.01131087
0.00169470
-0.00805051
-0.01791918
-0.02788841
-0.03790648
-0.04788433
-0.05769261
-0.06716594
-0.07611469
-0.08434326
-0.09167222
-0.09796066
-0.10312458
-0.10714751
-0.11008081
-0.11203263
-0.11314687
-0.11357540
-0.11344817
-0.11284675
-0.11178641
-0.11021035
-0.10799788
-0.10498547
-0.10099735
-0.09588039
-0.08953700
-0.08195005
-0.07319519
-0.06343811
-0.05291709
-0.04191394
-0.03071837
-0.01959218
-0.00873941
0.00171238
0.01171681
0.02129926
0.03053542
0.03952254
0.04834870
0.05706604
0.06567247
0.07410472
0.08224316
0.08992673
0.09697444
0.10320886
0.10847737
0.11266721
0.11571271
0.11759421
0.11833019
0.11796553
0.11655877
0.11417174
0.11086318
0.10668739
0.10169707
0.09594856
0.08950723
0.08245061
0.07486767
0.06685383
0.05850236
0.04989412
0.04108820
0.03211603
0.02298095
0.01366422
0.00413688
-0.00562434
-0.01561993
-0.02581278
-0.03611869
-0.04640457
-0.05649513
-0.06618749
-0.07527150
-0.08355243
-0.09087245
-0.09712698
-0.10227358
-0.10633151
-0.10937242
-0.11150360
-0.11284668
-0.11351524
-0.11359488
-0.11312884
-0.11211121
-0.11048859
-0.10816974
-0.10504158
-0.10098892
-0.09591525
-0.08976134
-0.08251922
-0.07423978
-0.06503280
-0.05505971
-0.04451989
-0.03363246
-0.02261578
-0.01166753
-0.00094786
0.00943214
0.01941485
0.02899303
0.03819936
0.04709022
0.05572587
0.06415019
0.07237300
0.08035789
0.08801757
0.09521779
0.10178933
0.10754636
0.11230827
0.11592148
0.11827782
0.11932640
0.11907730
0.11759664
0.11499425
0.11140633
0.10697633
0.10183757
0.09610023
0.08984487
0.08312262
0.07596122
0.06837483
0.06037478
0.05197868
0.04321582
0.03412799
0.02476612
0.01518438
0.00543397
-0.00444087
-0.01440281
-0.02441658
-0.03443992
-0.04441250
-0.05424567
-0.06381632
-0.07296762
-0.08151805
-0.08927828
-0.09607361
-0.10176807
-0.10628525
-0.10962122
-0.11184588
-0.11309134
-0.11352819
-0.11333340
-0.11265552
-0.11158355
-0.11012609
-0.10820531
-0.10566794
-0.10231194
-0.09792491
-0.09232713
-0.08541164
-0.07717354
-0.06772274
-0.05727743
-0.04613878
-0.03465153
-0.02315708
-0.01194792
-0.00123129
0.00889124
0.01842492
0.02746400
0.03615853
0.04467264
0.05314210
0.06163921
0.07015126
0.07857604
0.08673432
0.09439627
0.10131595
0.10726691
0.11207216
0.11562327
0.11788587
0.11889194
0.11872166
0.11747989
0.11527281
0.11218990
0.10829465
0.10362526
0.09820395
0.09205152
0.08520268
0.07771744
0.06968528
0.06122033
0.05244843
0.04348903
0.03443617
0.02534364
0.01621836
0.00702457
-0.00230130
-0.01182711
-0.02159775
-0.03160957
-0.04179225
-0.05200253
-0.06203204
-0.07162850
-0.08052704
-0.08848603
-0.09532069
-0.10092815
-0.10529887
-0.10851215
-0.11071621
-0.11209643
-0.11283765
-0.11308747
-0.11292741
-0.11235723
-0.11129527
-0.10959452
-0.10707134
-0.10354139
-0.09885600
-0.09293251
-0.08577312
-0.07746939
-0.06819187
-0.05816754
-0.04764946
-0.03688443
-0.02608459
-0.01540747
-0.00494772
0.00525927
0.01522334
0.02497887
0.03456175
0.04398886
0.05324356
0.06226969
0.07097416
0.07923703
0.08692613
0.09391304
0.10008679
0.10536315
0.10968783
0.11303403
0.11539564
0.11677838
0.11719149
0.11664208
0.11513374
0.11266933
0.10925725
0.10491923
0.09969738
0.09365822
0.08689232
0.07950875
0.07162528
0.06335582
0.05479775
0.04602174
0.03706642
0.02793933
0.01862440
0.00909499
-0.00066990
-0.01066899
-0.02086502
-0.03117647
-0.04147679
-0.05160133
-0.06136133
-0.07056265
-0.07902623
-0.08660699
-0.09320797
-0.09878738
-0.10335760
-0.10697624
-0.10973087
-0.11172000
-0.11303346
-0.11373534
-0.11385199
-0.11336709
-0.11222422
-0.11033629
-0.10760036
-0.10391536
-0.09919995
-0.09340807
-0.08653983
-0.07864664
-0.06982976
-0.06023310
-0.05003118
-0.03941419
-0.02857222
-0.01768055
-0.00688786
0.00369138
0.01397980
0.02393514
0.03354410
0.04281289
0.05175615
0.06038548
0.06869916
0.07667440
0.08426283
0.09138986
0.09795769
0.10385162
0.10894882
0.11312832
0.11628110
0.11831926
0.11918317
0.11884605
0.11731576
0.11463381
0.11087183
0.10612624
0.10051144
0.09415233
0.08717649
0.07970661
0.07185340
0.06370955
0.05534492
0.04680373
0.03810409
0.02924049
0.02018943
0.01091831
0.00139684
-0.00838986
-0.01842836
-0.02866603
-0.03900434
-0.04929804
-0.05936144
-0.06898182
-0.07793879
-0.08602731
-0.09308103
-0.09899213
-0.10372415
-0.10731478
-0.10986758
-0.11153286
-0.11248040
-0.11286810
-0.11281166
-0.11236093
-0.11148718
-0.11008457
-0.10798597
-0.10499147
-0.10090477
-0.09557168
-0.08891378
-0.08095108
-0.07180940
-0.06171054
-0.05094648
-0.03984185
-0.02871104
-0.01781731
-0.00734117
0.00263635
0.01213279
0.02124593
0.03012152
0.03891330
0.04774254
0.05666462
0.06564875
0.07457410
0.08324276
0.09140675
0.09880348
0.10519301
0.11039006
0.11428519
0.11685186
0.11813894
0.11825123
0.11732259
0.11548790
0.11285929
0.10951155
0.10547882
0.10076226
0.09534606
0.08921719
0.08238371
0.07488708
0.06680530
0.05824624
0.04933261
0.04018249
0.03089018
0.02151235
0.01206336
0.00252151
-0.00715456
-0.01700246
-0.02703054
-0.03719631
-0.04739371
-0.05745306
-0.06715461
-0.07625391
-0.08451456
-0.09174214
-0.09781260
-0.10268933
-0.10642496
-0.10914712
-0.11103035
-0.11225930
-0.11299007
-0.11331698
-0.11325139
-0.11271665
-0.11156042
-0.10958221
-0.10657119
-0.10234723
-0.09679771
-0.08990345
-0.08174896
-0.07251552
-0.06245852
-0.05187330
-0.04105591
-0.03026572
-0.01969628
-0.00945919
0.00041698
0.00997343
0.01929667
0.02848810
0.03763328
0.04677650
0.05590480
0.06494354
0.07376333
0.08219622
0.09005731
0.09716754
0.10337336
0.10856027
0.11265846
0.11564078
0.11751446
0.11830939
0.11806585
0.11682464
0.11462149
0.11148644
0.10744781
0.10253910
0.09680648
0.09031473
0.08314936
0.07541417
0.06722392
0.05869360
0.04992602
0.04100056
0.03196526
0.02283454
0.01359332
0.00420750
-0.00536072
-0.01513505
-0.02510785
-0.03522675
-0.04538772
-0.05543628
-0.06517749
-0.07439354
-0.08286660
-0.09040358
-0.09685879
-0.10215090
-0.10627093
-0.10927989
-0.11129568
-0.11247119
-0.11296683
-0.11292160
-0.11242773
-0.11151296
-0.11013384
-0.10818152
-0.10549937
-0.10191009
-0.09724783
-0.09139027
-0.08428520
-0.07596710
-0.06656073
-0.05627088
-0.04535984
-0.03411622
-0.02282026
-0.01171135
-0.00096321
0.00932937
0.01915006
0.02854744
0.03761095
0.04644096
0.05511848
0.06367981
0.07210065
0.08029214
0.08810905
0.09536826
0.10187358
0.10744227
0.11192822
0.11523796
0.11733683
0.11824527
0.11802649
0.11676897
0.11456761
0.11150763
0.10765434
0.10305022
0.09771953
0.09167818
0.08494629
0.07755968
0.06957728
0.06108246
0.05217762
0.04297340
0.03357483
0.02406794
0.01451021
0.00492742
-0.00468164
-0.01433340
-0.02404249
-0.03380328
-0.04357382
-0.05326600
-0.06274461
-0.07183618
-0.08034649
-0.08808390
-0.09488417
-0.10063214
-0.10527583
-0.10883011
-0.11136887
-0.11300693
-0.11387476
-0.11409085
-0.11373673
-0.11283952
-0.11136535
-0.10922511
-0.10629158
-0.10242490
-0.09750185
-0.09144358
-0.08423675
-0.07594430
-0.06670387
-0.05671422
-0.04621208
-0.03544347
-0.02463465
-0.01396749
-0.00356341
0.00652164
0.01629093
0.02579076
0.03508779
0.04424406
0.05329419
0.06222861
0.07098550
0.07945245
0.08747696
0.09488362
0.10149458
0.10714982
0.11172369
0.11513542
0.11735248
0.11838687
0.11828598
0.11712027
0.11497038
0.11191635
0.10803038
0.10337423
0.09800069
0.09195812
0.08529600
0.07806975
0.07034308
0.06218698
0.05367538
0.04487858
0.03585591
0.02665000
0.01728423
0.00776496
-0.00191132
-0.01174666
-0.02172808
-0.03181426
-0.04192564
-0.05194019
-0.06169678
-0.07100629
-0.07966943
-0.08749856
-0.09434003
-0.10009305
-0.10472129
-0.10825502
-0.11078246
-0.11243155
-0.11334489
-0.11365192
-0.11344329
-0.11275207
-0.11154534
-0.10972816
-0.10715944
-0.10367736
-0.09913010
-0.09340657
-0.08646180
-0.07833250
-0.06913999
-0.05907990
-0.04840051
-0.03737318
-0.02626027
-0.01528574
-0.00461330
0.00566438
0.01552424
0.02499994
0.03416044
0.04308428
0.05183430
0.06043735
0.06887202
0.07706614
0.08490363
0.09223852
0.09891320
0.10477690
0.10970130
0.11359076
0.11638604
0.11806217
0.11862183
0.11808686
0.11649026
0.11387076
0.11027102
0.10573925
0.10033335
0.09412527
0.08720385
0.07967409
0.07165221
0.06325653
0.05459589
0.04575765
0.03679829
0.02773898
0.01856777
0.00924899
-0.00026149
-0.00999734
-0.01996272
-0.03011682
-0.04036516
-0.05055982
-0.06050931
-0.06999678
-0.07880374
-0.08673555
-0.09364418
-0.09944429
-0.10411984
-0.10772000
-0.11034493
-0.11212393
-0.11318972
-0.11365311
-0.11358257
-0.11299181
-0.11183760
-0.11002786
-0.10743860
-0.10393665
-0.09940455
-0.09376323
-0.08698927
-0.07912394
-0.07027299
-0.06059757
-0.05029800
-0.03959306
-0.02869820
-0.01780573
-0.00706982
0.00340203
0.01355021
0.02335740
0.03283755
0.04202128
0.05094038
0.05961334
0.06803414
0.07616545
0.08393692
0.09124837
0.09797723
0.10398878
0.10914795
0.11333091
0.11643529
0.11838789
0.11914927
0.11871512
0.11711457
0.11440607
0.11067140
0.10600888
0.10052629
0.09433414
0.08753979
0.08024252
0.07252975
0.06447428
0.05613276
0.04754525
0.03873618
0.02971671
0.02048882
0.01105087
0.00140467
-0.00843671
-0.01844119
-0.02855100
-0.03867845
-0.04870511
-0.05848529
-0.06785395
-0.07663852
-0.08467352
-0.09181597
-0.09795942
-0.10304416
-0.10706192
-0.11005354
-0.11209974
-0.11330586
-0.11378268
-0.11362633
-0.11290042
-0.11162364
-0.10976505
-0.10724824
-0.10396412
-0.09979050
-0.09461549
-0.08836091
-0.08100189
-0.07257935
-0.06320297
-0.05304416
-0.04231987
-0.03126986
-0.02013091
-0.00911220
0.00162440
0.01197591
0.02190023
0.03140841
0.04054884
0.04938623
0.05797899
0.06635895
0.07451651
0.08239357
0.08988503
0.09684831
0.10311884
0.10852890
0.11292661
0.11619215
0.11824884
0.11906808
0.11866784
0.11710574
0.11446852
0.11085986
0.10638877
0.10116020
0.09526875
0.08879576
0.08180938
0.07436645
0.06651525
0.05829793
0.04975209
0.04091131
0.03180496
0.02245825
0.01289310
0.00313090
-0.00680288
-0.01687231
-0.02702386
-0.03717997
-0.04723507
-0.05705536
-0.06648377
-0.07534988
-0.08348430
-0.09073552
-0.09698667
-0.10216921
-0.10627088
-0.10933572
-0.11145544
-0.11275289
-0.11335959
-0.11339101
-0.11292363
-0.11197793
-0.11051085
-0.10841951
-0.10555655
-0.10175484
-0.09685808
-0.09075218
-0.08339205
-0.07481904
-0.06516570
-0.05464639
-0.04353509
-0.03213369
-0.02073590
-0.00959276
0.00111450
0.01128968
0.02092254
0.03007550
0.03885859
0.04739742
0.05579979
0.06412699
0.07237453
0.08046557
0.08825756
0.09556040
0.10216233
0.10785859
0.11247747
0.11589943
0.11806637
0.11898040
0.11869332
0.11729012
0.11487030
0.11153132
0.10735719
0.10241419
0.09675337
0.09041829
0.08345487
0.07592015
0.06788689
0.05944241
0.05068150
0.04169507
0.03255740
0.02331560
0.01398471
0.00455040
-0.00501989
-0.01475926
-0.02468006
-0.03475370
-0.04489622
-0.05496344
-0.06475790
-0.07404738
-0.08259241
-0.09017808
-0.09664415
-0.10190774
-0.10597369
-0.10893000
-0.11092864
-0.11215480
-0.11278986
-0.11297503
-0.11278238
-0.11219877
-0.11112606
-0.10939767
-0.10680877
-0.10315450
-0.09826964
-0.09206229
-0.08453578
-0.07579491
-0.06603586
-0.05552157
-0.04454759
-0.03340435
-0.02234266
-0.01154800
-0.00112770
0.00888789
0.01853119
0.02787390
0.03699899
0.04597356
0.05482737
0.06354035
0.07204050
0.08021140
0.08790715
0.09497098
0.10125399
0.10663049
0.11100769
0.11432895
0.11657106
0.11773723
0.11784827
0.11693415
0.11502803
0.11216377
0.10837699
0.10370861
0.09820962
0.09194495
0.08499509
0.07745436
0.06942571
0.06101270
0.05231024
0.04339578
0.03432292
0.02511907
0.01578786
0.00631652
-0.00331289
-0.01310993
-0.02306215
-0.03312378
-0.04320870
-0.05318947
-0.06290285
-0.07216159
-0.08077112
-0.08854895
-0.09534393
-0.10105259
-0.10562975
-0.10909141
-0.11150920
-0.11299661
-0.11368867
-0.11371816
-0.11319170
-0.11216984
-0.11065449
-0.10858630
-0.10585299
-0.10230785
-0.09779587
-0.09218364
-0.08538802
-0.07739881
-0.06829119
-0.05822551
-0.04743385
-0.03619512
-0.02480267
-0.01352948
-0.00259684
0.00784825
0.01774323
0.02710590
0.03601708
0.04459324
0.05295401
0.06119049
0.06933997
0.07737123
0.08518283
0.09261411
0.09946638
0.10553001
0.11061228
0.11456100
0.11727992
0.11873410
0.11894522
0.11797894
0.11592786
0.11289398
0.10897454
0.10425346
0.09879947
0.09266996
0.08591831
0.07860160
0.07078602
0.06254762
0.05396810
0.04512630
0.03608801
0.02689699
0.01757054
0.00810158
-0.00153179
-0.01135068
-0.02135649
-0.03151277
-0.04173229
-0.05187292
-0.06174438
-0.07112573
-0.07979102
-0.08753878
-0.09421969
-0.09975691
-0.10415470
-0.10749311
-0.10990916
-0.11156764
-0.11262687
-0.11320580
-0.11335877
-0.11306272
-0.11221958
-0.11067337
-0.10823880
-0.10473629
-0.10002672
-0.09403967
-0.08679033
-0.07838210
-0.06899521
-0.05886378
-0.04824592
-0.03739252
-0.02652023
-0.01579277
-0.00531310
0.00487344
0.01476689
0.02439467
0.03379199
0.04298426
0.05197458
0.06073766
0.06921992
0.07734459
0.08501953
0.09214534
0.09862214
0.10435387
0.10925016
0.11322679
0.11620591
0.11811767
0.11890396
0.11852438
0.11696370
0.11423900
0.11040474
0.10555361
0.09981225
0.09333136
0.08627133
0.07878539
0.07100305
0.06301681
0.05487444
0.04657878
0.03809498
0.02936433
0.02032250
0.01091903
0.00113506
-0.00900365
-0.01942031
-0.02998829
-0.04053948
-0.05087839
-0.06079991
-0.07010806
-0.07863327
-0.08624609
-0.09286575
-0.09846287
-0.10305623
-0.10670427
-0.10949238
-0.11151752
-0.11287191
-0.11362769
-0.11382434
-0.11346055
-0.11249190
-0.11083495
-0.10837784
-0.10499638
-0.10057386
-0.09502193
-0.08829959
-0.08042712
-0.07149256
-0.06164905
-0.05110302
-0.04009456
-0.02887281
-0.01767013
-0.00667925
0.00396291
0.01418208
0.02396322
0.03333754
0.04236275
0.05110022
0.05959335
0.06785109
0.07583927
0.08348098
0.09066505
0.09726041
0.10313285
0.10816061
0.11224576
0.11531949
0.11734131
0.11829346
0.11817302
0.11698482
0.11473753
0.11144455
0.10712959
0.10183516
0.09563132
0.08862117
0.08094036
0.07274900
0.06421612
0.05549913
0.04672213
0.03795782
0.02921776
0.02045410
0.01157388
0.00246426
-0.00697551
-0.01680137
-0.02699764
-0.03746202
-0.04800628
-0.05837339
-0.06826882
-0.07740041
-0.08551957
-0.09245595
-0.09813881
-0.10260080
-0.10596348
-0.10840708
-0.11013063
-0.11131002
-0.11206205
-0.11242136
-0.11233430
-0.11167044
-0.11024901
-0.10787473
-0.10437581
-0.09963702
-0.09362183
-0.08638034
-0.07804259
-0.06879971
-0.05887752
-0.04850829
-0.03790583
-0.02724799
-0.01666848
-0.00625770
0.00392960
0.01386291
0.02352429
0.03289881
0.04196858
0.05070995
0.05909266
0.06707909
0.07462188
0.08165956
0.08811058
0.09386794
0.09879707
0.10273949
0.10552416
0.10698626
0.10699139
0.10546103
0.10239410
0.09787932
0.09209420
0.08528927
0.07775876
0.06980238
0.06168505
0.05360250
0.04566006
0.03786934
0.03016448
0.02243481
0.01456787
0.00649359
-0.00177989
-0.01014662
-0.01840459
-0.02627887
-0.03346199
-0.03966334
-0.04465726
-0.04831975
-0.05064584
-0.05174419
-0.05181004
-0.05108287
-0.04979812
-0.04814404
-0.04623302
-0.04409388
-0.04168621
-0.03893288
-0.03576232
-0.03214984
-0.02814714
-0.02389208
-0.01959518
-0.01550528
-0.01186168
-0.00884408
-0.00653246
-0.00488736
-0.00375647
-0.00290766
-0.00208192
-0.00105487
0.00030735
0.00201123
0.00392806
0.00581858
0.00738623
0.00834854
0.00851095
0.00782624
0.00642489
0.00460744
0.00279784
0.00146553
0.00103116
0.00177518
0.00376913
0.00684508
0.01061166
0.01451532
0.01793625
0.02030059
0.02115335
