5.500000
5.500302
5.500658
5.501073
5.501553
5.502099
5.502716
5.503407
5.504173
5.505016
5.505936
5.506931
5.507998
5.509131
5.510324
5.511566
5.512843
5.514141
5.515440
5.516715
5.517941
5.519087
5.520116
5.520989
5.521663
5.522089
5.522216
5.521989
5.521351
5.520242
5.518602
5.516372
5.513496
5.509920
5.505597
5.500487
5.494561
5.487803
5.480212
5.471800
5.462605
5.452678
5.442098
5.430964
5.419396
5.407540
5.395559
5.383636
5.371970
5.360770
5.350255
5.340644
5.332156
5.324999
5.319373
5.315456
5.313406
5.313352
5.315398
5.319613
5.326030
5.334653
5.345448
5.358348
5.373253
5.390036
5.408538
5.428579
5.449957
5.472451
5.495826
5.519838
5.544235
5.568760
5.593156
5.617171
5.640555
5.663068
5.684481
5.704577
5.723153
5.740024
5.755022
5.767998
5.778825
5.787394
5.793620
5.797439
5.798810
5.797713
5.794152
5.788152
5.779758
5.769039
5.756081
5.740989
5.723888
5.704918
5.684237
5.662014
5.638431
5.613683
5.587974
5.561513
5.534518
5.507210
5.479813
5.452548
5.425640
5.399306
5.373762
5.349216
5.325865
5.303901
5.283500
5.264830
5.248040
5.233266
5.220629
5.210231
5.202155
5.196467
5.193214
5.192421
5.194096
5.198225
5.204774
5.213693
5.224909
5.238332
5.253855
5.271353
5.290686
5.311699
5.334223
5.358078
5.383071
5.409004
5.435668
5.462848
5.490328
5.517887
5.545303
5.572358
5.598833
5.624518
5.649205
5.672698
5.694808
5.715357
5.734181
5.751129
5.766066
5.778871
5.789442
5.797694
5.803561
5.806996
5.807971
5.806479
5.802532
5.796161
5.787417
5.776371
5.763110
5.747741
5.730388
5.711188
5.690297
5.667881
5.644120
5.619205
5.593334
5.566715
5.539562
5.512092
5.484525
5.457082
5.429983
5.403444
5.377679
5.352894
5.329288
5.307049
5.286356
5.267374
5.250256
5.235139
5.222144
5.211374
5.202917
5.196840
5.193192
5.192001
5.193278
5.197012
5.203174
5.211713
5.222562
5.235633
5.250823
5.268009
5.287053
5.307803
5.330093
5.353745
5.378567
5.404363
5.430924
5.458040
5.485491
5.513059
5.540522
5.567660
5.594256
5.620098
5.644977
5.668694
5.691061
5.711896
5.731034
5.748322
5.763619
5.776805
5.787773
5.796436
5.802724
5.806587
5.807994
5.806933
5.803414
5.797463
5.789130
5.778481
5.765600
5.750591
5.733575
5.714688
5.694081
5.671919
5.648380
5.623652
5.597934
5.571431
5.544355
5.516925
5.489358
5.461877
5.434702
5.408049
5.382133
5.357162
5.333334
5.310843
5.289866
5.270573
5.253118
5.237640
5.224264
5.213098
5.204229
5.197731
5.193654
5.192031
5.192875
5.196180
5.201919
5.210045
5.220495
5.233183
5.248010
5.264855
5.283584
5.304047
5.326079
5.349504
5.374136
5.399776
5.426219
5.453252
5.480660
5.508224
5.535721
5.562932
5.589639
5.615628
5.640690
5.664626
5.687243
5.708359
5.727807
5.745429
5.761085
5.774649
5.786014
5.795086
5.801795
5.806087
5.807926
5.807298
5.804208
5.798681
5.790761
5.780513
5.768017
5.753373
5.736700
5.718131
5.697814
5.675912
5.652601
5.628068
5.602509
5.576128
5.549137
5.521753
5.494195
5.466683
5.439438
5.412678
5.386618
5.361466
5.337424
5.314684
5.293429
5.273829
5.256041
5.240207
5.226454
5.214893
5.205616
5.198697
5.194192
5.192137
5.192549
5.195423
5.200737
5.208449
5.218497
5.230800
5.245259
5.261759
5.280168
5.300338
5.322108
5.345302
5.369736
5.395214
5.421531
5.448476
5.475834
5.503386
5.530911
5.558188
5.585000
5.611130
5.636370
5.660517
5.683378
5.704771
5.724522
5.742476
5.758486
5.772426
5.784183
5.793664
5.800792
5.805511
5.807781
5.807586
5.804927
5.799825
5.792322
5.782476
5.770367
5.756093
5.739767
5.721519
5.701498
5.679862
5.656785
5.632452
5.607058
5.580806
5.553907
5.526576
5.499032
5.471496
5.444189
5.417328
5.391130
5.365804
5.341553
5.318571
5.297043
5.277141
5.259024
5.242837
5.228711
5.216758
5.207075
5.199738
5.194806
5.192319
5.192298
5.194741
5.199630
5.206925
5.216568
5.228482
5.242571
5.258723
5.276807
5.296679
5.318180
5.341138
5.365368
5.390677
5.416862
5.443713
5.471014
5.498549
5.526094
5.553431
5.580339
5.606604
5.632015
5.656368
5.679469
5.701131
5.721183
5.739462
5.755824
5.770135
5.782283
5.792169
5.799714
5.804859
5.807561
5.807799
5.805572
5.800896
5.793809
5.784369
5.772651
5.758749
5.742774
5.724853
5.705132
5.683767
5.660930
5.636803
5.611581
5.585464
5.558664
5.531393
5.503870
5.476317
5.448953
5.421999
5.395669
5.370175
5.345721
5.322503
5.300707
5.280508
5.262066
5.245532
5.231035
5.218694
5.208606
5.200852
5.195495
5.192578
5.192123
5.194135
5.198597
5.205474
5.214710
5.226232
5.239947
5.255745
5.273500
5.293070
5.314298
5.337013
5.361034
5.386168
5.412214
5.438963
5.466202
5.493711
5.521270
5.548660
5.575659
5.602052
5.627628
5.652181
5.675515
5.697443
5.717789
5.736390
5.753098
5.767778
5.780313
5.790602
5.798563
5.804132
5.807265
5.807936
5.806140
5.801892
5.795225
5.786193
5.774868
5.761341
5.745721
5.728132
5.708715
5.687626
5.665035
5.641121
5.616076
5.590102
5.563406
5.536201
5.508708
5.481143
5.453731
5.426688
5.400233
5.374578
5.349927
5.326478
5.304420
5.283928
5.265168
5.248288
5.233426
5.220698
5.210209
5.202041
5.196259
5.192912
5.192024
5.193604
5.197639
5.204095
5.212922
5.224049
5.237387
5.252829
5.270250
5.289513
5.310461
5.332928
5.356733
5.381687
5.407588
5.434229
5.461397
5.488875
5.516441
5.543877
5.570960
5.597475
5.623209
5.647956
5.671518
5.693706
5.714341
5.733260
5.750310
5.765355
5.778274
5.788963
5.797338
5.803330
5.806892
5.807997
5.806633
5.802813
5.796567
5.787945
5.777017
5.763869
5.748607
5.731354
5.712247
5.691440
5.669099
5.645403
5.620543
5.594717
5.568132
5.541001
5.513542
5.485974
5.458519
5.431396
5.404823
5.379012
5.354170
5.330497
5.308181
5.287403
5.268327
5.251107
5.235882
5.222772
5.211883
5.203302
5.197099
5.193322
5.192001
5.193149
5.196754
5.202789
5.211205
5.221934
5.234891
5.249972
5.267056
5.286006
5.306671
5.328884
5.352468
5.377234
5.402984
5.429511
5.456603
5.484042
5.511609
5.539083
5.566244
5.592874
5.618760
5.643695
5.667478
5.689920
5.710841
5.730072
5.747460
5.762866
5.776165
5.787253
5.796039
5.802454
5.806445
5.807981
5.807051
5.803660
5.797836
5.789627
5.779098
5.766332
5.751432
5.734519
5.715727
5.695206
5.673121
5.649651
5.624980
5.599308
5.572842
5.545791
5.518373
5.490809
5.463318
5.436121
5.409436
5.383476
5.358449
5.334557
5.311990
5.290929
5.271544
5.253988
5.238403
5.224914
5.213629
5.204638
5.198013
5.193807
5.192055
5.192769
5.195945
5.201556
5.209559
5.219888
5.232461
5.247178
5.263920
5.282554
5.302929
5.324883
5.348240
5.372813
5.398405
5.424810
5.451818
5.479212
5.506773
5.534279
5.561511
5.588250
5.614282
5.639398
5.663397
5.686088
5.707288
5.726827
5.744549
5.760312
5.773989
5.785472
5.794667
5.801502
5.805922
5.807890
5.807392
5.804432
5.799032
5.791237
5.781109
5.768729
5.754196
5.737626
5.719153
5.698924
5.677102
5.653860
5.629386
5.603876
5.577533
5.550570
5.523201
5.495646
5.468126
5.440862
5.414071
5.387969
5.362763
5.338658
5.315845
5.294508
5.274817
5.256929
5.240989
5.227124
5.215445
5.206046
5.199001
5.194368
5.192184
5.192465
5.195210
5.200397
5.207984
5.217911
5.230098
5.244446
5.260842
5.279154
5.299235
5.320925
5.344049
5.368423
5.393850
5.420128
5.447046
5.474388
5.501935
5.529467
5.556763
5.583604
5.609775
5.635067
5.659276
5.682210
5.703684
5.723526
5.741578
5.757694
5.771746
5.783620
5.793223
5.800477
5.805323
5.807723
5.807658
5.805129
5.800154
5.792776
5.783051
5.771060
5.756896
5.740675
5.722525
5.702593
5.681038
5.658032
5.633761
5.608418
5.582206
5.555336
5.528022
5.500484
5.472942
5.445617
5.418727
5.392488
5.367112
5.342799
5.319746
5.298137
5.278145
5.259930
5.243639
5.229401
5.217331
5.207526
5.200064
5.195005
5.192389
5.192237
5.194551
5.199313
5.206482
5.216004
5.227800
5.241777
5.257823
5.275809
5.295591
5.317011
5.339896
5.364064
5.389322
5.415465
5.442286
5.469570
5.497097
5.524648
5.552001
5.578937
5.605241
5.630702
5.655116
5.678287
5.700030
5.720170
5.738547
5.755013
5.769435
5.781699
5.791706
5.799376
5.804648
5.807480
5.807848
5.805750
5.801202
5.794241
5.784924
5.773324
5.759533
5.743664
5.725842
5.706212
5.684929
5.662165
5.638102
5.612932
5.586858
5.560088
5.532836
5.505322
5.477764
5.450385
5.423404
5.397036
5.371492
5.346979
5.323691
5.301816
5.281528
5.262990
5.246352
5.231745
5.219288
5.209079
5.201201
5.195717
5.192670
5.192085
5.193968
5.198302
5.205052
5.214166
5.225570
5.239172
5.254864
5.272520
5.291997
5.313142
5.335783
5.359740
5.384820
5.410824
5.437541
5.464759
5.492260
5.519822
5.547226
5.574251
5.600681
5.626305
5.650917
5.674320
5.696327
5.716760
5.735457
5.752268
5.767058
5.779708
5.790118
5.798203
5.803899
5.807161
5.807962
5.806296
5.802176
5.795635
5.786726
5.775520
5.762106
5.746593
5.729105
5.709780
5.688776
5.666258
5.642409
5.617419
5.591489
5.564826
5.537642
5.510158
5.482592
5.455166
5.428099
5.401608
5.375905
5.351196
5.327680
5.305543
5.284965
5.266109
5.249127
5.234156
5.221313
5.210703
5.202412
5.196504
5.193027
5.192009
5.193460
5.197365
5.203695
5.212399
5.223408
5.236631
5.251965
5.269286
5.288455
5.309319
5.331710
5.355450
5.380348
5.406204
5.432812
5.459958
5.487424
5.514992
5.542439
5.569547
5.596097
5.621877
5.646681
5.670310
5.692575
5.713296
5.732309
5.749461
5.764615
5.777648
5.788457
5.796956
5.803075
5.806767
5.808000
5.806767
5.803075
5.796956
5.788457
5.777648
5.764615
5.749461
5.732309
5.713296
5.692575
5.670310
5.646681
5.621877
5.596097
5.569547
5.542439
5.514992
5.487424
5.459958
5.432812
5.406204
5.380348
5.355450
5.331710
5.309319
5.288455
5.269286
5.251965
5.236631
5.223408
5.212399
5.203695
5.197365
5.193460
5.192009
5.193027
5.196504
5.202412
5.210703
5.221313
5.234156
5.249127
5.266109
5.284965
5.305543
5.327680
5.351196
5.375905
5.401608
5.428099
5.455166
5.482592
5.510158
5.537642
5.564826
5.591489
5.617419
5.642409
5.666258
5.688776
5.709780
5.729105
5.746593
5.762106
5.775520
5.786726
5.795635
5.802176
5.806296
5.807962
5.807161
5.803899
5.798203
5.790118
5.779708
5.767058
5.752268
5.735457
5.716760
5.696327
5.674320
5.650917
5.626305
5.600681
5.574251
5.547226
5.519822
5.492260
5.464759
5.437541
5.410824
5.384820
5.359740
5.335783
5.313142
5.291997
5.272520
5.254864
5.239172
5.225570
5.214166
5.205052
5.198302
5.193968
5.192085
5.192670
5.195717
5.201201
5.209079
5.219288
5.231745
5.246352
5.262990
5.281528
5.301816
5.323691
5.346979
5.371492
5.397036
5.423404
5.450385
5.477764
5.505322
5.532836
5.560088
5.586858
5.612932
5.638102
5.662165
5.684929
5.706212
5.725842
5.743664
5.759533
5.773324
5.784924
5.794241
5.801202
5.805750
5.807848
5.807480
5.804648
5.799376
5.791706
5.781699
5.769435
5.755013
5.738547
5.720170
5.700030
5.678287
5.655116
5.630702
5.605241
5.578937
5.552001
5.524648
5.497097
5.469570
5.442286
5.415465
5.389322
5.364064
5.339896
5.317011
5.295591
5.275809
5.257823
5.241777
5.227800
5.216004
5.206482
5.199313
5.194551
5.192237
5.192389
5.195005
5.200064
5.207526
5.217331
5.229401
5.243639
5.259930
5.278145
5.298137
5.319746
5.342799
5.367112
5.392488
5.418727
5.445617
5.472942
5.500484
5.528022
5.555336
5.582206
5.608418
5.633761
5.658032
5.681038
5.702593
5.722525
5.740675
5.756896
5.771060
5.783051
5.792776
5.800154
5.805129
5.807658
5.807723
5.805323
5.800477
5.793223
5.783620
5.771746
5.757694
5.741578
5.723526
5.703684
5.682210
5.659276
5.635067
5.609775
5.583604
5.556763
5.529467
5.501935
5.474388
5.447046
5.420128
5.393850
5.368423
5.344049
5.320925
5.299235
5.279154
5.260842
5.244446
5.230098
5.217911
5.207984
5.200397
5.195210
5.192465
5.192184
5.194368
5.199001
5.206046
5.215445
5.227124
5.240989
5.256929
5.274817
5.294508
5.315845
5.338658
5.362763
5.387969
5.414071
5.440862
5.468126
5.495646
5.523201
5.550570
5.577533
5.603876
5.629386
5.653860
5.677102
5.698924
5.719153
5.737626
5.754196
5.768729
5.781109
5.791237
5.799032
5.804432
5.807392
5.807890
5.805922
5.801502
5.794667
5.785472
5.773989
5.760312
5.744549
5.726827
5.707288
5.686088
5.663397
5.639398
5.614282
5.588250
5.561511
5.534279
5.506773
5.479212
5.451818
5.424810
5.398405
5.372813
5.348240
5.324883
5.302929
5.282554
5.263920
5.247178
5.232461
5.219888
5.209559
5.201556
5.195945
5.192769
5.192055
5.193807
5.198013
5.204638
5.213629
5.224914
5.238403
5.253988
5.271544
5.290929
5.311990
5.334557
5.358449
5.383476
5.409436
5.436121
5.463318
5.490809
5.518373
5.545791
5.572842
5.599308
5.624980
5.649651
5.673121
5.695206
5.715727
5.734519
5.751432
5.766332
5.779098
5.789627
5.797836
5.803660
5.807051
5.807981
5.806445
5.802454
5.796039
5.787253
5.776165
5.762866
5.747460
5.730072
5.710841
5.689920
5.667478
5.643695
5.618760
5.592874
5.566244
5.539083
5.511609
5.484042
5.456603
5.429511
5.402984
5.377234
5.352468
5.328884
5.306671
5.286006
5.267056
5.249972
5.234891
5.221934
5.211205
5.202789
5.196754
5.193149
5.192001
5.193322
5.197099
5.203302
5.211883
5.222772
5.235882
5.251107
5.268327
5.287403
5.308181
5.330497
5.354170
5.379012
5.404823
5.431396
5.458519
5.485974
5.513542
5.541001
5.568132
5.594717
5.620543
5.645403
5.669099
5.691440
5.712247
5.731354
5.748607
5.763869
5.777017
5.787945
5.796567
5.802813
5.806633
5.807997
5.806892
5.803330
5.797338
5.788963
5.778274
5.765355
5.750310
5.733260
5.714341
5.693706
5.671518
5.647956
5.623209
5.597475
5.570960
5.543877
5.516441
5.488875
5.461397
5.434229
5.407588
5.381687
5.356733
5.332928
5.310461
5.289513
5.270250
5.252829
5.237387
5.224049
5.212922
5.204095
5.197639
5.193604
5.192024
5.192912
5.196259
5.202041
5.210209
5.220698
5.233426
5.248288
5.265168
5.283928
5.304420
5.326478
5.349927
5.374578
5.400233
5.426688
5.453731
5.481143
5.508708
5.536201
5.563406
5.590102
5.616076
5.641121
5.665035
5.687626
5.708715
5.728132
5.745721
5.761341
5.774868
5.786193
5.795225
5.801892
5.806140
5.807936
5.807265
5.804132
5.798563
5.790602
5.780313
5.767778
5.753098
5.736390
5.717789
5.697443
5.675515
5.652181
5.627628
5.602052
5.575659
5.548660
5.521270
5.493711
5.466202
5.438963
5.412214
5.386168
5.361034
5.337013
5.314298
5.293070
5.273500
5.255745
5.239947
5.226232
5.214710
5.205474
5.198597
5.194135
5.192123
5.192578
5.195495
5.200852
5.208606
5.218694
5.231035
5.245532
5.262066
5.280508
5.300707
5.322503
5.345721
5.370175
5.395669
5.421999
5.448953
5.476317
5.503870
5.531393
5.558664
5.585464
5.611581
5.636803
5.660930
5.683767
5.705132
5.724853
5.742774
5.758749
5.772651
5.784369
5.793809
5.800896
5.805572
5.807799
5.807561
5.804859
5.799714
5.792169
5.782283
5.770135
5.755824
5.739462
5.721183
5.701131
5.679469
5.656368
5.632015
5.606604
5.580339
5.553431
5.526094
5.498549
5.471014
5.443713
5.416862
5.390677
5.365368
5.341138
5.318180
5.296679
5.276807
5.258723
5.242571
5.228482
5.216568
5.206925
5.199630
5.194741
5.192298
5.192319
5.194806
5.199738
5.207075
5.216758
5.228711
5.242837
5.259024
5.277141
5.297043
5.318571
5.341553
5.365804
5.391130
5.417328
5.444189
5.471496
5.499032
5.526576
5.553907
5.580806
5.607058
5.632452
5.656785
5.679862
5.701498
5.721519
5.739767
5.756093
5.770367
5.782476
5.792322
5.799826
5.804927
5.807586
5.807781
5.805511
5.800792
5.793664
5.784183
5.772426
5.758486
5.742476
5.724522
5.704771
5.683378
5.660517
5.636370
5.611130
5.585000
5.558188
5.530911
5.503386
5.475834
5.448476
5.421531
5.395214
5.369736
5.345302
5.322108
5.300338
5.280168
5.261759
5.245259
5.230800
5.218497
5.208449
5.200737
5.195423
5.192549
5.192137
5.194192
5.198697
5.205616
5.214893
5.226454
5.240207
5.256041
5.273829
5.293429
5.314684
5.337424
5.361465
5.386618
5.412678
5.439438
5.466683
5.494195
5.521753
5.549137
5.576128
5.602509
5.628068
5.652601
5.675912
5.697814
5.718131
5.736700
5.753373
5.768017
5.780513
5.790761
5.798681
5.804208
5.807298
5.807926
5.806087
5.801795
5.795086
5.786014
5.774649
5.761085
5.745429
5.727807
5.708359
5.687243
5.664626
5.640690
5.615628
5.589639
5.562932
5.535721
5.508224
5.480660
5.453252
5.426219
5.399776
5.374136
5.349504
5.326079
5.304047
5.283584
5.264855
5.248010
5.233183
5.220495
5.210045
5.201919
5.196180
5.192875
5.192031
5.193654
5.197731
5.204229
5.213098
5.224264
5.237640
5.253118
5.270573
5.289866
5.310843
5.333334
5.357162
5.382133
5.408049
5.434702
5.461877
5.489358
5.516925
5.544355
5.571431
5.597934
5.623652
5.648380
5.671919
5.694081
5.714688
5.733575
5.750591
5.765600
5.778481
5.789130
5.797463
5.803414
5.806933
5.807994
5.806587
5.802724
5.796436
5.787773
5.776805
5.763619
5.748322
5.731034
5.711896
5.691061
5.668694
5.644977
5.620098
5.594256
5.567660
5.540522
5.513059
5.485491
5.458040
5.430924
5.404363
5.378567
5.353744
5.330093
5.307803
5.287053
5.268009
5.250823
5.235633
5.222562
5.211712
5.203173
5.197011
5.193277
5.192000
5.193191
5.196839
5.202916
5.211373
5.222143
5.235138
5.250255
5.267373
5.286355
5.307048
5.329287
5.352893
5.377678
5.403443
5.429982
5.457081
5.484525
5.512092
5.539562
5.566716
5.593335
5.619206
5.644123
5.667884
5.690301
5.711193
5.730393
5.747748
5.763117
5.776379
5.787427
5.796172
5.802545
5.806493
5.807986
5.807012
5.803578
5.797713
5.789462
5.778893
5.766088
5.751153
5.734205
5.715381
5.694832
5.672721
5.649227
5.624538
5.598851
5.572371
5.545312
5.517891
5.490325
5.462838
5.435648
5.408973
5.383028
5.358020
5.334149
5.311607
5.290575
5.271219
5.253697
5.238148
5.224697
5.213451
5.204501
5.197918
5.193755
5.192046
5.192804
5.196023
5.201676
5.209720
5.220090
5.232701
5.247455
5.264231
5.282897
5.303301
5.325281
5.348661
5.373254
5.398861
5.425280
5.452296
5.479695
5.507257
5.534760
5.561985
5.588713
5.614730
5.639829
5.663807
5.686473
5.707645
5.727154
5.744843
5.760570
5.774210
5.785653
5.794808
5.801600
5.805977
5.807903
5.807362
5.804358
5.798916
5.791080
5.780911
5.768492
5.753922
5.737318
5.718813
5.698555
5.676705
5.653441
5.628947
5.603420
5.577065
5.550092
5.522718
5.495162
5.467645
5.440387
5.413606
5.387518
5.362330
5.338246
5.315458
5.294147
5.274487
5.256632
5.240727
5.226900
5.215261
5.205902
5.198899
5.194309
5.192168
5.192492
5.195281
5.200510
5.208139
5.218106
5.230331
5.244717
5.261147
5.279491
5.299603
5.321319
5.344466
5.368860
5.394304
5.420595
5.447523
5.474870
5.502419
5.529949
5.557238
5.584069
5.610227
5.635501
5.659690
5.682600
5.704047
5.723859
5.741878
5.757958
5.771973
5.783809
5.793371
5.800582
5.805386
5.807743
5.807635
5.805062
5.800045
5.792625
5.782860
5.770829
5.756629
5.740373
5.722190
5.702229
5.680646
5.657617
5.633325
5.607965
5.581739
5.554860
5.527540
5.500000
5.472460
5.445140
5.418261
5.392035
5.366675
5.342383
5.319354
5.297771
5.277810
5.259627
5.243371
5.229171
5.217140
5.207375
5.199955
5.194938
5.192365
5.192257
5.194614
5.199418
5.206629
5.216191
5.228027
5.242042
5.258122
5.276141
5.295953
5.317400
5.340310
5.364499
5.389773
5.415931
5.442762
5.470051
5.497581
5.525130
5.552477
5.579405
5.605696
5.631140
5.655534
5.678681
5.700397
5.720509
5.738853
5.755283
5.769669
5.781894
5.791861
5.799490
5.804719
5.807508
5.807832
5.805691
5.801101
5.794098
5.784739
5.773100
5.759273
5.743368
5.725513
5.705853
5.684542
5.661754
5.637670
5.612482
5.586394
5.559613
5.532355
5.504838
5.477282
5.449908
5.422935
5.396580
5.371053
5.346559
5.323295
5.301445
5.281187
5.262682
5.246078
5.231508
5.219089
5.208920
5.201084
5.195642
5.192638
5.192097
5.194023
5.198400
5.205192
5.214347
5.225790
5.239430
5.255157
5.272846
5.292355
5.313527
5.336193
5.360171
5.385270
5.411287
5.438015
5.465240
5.492743
5.520305
5.547704
5.574720
5.601139
5.626746
5.651339
5.674719
5.696699
5.717103
5.735769
5.752545
5.767299
5.779910
5.790280
5.798324
5.803977
5.807196
5.807954
5.806245
5.802082
5.795499
5.786549
5.775303
5.761852
5.746303
5.728781
5.709425
5.688393
5.665851
5.641980
5.616972
5.591027
5.564352
5.537162
5.509675
5.482109
5.454688
5.427629
5.401149
5.375462
5.350773
5.327279
5.305168
5.284619
5.265795
5.248847
5.233912
5.221107
5.210538
5.202287
5.196422
5.192988
5.192014
5.193507
5.197455
5.203828
5.212573
5.223621
5.236883
5.252252
5.269607
5.288807
5.309699
5.332116
5.355877
5.380794
5.406665
5.433284
5.460438
5.487908
5.515475
5.542919
5.570018
5.596557
5.622322
5.647107
5.670713
5.692952
5.713645
5.732627
5.749745
5.764862
5.777857
5.788627
5.797084
5.803161
5.806809
5.808000
5.806723
5.802989
5.796827
5.788288
5.777438
5.764367
5.749177
5.731991
5.712947
5.692197
5.669907
5.646256
5.621433
5.595637
5.569076
5.541960
5.514509
5.486941
5.459478
5.432340
5.405744
5.379902
5.355023
5.331306
5.308939
5.288104
5.268966
5.251678
5.236381
5.223195
5.212227
5.203564
5.197276
5.193413
5.192006
5.193067
5.196586
5.202537
5.210870
5.221519
5.234400
5.249409
5.266425
5.285312
5.305919
5.328081
5.351620
5.376348
5.402066
5.428569
5.455645
5.483075
5.510642
5.538123
5.565298
5.591951
5.617867
5.642838
5.666666
5.689157
5.710134
5.729427
5.746882
5.762360
5.775736
5.786902
5.795771
5.802269
5.806346
5.807969
5.807125
5.803820
5.798081
5.789955
5.779505
5.766817
5.751990
5.735145
5.716416
5.695953
5.673921
5.650496
5.625864
5.600224
5.573781
5.546748
5.519340
5.491776
5.464279
5.437068
5.410361
5.384372
5.359310
5.335374
5.312757
5.291641
5.272193
5.254571
5.238915
5.225351
5.213986
5.204914
5.198205
5.193913
5.192074
5.192702
5.195792
5.201319
5.209239
5.219487
5.231983
5.246627
5.263300
5.281869
5.302186
5.324088
5.347399
5.371932
5.397491
5.423872
5.450863
5.478247
5.505805
5.533317
5.560562
5.587322
5.613382
5.638535
5.662576
5.685316
5.706571
5.726171
5.743959
5.759793
5.773546
5.785107
5.794384
5.801303
5.805808
5.807863
5.807451
5.804577
5.799263
5.791551
5.781503
5.769200
5.754741
5.738241
5.719832
5.699662
5.677892
5.654698
5.630264
5.604786
5.578469
5.551524
5.524166
5.496614
5.469089
5.441812
5.415000
5.388870
5.363630
5.339483
5.316622
5.295229
5.275478
5.257524
5.241514
5.227574
5.215817
5.206336
5.199208
5.194489
5.192219
5.192414
5.195073
5.200174
5.207678
5.217524
5.229633
5.243907
5.260233
5.278481
5.298502
5.320138
5.343215
5.367548
5.392942
5.419194
5.446093
5.473424
5.500968
5.528504
5.555811
5.582672
5.608870
5.634196
5.658447
5.681429
5.702957
5.722859
5.740976
5.757163
5.771289
5.783242
5.792925
5.800262
5.805194
5.807681
5.807702
5.805259
5.800370
5.793075
5.783432
5.771518
5.757429
5.741277
5.723193
5.703321
5.681820
5.658862
5.634632
5.609323
5.583138
5.556287
5.528986
5.501451
5.473906
5.446569
5.419661
5.393396
5.367985
5.343632
5.320531
5.298869
5.278817
5.260538
5.244176
5.229865
5.217717
5.207831
5.200286
5.195141
5.192439
5.192201
5.194428
5.199104
5.206191
5.215631
5.227349
5.241251
5.257226
5.275147
5.294868
5.316233
5.339070
5.363197
5.388419
5.414536
5.441336
5.468607
5.496130
5.523683
5.551047
5.578001
5.604331
5.629825
5.654279
5.677497
5.699293
5.719492
5.737934
5.754468
5.768965
5.781306
5.791394
5.799148
5.804505
5.807422
5.807877
5.805865
5.801403
5.794526
5.785290
5.773768
5.760053
5.744255
5.726500
5.706930
5.685702
5.662987
5.638966
5.613832
5.587786
5.561037
5.533798
5.506289
5.478730
5.451340
5.424341
5.397948
5.372372
5.347819
5.324485
5.302557
5.282211
5.263610
5.246902
5.232222
5.219687
5.209398
5.201437
5.195868
5.192735
5.192064
5.193860
5.198108
5.204775
5.213807
5.225132
5.238659
5.254279
5.271868
5.291285
5.312374
5.334965
5.358879
5.383924
5.409898
5.436594
5.463799
5.491292
5.518857
5.546269
5.573312
5.599767
5.625422
5.650073
5.673522
5.695580
5.716072
5.734832
5.751712
5.766574
5.779302
5.789791
5.797959
5.803741
5.807088
5.807976
5.806396
5.802361
5.795905
5.787078
5.775951
5.762613
5.747171
5.729750
5.710487
5.689539
5.667072
5.643267
5.618313
5.592412
5.565771
5.538603
5.511125
5.483559
5.456123
5.429040
5.402525
5.376791
5.352044
5.328482
5.306294
5.285659
5.266740
5.249690
5.234645
5.221726
5.211037
5.202662
5.196670
5.193108
5.192003
5.193367
5.197187
5.203433
5.212055
5.222983
5.236131
5.251393
5.268646
5.287753
5.308560
5.330901
5.354597
5.379457
5.405283
5.431868
5.458999
5.486458
5.514026
5.541481
5.568604
5.595177
5.620988
5.645830
5.669503
5.691819
5.712597
5.731673
5.748893
5.764118
5.777228
5.788117
5.796698
5.802901
5.806678
5.807999
5.806851
5.803246
5.797211
5.788795
5.778066
5.765109
5.750028
5.732944
5.713994
5.693329
5.671116
5.647532
5.622766
5.597016
5.570489
5.543397
5.515958
5.488391
5.460917
5.433756
5.407126
5.381240
5.356305
5.332522
5.310080
5.289159
5.269928
5.252540
5.237134
5.223835
5.212747
5.203961
5.197546
5.193555
5.192019
5.192949
5.196340
5.202164
5.210373
5.220902
5.233668
5.248568
5.265481
5.284273
5.304794
5.326879
5.350349
5.375020
5.400692
5.427158
5.454209
5.481627
5.509191
5.536682
5.563879
5.590564
5.616524
5.641551
5.665443
5.688010
5.709071
5.728456
5.746012
5.761597
5.775086
5.786371
5.795362
5.801987
5.806193
5.807945
5.807231
5.804055
5.798444
5.790441
5.780112
5.767539
5.752822
5.736080
5.717446
5.697071
5.675117
5.651760
5.627187
5.601595
5.575190
5.548182
5.520788
5.493227
5.465721
5.438489
5.411750
5.385718
5.360602
5.336603
5.313912
5.292712
5.273173
5.255451
5.239688
5.226011
5.214528
5.205333
5.198498
5.194078
5.192110
5.192608
5.195568
5.200968
5.208763
5.218891
5.231271
5.245804
5.262374
5.280847
5.301076
5.322898
5.346140
5.370614
5.396124
5.422467
5.449430
5.476799
5.504354
5.531874
5.559138
5.585929
5.612031
5.637237
5.661342
5.684155
5.705492
5.725183
5.743071
5.759011
5.772876
5.784555
5.793954
5.800999
5.805632
5.807816
5.807535
5.804790
5.799603
5.792016
5.782089
5.769902
5.755554
5.739158
5.720846
5.700765
5.679075
5.655951
5.631577
5.606150
5.579872
5.552954
5.525612
5.498065
5.470533
5.443237
5.416396
5.390225
5.364933
5.340724
5.317790
5.296316
5.276474
5.258422
5.242306
5.228254
5.216380
5.206777
5.199523
5.194677
5.192277
5.192342
5.194871
5.199846
5.207224
5.216949
5.228940
5.243104
5.259325
5.277475
5.297407
5.318962
5.341968
5.366239
5.391582
5.417794
5.444664
5.471978
5.499516
5.527058
5.554383
5.581273
5.607512
5.632888
5.657201
5.680254
5.701863
5.721855
5.740070
5.756361
5.770599
5.782669
5.792474
5.799936
5.804995
5.807611
5.807763
5.805449
5.800687
5.793518
5.783996
5.772200
5.758223
5.742177
5.724191
5.704409
5.682989
5.660104
5.635936
5.610678
5.584535
5.557714
5.530430
5.502903
5.475352
5.447999
5.421063
5.394759
5.369298
5.344884
5.321713
5.299970
5.279830
5.261453
5.244987
5.230565
5.218301
5.208294
5.200624
5.195352
5.192520
5.192152
5.194250
5.198798
5.205759
5.215076
5.226676
5.240467
5.256336
5.274158
5.293788
5.315071
5.337835
5.361898
5.387068
5.413142
5.439912
5.467164
5.494678
5.522236
5.549615
5.576596
5.602964
5.628508
5.653021
5.676309
5.698184
5.718472
5.737010
5.753648
5.768255
5.780712
5.790921
5.798799
5.804283
5.807330
5.807915
5.806032
5.801698
5.794948
5.785834
5.774430
5.760828
5.745136
5.727480
5.708003
5.686858
5.664217
5.640260
5.615180
5.589176
5.562459
5.535241
5.507740
5.480178
5.452774
5.425749
5.399319
5.373695
5.349083
5.325680
5.303673
5.283240
5.264543
5.247732
5.232942
5.220292
5.209882
5.201797
5.196101
5.192839
5.192038
5.193704
5.197824
5.204365
5.213274
5.224480
5.237894
5.253407
5.270895
5.290220
5.311224
5.333742
5.357591
5.382581
5.408511
5.435174
5.462358
5.489842
5.517408
5.544834
5.571901
5.598392
5.624095
5.648804
5.672320
5.694457
5.715035
5.733891
5.750873
5.765844
5.778687
5.789297
5.797588
5.803496
5.806973
5.807991
5.806540
5.802635
5.796305
5.787601
5.776592
5.763369
5.748035
5.730714
5.711545
5.690681
5.668290
5.644550
5.619652
5.593796
5.567188
5.540042
5.512576
5.485008
5.457561
5.430453
5.403903
5.378123
5.353319
5.329690
5.307425
5.286704
5.267691
5.250539
5.235385
5.222352
5.211543
5.203044
5.196925
5.193233
5.192000
5.193233
5.196925
5.203044
5.211543
5.222352
5.235385
5.250539
5.267691
5.286704
5.307425
5.329690
5.353319
5.378123
5.403903
5.430453
5.457561
5.485008
5.512576
5.540042
5.567188
5.593796
5.619652
5.644550
5.668290
5.690681
5.711545
5.730714
5.748035
5.763369
5.776592
5.787601
5.796305
5.802635
5.806540
5.807991
5.806973
5.803496
5.797588
5.789297
5.778687
5.765844
5.750873
5.733891
5.715035
5.694457
5.672320
5.648804
5.624095
5.598392
5.571901
5.544834
5.517408
5.489842
5.462358
5.435174
5.408511
5.382581
5.357591
5.333742
5.311224
5.290220
5.270895
5.253407
5.237894
5.224480
5.213274
5.204365
5.197824
5.193704
5.192038
5.192839
5.196101
5.201797
5.209882
5.220292
5.232942
5.247732
5.264543
5.283240
5.303673
5.325680
5.349083
5.373695
5.399319
5.425749
5.452774
5.480178
5.507740
5.535241
5.562459
5.589176
5.615180
5.640260
5.664217
5.686858
5.708003
5.727480
5.745136
5.760828
5.774430
5.785834
5.794948
5.801698
5.806032
5.807915
5.807330
5.804283
5.798799
5.790921
5.780712
5.768255
5.753648
5.737010
5.718472
5.698184
5.676309
5.653021
5.628508
5.602964
5.576596
5.549615
5.522236
5.494678
5.467164
5.439912
5.413142
5.387068
5.361898
5.337835
5.315071
5.293788
5.274158
5.256336
5.240467
5.226676
5.215076
5.205759
5.198798
5.194250
5.192152
5.192520
5.195352
5.200624
5.208294
5.218301
5.230565
5.244987
5.261453
5.279830
5.299970
5.321713
5.344884
5.369298
5.394759
5.421063
5.447999
5.475352
5.502903
5.530430
5.557714
5.584535
5.610678
5.635936
5.660104
5.682989
5.704409
5.724191
5.742177
5.758223
5.772200
5.783996
5.793518
5.800687
5.805449
5.807763
5.807611
5.804995
5.799936
5.792474
5.782669
5.770599
5.756361
5.740070
5.721855
5.701863
5.680254
5.657201
5.632888
5.607512
5.581273
5.554383
5.527058
5.499516
5.471978
5.444664
5.417794
5.391582
5.366239
5.341968
5.318962
5.297407
5.277475
5.259325
5.243104
5.228940
5.216949
5.207224
5.199846
5.194871
5.192342
5.192277
5.194677
5.199523
5.206777
5.216380
5.228254
5.242306
5.258422
5.276474
5.296316
5.317790
5.340724
5.364933
5.390225
5.416396
5.443237
5.470533
5.498065
5.525612
5.552954
5.579872
5.606150
5.631577
5.655951
5.679075
5.700765
5.720846
5.739158
5.755554
5.769902
5.782089
5.792016
5.799603
5.804790
5.807535
5.807816
5.805632
5.800999
5.793954
5.784555
5.772876
5.759011
5.743071
5.725183
5.705492
5.684155
5.661342
5.637237
5.612031
5.585929
5.559138
5.531874
5.504354
5.476799
5.449430
5.422467
5.396124
5.370614
5.346140
5.322898
5.301076
5.280847
5.262374
5.245804
5.231271
5.218891
5.208763
5.200968
5.195568
5.192608
5.192110
5.194078
5.198498
5.205333
5.214528
5.226011
5.239688
5.255451
5.273173
5.292712
5.313912
5.336603
5.360602
5.385718
5.411750
5.438489
5.465721
5.493227
5.520788
5.548182
5.575190
5.601595
5.627187
5.651760
5.675117
5.697071
5.717446
5.736080
5.752822
5.767539
5.780112
5.790441
5.798444
5.804055
5.807231
5.807945
5.806193
5.801987
5.795362
5.786371
5.775086
5.761597
5.746012
5.728456
5.709071
5.688010
5.665443
5.641551
5.616524
5.590564
5.563879
5.536682
5.509191
5.481627
5.454209
5.427158
5.400692
5.375020
5.350349
5.326879
5.304794
5.284273
5.265481
5.248568
5.233668
5.220902
5.210373
5.202164
5.196340
5.192949
5.192019
5.193555
5.197546
5.203961
5.212747
5.223835
5.237134
5.252540
5.269928
5.289159
5.310080
5.332522
5.356305
5.381240
5.407126
5.433756
5.460917
5.488391
5.515958
5.543397
5.570489
5.597016
5.622766
5.647532
5.671116
5.693329
5.713994
5.732944
5.750028
5.765109
5.778066
5.788795
5.797211
5.803246
5.806851
5.807999
5.806678
5.802901
5.796698
5.788117
5.777228
5.764118
5.748893
5.731673
5.712597
5.691819
5.669503
5.645830
5.620988
5.595177
5.568604
5.541481
5.514026
5.486458
5.458999
5.431868
5.405283
5.379457
5.354597
5.330901
5.308560
5.287753
5.268646
5.251393
5.236131
5.222983
5.212055
5.203433
5.197187
5.193367
5.192003
5.193108
5.196670
5.202662
5.211037
5.221726
5.234645
5.249690
5.266740
5.285659
5.306294
5.328482
5.352044
5.376791
5.402525
5.429040
5.456123
5.483559
5.511125
5.538603
5.565771
5.592412
5.618313
5.643267
5.667072
5.689539
5.710487
5.729750
5.747171
5.762613
5.775951
5.787078
5.795905
5.802361
5.806396
5.807976
5.807088
5.803741
5.797959
5.789791
5.779302
5.766574
5.751712
5.734832
5.716072
5.695580
5.673522
5.650073
5.625422
5.599767
5.573312
5.546269
5.518857
5.491292
5.463799
5.436594
5.409898
5.383924
5.358879
5.334965
5.312374
5.291285
5.271868
5.254279
5.238659
5.225132
5.213807
5.204775
5.198108
5.193860
5.192064
5.192735
5.195868
5.201437
5.209398
5.219687
5.232222
5.246902
5.263610
5.282211
5.302557
5.324485
5.347819
5.372372
5.397948
5.424341
5.451340
5.478730
5.506289
5.533798
5.561037
5.587786
5.613832
5.638966
5.662987
5.685702
5.706930
5.726500
5.744255
5.760053
5.773768
5.785290
5.794526
5.801403
5.805865
5.807877
5.807422
5.804505
5.799148
5.791394
5.781306
5.768965
5.754468
5.737934
5.719492
5.699293
5.677497
5.654279
5.629825
5.604331
5.578001
5.551047
5.523683
5.496130
5.468607
5.441336
5.414536
5.388419
5.363197
5.339070
5.316233
5.294868
5.275147
5.257226
5.241251
5.227349
5.215631
5.206191
5.199104
5.194428
5.192201
5.192439
5.195141
5.200286
5.207831
5.217717
5.229865
5.244176
5.260538
5.278817
5.298869
5.320531
5.343632
5.367985
5.393396
5.419661
5.446569
5.473906
5.501451
5.528986
5.556287
5.583138
5.609323
5.634632
5.658862
5.681820
5.703321
5.723193
5.741277
5.757429
5.771518
5.783432
5.793075
5.800370
5.805259
5.807702
5.807681
5.805194
5.800262
5.792925
5.783242
5.771289
5.757163
5.740976
5.722859
5.702957
5.681429
5.658447
5.634196
5.608870
5.582672
5.555811
5.528504
5.500968
5.473424
5.446093
5.419194
5.392942
5.367548
5.343215
5.320138
5.298502
5.278481
5.260233
5.243907
5.229633
5.217524
5.207678
5.200174
5.195073
5.192414
5.192219
5.194489
5.199208
5.206336
5.215817
5.227574
5.241514
5.257524
5.275478
5.295229
5.316622
5.339483
5.363630
5.388870
5.415000
5.441812
5.469089
5.496614
5.524166
5.551524
5.578469
5.604786
5.630264
5.654698
5.677892
5.699662
5.719832
5.738241
5.754741
5.769200
5.781503
5.791551
5.799263
5.804577
5.807451
5.807863
5.805808
5.801303
5.794384
5.785107
5.773546
5.759793
5.743959
5.726171
5.706571
5.685316
5.662576
5.638535
5.613382
5.587322
5.560562
5.533317
5.505805
5.478247
5.450863
5.423872
5.397491
5.371932
5.347399
5.324088
5.302186
5.281869
5.263300
5.246627
5.231983
5.219487
5.209239
5.201319
5.195792
5.192702
5.192074
5.193913
5.198205
5.204914
5.213986
5.225351
5.238915
5.254571
5.272193
5.291641
5.312757
5.335374
5.359310
5.384372
5.410361
5.437068
5.464279
5.491776
5.519340
5.546748
5.573781
5.600224
5.625864
5.650496
5.673921
5.695953
5.716416
5.735145
5.751990
5.766817
5.779505
5.789955
5.798081
5.803820
5.807125
5.807969
5.806346
5.802269
5.795771
5.786902
5.775736
5.762360
5.746882
5.729427
5.710134
5.689157
5.666666
5.642838
5.617867
5.591951
5.565298
5.538123
5.510642
5.483075
5.455645
5.428569
5.402066
5.376348
5.351620
5.328081
5.305919
5.285312
5.266425
5.249409
5.234400
5.221519
5.210870
5.202537
5.196586
5.193067
5.192006
5.193413
5.197276
5.203564
5.212227
5.223195
5.236381
5.251678
5.268966
5.288104
5.308939
5.331306
5.355023
5.379902
5.405744
5.432340
5.459478
5.486941
5.514509
5.541960
5.569076
5.595637
5.621433
5.646256
5.669907
5.692197
5.712947
5.731991
5.749177
5.764367
5.777438
5.788288
5.796827
5.802989
5.806723
5.808000
5.806809
5.803161
5.797084
5.788627
5.777857
5.764862
5.749745
5.732627
5.713645
5.692952
5.670713
5.647107
5.622322
5.596557
5.570018
5.542919
5.515475
5.487908
5.460438
5.433284
5.406665
5.380794
5.355877
5.332116
5.309699
5.288807
5.269607
5.252252
5.236883
5.223621
5.212573
5.203828
5.197455
5.193507
5.192014
5.192988
5.196422
5.202287
5.210538
5.221107
5.233912
5.248847
5.265795
5.284619
5.305168
5.327279
5.350773
5.375462
5.401149
5.427629
5.454688
5.482109
5.509675
5.537162
5.564352
5.591027
5.616972
5.641980
5.665851
5.688393
5.709425
5.728781
5.746303
5.761852
5.775303
5.786549
5.795499
5.802082
5.806245
5.807954
5.807196
5.803977
5.798324
5.790280
5.779910
5.767299
5.752545
5.735769
5.717103
5.696699
5.674719
5.651339
5.626746
5.601139
5.574720
5.547704
5.520305
5.492743
5.465240
5.438015
5.411287
5.385270
5.360171
5.336193
5.313527
5.292355
5.272846
5.255157
5.239430
5.225790
5.214347
5.205192
5.198400
5.194023
5.192097
5.192638
5.195642
5.201084
5.208920
5.219089
5.231508
5.246078
5.262682
5.281187
5.301445
5.323295
5.346559
5.371053
5.396580
5.422935
5.449908
5.477282
5.504838
5.532355
5.559613
5.586394
5.612482
5.637670
5.661754
5.684542
5.705853
5.725513
5.743368
5.759273
5.773100
5.784739
5.794098
5.801101
5.805691
5.807832
5.807508
5.804719
5.799490
5.791861
5.781894
5.769669
5.755283
5.738853
5.720509
5.700397
5.678681
5.655534
5.631140
5.605696
5.579405
5.552477
5.525130
5.497581
5.470051
5.442762
5.415931
5.389773
5.364499
5.340310
5.317400
5.295953
5.276141
5.258122
5.242042
5.228027
5.216191
5.206629
5.199418
5.194614
5.192257
5.192365
5.194938
5.199955
5.207375
5.217140
5.229171
5.243371
5.259627
5.277810
5.297771
5.319354
5.342383
5.366675
5.392035
5.418261
5.445140
5.472460
5.500000
5.527540
5.554860
5.581739
5.607965
5.633325
5.657617
5.680646
5.702229
5.722190
5.740373
5.756629
5.770829
5.782860
5.792625
5.800045
5.805062
5.807635
5.807743
5.805386
5.800582
5.793371
5.783809
5.771973
5.757958
5.741878
5.723859
5.704047
5.682600
5.659690
5.635501
5.610227
5.584069
5.557238
5.529949
5.502419
5.474870
5.447523
5.420595
5.394304
5.368860
5.344466
5.321319
5.299603
5.279491
5.261147
5.244717
5.230331
5.218106
5.208139
5.200510
5.195281
5.192492
5.192168
5.194309
5.198899
5.205902
5.215261
5.226900
5.240727
5.256632
5.274487
5.294147
5.315458
5.338246
5.362330
5.387518
5.413606
5.440387
5.467645
5.495162
5.522718
5.550092
5.577065
5.603420
5.628947
5.653441
5.676705
5.698555
5.718813
5.737318
5.753922
5.768492
5.780911
5.791080
5.798916
5.804358
5.807362
5.807903
5.805977
5.801600
5.794808
5.785653
5.774210
5.760570
5.744843
5.727154
5.707645
5.686473
5.663807
5.639829
5.614730
5.588713
5.561985
5.534760
5.507257
5.479695
5.452296
5.425280
5.398861
5.373254
5.348661
5.325281
5.303301
5.282897
5.264231
5.247455
5.232701
5.220090
5.209720
5.201676
5.196023
5.192804
5.192046
5.193755
5.197918
5.204501
5.213451
5.224697
5.238148
5.253697
5.271219
5.290575
5.311607
5.334149
5.358020
5.383028
5.408973
5.435648
5.462838
5.490325
5.517891
5.545312
5.572371
5.598851
5.624538
5.649227
5.672721
5.694832
5.715381
5.734205
5.751153
5.766088
5.778893
5.789462
5.797713
5.803578
5.807012
5.807986
5.806493
5.802545
5.796172
5.787427
5.776379
5.763117
5.747748
5.730393
5.711193
5.690301
5.667884
5.644123
5.619206
5.593335
5.566716
5.539562
5.512092
5.484525
5.457081
5.429982
5.403443
5.377678
5.352893
5.329287
5.307048
5.286355
5.267373
5.250255
5.235138
5.222143
5.211373
5.202916
5.196839
5.193191
5.192000
5.193277
5.197011
5.203173
5.211712
5.222562
5.235633
5.250823
5.268009
5.287053
5.307803
5.330093
5.353744
5.378567
5.404363
5.430924
5.458040
5.485491
5.513059
5.540522
5.567660
5.594256
5.620098
5.644977
5.668694
5.691061
5.711896
5.731034
5.748322
5.763619
5.776805
5.787773
5.796436
5.802724
5.806587
5.807994
5.806933
5.803414
5.797463
5.789130
5.778481
5.765600
5.750591
5.733575
5.714688
5.694081
5.671919
5.648380
5.623652
5.597934
5.571431
5.544355
5.516925
5.489358
5.461877
5.434702
5.408049
5.382133
5.357162
5.333334
5.310843
5.289866
5.270573
5.253118
5.237640
5.224264
5.213098
5.204229
5.197731
5.193654
5.192031
5.192875
5.196180
5.201919
5.210045
5.220495
5.233183
5.248010
5.264855
5.283584
5.304047
5.326079
5.349504
5.374136
5.399776
5.426219
5.453252
5.480660
5.508224
5.535721
5.562932
5.589639
5.615628
5.640690
5.664626
5.687243
5.708359
5.727807
5.745429
5.761085
5.774649
5.786014
5.795086
5.801795
5.806087
5.807926
5.807298
5.804208
5.798681
5.790761
5.780513
5.768017
5.753373
5.736700
5.718131
5.697814
5.675912
5.652601
5.628068
5.602509
5.576128
5.549137
5.521753
5.494195
5.466683
5.439438
5.412678
5.386618
5.361465
5.337424
5.314684
5.293429
5.273829
5.256041
5.240207
5.226454
5.214893
5.205616
5.198697
5.194192
5.192137
5.192549
5.195423
5.200737
5.208449
5.218497
5.230800
5.245259
5.261759
5.280168
5.300338
5.322108
5.345302
5.369736
5.395214
5.421531
5.448476
5.475834
5.503386
5.530911
5.558188
5.585000
5.611130
5.636370
5.660517
5.683378
5.704771
5.724522
5.742476
5.758486
5.772426
5.784183
5.793664
5.800792
5.805511
5.807781
5.807586
5.804927
5.799826
5.792322
5.782476
5.770367
5.756093
5.739767
5.721519
5.701498
5.679862
5.656785
5.632452
5.607058
5.580806
5.553907
5.526576
5.499032
5.471496
5.444189
5.417328
5.391130
5.365804
5.341553
5.318571
5.297043
5.277141
5.259024
5.242837
5.228711
5.216758
5.207075
5.199738
5.194806
5.192319
5.192298
5.194741
5.199630
5.206925
5.216568
5.228482
5.242571
5.258723
5.276807
5.296679
5.318180
5.341138
5.365368
5.390677
5.416862
5.443713
5.471014
5.498549
5.526094
5.553431
5.580339
5.606604
5.632015
5.656368
5.679469
5.701131
5.721183
5.739462
5.755824
5.770135
5.782283
5.792169
5.799714
5.804859
5.807561
5.807799
5.805572
5.800896
5.793809
5.784369
5.772651
5.758749
5.742774
5.724853
5.705132
5.683767
5.660930
5.636803
5.611581
5.585464
5.558664
5.531393
5.503870
5.476317
5.448953
5.421999
5.395669
5.370175
5.345721
5.322503
5.300707
5.280508
5.262066
5.245532
5.231035
5.218694
5.208606
5.200852
5.195495
5.192578
5.192123
5.194135
5.198597
5.205474
5.214710
5.226232
5.239947
5.255745
5.273500
5.293070
5.314298
5.337013
5.361034
5.386168
5.412214
5.438963
5.466202
5.493711
5.521270
5.548660
5.575659
5.602052
5.627628
5.652181
5.675515
5.697443
5.717789
5.736390
5.753098
5.767778
5.780313
5.790602
5.798563
5.804132
5.807265
5.807936
5.806140
5.801892
5.795225
5.786193
5.774868
5.761341
5.745721
5.728132
5.708715
5.687626
5.665035
5.641121
5.616076
5.590102
5.563406
5.536201
5.508708
5.481143
5.453731
5.426688
5.400233
5.374578
5.349927
5.326478
5.304420
5.283928
5.265168
5.248288
5.233426
5.220698
5.210209
5.202041
5.196259
5.192912
5.192024
5.193604
5.197639
5.204095
5.212922
5.224049
5.237387
5.252829
5.270250
5.289513
5.310461
5.332928
5.356733
5.381687
5.407588
5.434229
5.461397
5.488875
5.516441
5.543877
5.570960
5.597475
5.623209
5.647956
5.671518
5.693706
5.714341
5.733260
5.750310
5.765355
5.778274
5.788963
5.797338
5.803330
5.806892
5.807997
5.806633
5.802813
5.796567
5.787945
5.777017
5.763869
5.748607
5.731354
5.712247
5.691440
5.669099
5.645403
5.620543
5.594717
5.568132
5.541001
5.513542
5.485974
5.458519
5.431396
5.404823
5.379012
5.354170
5.330497
5.308181
5.287403
5.268327
5.251107
5.235882
5.222772
5.211883
5.203302
5.197099
5.193322
5.192001
5.193149
5.196754
5.202789
5.211205
5.221934
5.234891
5.249972
5.267056
5.286006
5.306671
5.328884
5.352468
5.377234
5.402984
5.429511
5.456603
5.484042
5.511609
5.539083
5.566244
5.592874
5.618760
5.643695
5.667478
5.689920
5.710841
5.730072
5.747460
5.762866
5.776165
5.787253
5.796039
5.802454
5.806445
5.807981
5.807051
5.803660
5.797836
5.789627
5.779098
5.766332
5.751432
5.734519
5.715727
5.695206
5.673121
5.649651
5.624980
5.599308
5.572842
5.545791
5.518373
5.490809
5.463318
5.436121
5.409436
5.383476
5.358449
5.334557
5.311990
5.290929
5.271544
5.253988
5.238403
5.224914
5.213629
5.204638
5.198013
5.193807
5.192055
5.192769
5.195945
5.201556
5.209559
5.219888
5.232461
5.247178
5.263920
5.282554
5.302929
5.324883
5.348240
5.372813
5.398405
5.424810
5.451818
5.479212
5.506773
5.534279
5.561511
5.588250
5.614282
5.639398
5.663397
5.686088
5.707288
5.726827
5.744549
5.760312
5.773989
5.785472
5.794667
5.801502
5.805922
5.807890
5.807392
5.804432
5.799032
5.791237
5.781109
5.768729
5.754196
5.737626
5.719153
5.698924
5.677102
5.653860
5.629386
5.603876
5.577533
5.550570
5.523201
5.495646
5.468126
5.440862
5.414071
5.387969
5.362763
5.338658
5.315845
5.294508
5.274817
5.256929
5.240989
5.227124
5.215445
5.206046
5.199001
5.194368
5.192184
5.192465
5.195210
5.200397
5.207984
5.217911
5.230098
5.244446
5.260842
5.279154
5.299235
5.320925
5.344049
5.368423
5.393850
5.420128
5.447046
5.474388
5.501935
5.529467
5.556763
5.583604
5.609775
5.635067
5.659276
5.682210
5.703684
5.723526
5.741578
5.757694
5.771746
5.783620
5.793223
5.800477
5.805323
5.807723
5.807658
5.805129
5.800154
5.792776
5.783051
5.771060
5.756896
5.740675
5.722525
5.702593
5.681038
5.658032
5.633761
5.608418
5.582206
5.555336
5.528022
5.500484
5.472942
5.445617
5.418727
5.392488
5.367112
5.342799
5.319746
5.298137
5.278145
5.259930
5.243639
5.229401
5.217331
5.207526
5.200064
5.195005
5.192389
5.192237
5.194551
5.199313
5.206482
5.216004
5.227800
5.241777
5.257823
5.275809
5.295591
5.317011
5.339896
5.364064
5.389322
5.415465
5.442286
5.469570
5.497097
5.524648
5.552001
5.578937
5.605241
5.630702
5.655116
5.678287
5.700030
5.720170
5.738547
5.755013
5.769435
5.781699
5.791706
5.799376
5.804648
5.807480
5.807848
5.805750
5.801202
5.794241
5.784924
5.773324
5.759533
5.743664
5.725842
5.706212
5.684929
5.662165
5.638102
5.612932
5.586858
5.560088
5.532836
5.505322
5.477764
5.450385
5.423404
5.397036
5.371492
5.346979
5.323691
5.301816
5.281528
5.262990
5.246352
5.231745
5.219288
5.209079
5.201201
5.195717
5.192670
5.192085
5.193968
5.198302
5.205052
5.214166
5.225570
5.239172
5.254864
5.272520
5.291997
5.313142
5.335783
5.359740
5.384820
5.410824
5.437541
5.464759
5.492260
5.519822
5.547226
5.574251
5.600681
5.626305
5.650917
5.674320
5.696327
5.716760
5.735457
5.752268
5.767058
5.779708
5.790118
5.798203
5.803899
5.807161
5.807962
5.806296
5.802176
5.795635
5.786726
5.775520
5.762106
5.746593
5.729105
5.709780
5.688776
5.666258
5.642409
5.617419
5.591489
5.564826
5.537642
5.510158
5.482592
5.455166
5.428099
5.401608
5.375905
5.351196
5.327680
5.305543
5.284965
5.266109
5.249127
5.234156
5.221313
5.210703
5.202412
5.196504
5.193027
5.192009
5.193460
5.197365
5.203695
5.212399
5.223408
5.236631
5.251965
5.269286
5.288455
5.309319
5.331710
5.355450
5.380348
5.406204
5.432812
5.459958
5.487424
5.514992
5.542439
5.569547
5.596097
5.621877
5.646681
5.670310
5.692575
5.713296
5.732309
5.749461
5.764615
5.777648
5.788457
5.796956
5.803075
5.806767
5.808000
5.806767
5.803075
5.796956
5.788457
5.777648
5.764615
5.749461
5.732309
5.713296
5.692575
5.670310
5.646681
5.621877
5.596097
5.569547
5.542439
5.514992
5.487424
5.459958
5.432812
5.406204
5.380348
5.355450
5.331710
5.309319
5.288455
5.269286
5.251965
5.236631
5.223408
5.212399
5.203695
5.197365
5.193460
5.192009
5.193027
5.196504
5.202412
5.210703
5.221313
5.234156
5.249127
5.266109
5.284965
5.305543
5.327680
5.351196
5.375905
5.401608
5.428099
5.455166
5.482592
5.510158
5.537642
5.564826
5.591489
5.617419
5.642409
5.666258
5.688776
5.709780
5.729105
5.746593
5.762106
5.775520
5.786726
5.795635
5.802176
5.806296
5.807962
5.807161
5.803899
5.798203
5.790118
5.779708
5.767058
5.752268
5.735457
5.716760
5.696327
5.674320
5.650917
5.626305
5.600681
5.574251
5.547226
5.519822
5.492260
5.464759
5.437541
5.410824
5.384820
5.359740
5.335783
5.313142
5.291997
5.272520
5.254864
5.239172
5.225570
5.214166
5.205052
5.198302
5.193968
5.192085
5.192670
5.195717
5.201201
5.209079
5.219288
5.231745
5.246352
5.262990
5.281528
5.301816
5.323691
5.346979
5.371492
5.397036
5.423404
5.450385
5.477764
5.505322
5.532836
5.560088
5.586858
5.612932
5.638102
5.662165
5.684929
5.706212
5.725842
5.743664
5.759533
5.773324
5.784924
5.794241
5.801202
5.805750
5.807848
5.807480
5.804648
5.799376
5.791706
5.781699
5.769435
5.755013
5.738547
5.720170
5.700030
5.678287
5.655116
5.630702
5.605241
5.578937
5.552001
5.524648
5.497097
5.469570
5.442286
5.415465
5.389322
5.364064
5.339896
5.317011
5.295591
5.275809
5.257823
5.241777
5.227800
5.216004
5.206482
5.199313
5.194551
5.192237
5.192389
5.195005
5.200064
5.207526
5.217331
5.229401
5.243639
5.259930
5.278145
5.298137
5.319746
5.342799
5.367112
5.392488
5.418727
5.445617
5.472942
5.500484
5.528022
5.555336
5.582206
5.608418
5.633761
5.658032
5.681038
5.702593
5.722525
5.740675
5.756896
5.771060
5.783051
5.792776
5.800154
5.805129
5.807658
5.807723
5.805323
5.800477
5.793223
5.783620
5.771746
5.757694
5.741578
5.723526
5.703684
5.682210
5.659276
5.635067
5.609775
5.583604
5.556763
5.529467
5.501935
5.474388
5.447046
5.420128
5.393850
5.368423
5.344049
5.320925
5.299235
5.279154
5.260842
5.244446
5.230098
5.217911
5.207984
5.200397
5.195210
5.192465
5.192184
5.194368
5.199001
5.206046
5.215445
5.227124
5.240989
5.256929
5.274817
5.294508
5.315845
5.338658
5.362763
5.387969
5.414071
5.440862
5.468126
5.495646
5.523201
5.550570
5.577533
5.603876
5.629386
5.653860
5.677102
5.698924
5.719153
5.737626
5.754196
5.768729
5.781109
5.791237
5.799032
5.804432
5.807392
5.807890
5.805922
5.801502
5.794667
5.785472
5.773989
5.760312
5.744549
5.726827
5.707288
5.686088
5.663397
5.639398
5.614282
5.588250
5.561511
5.534279
5.506773
5.479212
5.451818
5.424810
5.398405
5.372813
5.348240
5.324883
5.302929
5.282554
5.263920
5.247178
5.232461
5.219888
5.209559
5.201556
5.195945
5.192769
5.192055
5.193807
5.198013
5.204638
5.213629
5.224914
5.238403
5.253988
5.271544
5.290929
5.311990
5.334557
5.358449
5.383476
5.409436
5.436121
5.463318
5.490809
5.518373
5.545791
5.572842
5.599308
5.624980
5.649651
5.673121
5.695206
5.715727
5.734519
5.751432
5.766332
5.779098
5.789627
5.797836
5.803660
5.807051
5.807981
5.806445
5.802454
5.796039
5.787253
5.776165
5.762866
5.747460
5.730072
5.710841
5.689920
5.667478
5.643695
5.618760
5.592874
5.566244
5.539083
5.511609
5.484042
5.456603
5.429511
5.402984
5.377234
5.352468
5.328884
5.306671
5.286006
5.267056
5.249972
5.234891
5.221934
5.211205
5.202789
5.196754
5.193149
5.192001
5.193322
5.197099
5.203302
5.211883
5.222772
5.235882
5.251107
5.268327
5.287403
5.308181
5.330497
5.354170
5.379012
5.404823
5.431396
5.458519
5.485974
5.513542
5.541001
5.568132
5.594717
5.620543
5.645403
5.669099
5.691440
5.712247
5.731354
5.748607
5.763869
5.777017
5.787945
5.796567
5.802813
5.806633
5.807997
5.806892
5.803330
5.797338
5.788963
5.778274
5.765355
5.750310
5.733260
5.714341
5.693706
5.671518
5.647956
5.623209
5.597475
5.570960
5.543877
5.516441
5.488875
5.461397
5.434229
5.407588
5.381687
5.356733
5.332928
5.310461
5.289513
5.270250
5.252829
5.237387
5.224049
5.212922
5.204095
5.197639
5.193604
5.192024
5.192912
5.196259
5.202041
5.210209
5.220698
5.233426
5.248288
5.265168
5.283928
5.304420
5.326478
5.349927
5.374578
5.400233
5.426688
5.453731
5.481143
5.508708
5.536201
5.563406
5.590102
5.616076
5.641121
5.665035
5.687626
5.708715
5.728132
5.745721
5.761341
5.774868
5.786193
5.795225
5.801892
5.806140
5.807936
5.807265
5.804132
5.798563
5.790602
5.780313
5.767778
5.753098
5.736390
5.717789
5.697443
5.675515
5.652181
5.627628
5.602052
5.575659
5.548660
5.521270
5.493711
5.466202
5.438963
5.412214
5.386168
5.361034
5.337013
5.314298
5.293070
5.273500
5.255745
5.239947
5.226232
5.214710
5.205474
5.198597
5.194135
5.192123
5.192578
5.195495
5.200852
5.208606
5.218694
5.231035
5.245532
5.262066
5.280508
5.300707
5.322503
5.345721
5.370175
5.395669
5.421999
5.448953
5.476317
5.503870
5.531393
5.558664
5.585464
5.611581
5.636803
5.660930
5.683767
5.705132
5.724853
5.742774
5.758749
5.772651
5.784369
5.793809
5.800896
5.805572
5.807799
5.807561
5.804859
5.799714
5.792169
5.782283
5.770135
5.755824
5.739462
5.721183
5.701131
5.679469
5.656368
5.632015
5.606604
5.580339
5.553431
5.526094
5.498549
5.471014
5.443713
5.416862
5.390677
5.365368
5.341138
5.318180
5.296679
5.276807
5.258723
5.242571
5.228482
5.216568
5.206925
5.199630
5.194741
5.192298
5.192319
5.194806
5.199738
5.207075
5.216758
5.228711
5.242837
5.259024
5.277141
5.297043
5.318571
5.341553
5.365804
5.391130
5.417328
5.444189
5.471496
5.499032
5.526576
5.553907
5.580806
5.607058
5.632452
5.656785
5.679862
5.701498
5.721519
5.739767
5.756093
5.770367
5.782476
5.792322
5.799826
5.804927
5.807586
5.807781
5.805511
5.800792
5.793664
5.784183
5.772426
5.758486
5.742476
5.724522
5.704771
5.683378
5.660517
5.636370
5.611130
5.585000
5.558188
5.530911
5.503386
5.475834
5.448476
5.421531
5.395214
5.369736
5.345302
5.322108
5.300338
5.280168
5.261759
5.245259
5.230800
5.218497
5.208449
5.200737
5.195423
5.192549
5.192137
5.194192
5.198697
5.205616
5.214893
5.226454
5.240207
5.256041
5.273829
5.293429
5.314684
5.337424
5.361465
5.386618
5.412678
5.439438
5.466683
5.494195
5.521753
5.549137
5.576128
5.602509
5.628068
5.652601
5.675912
5.697814
5.718131
5.736700
5.753373
5.768017
5.780513
5.790761
5.798681
5.804208
5.807298
5.807926
5.806087
5.801795
5.795086
5.786014
5.774649
5.761085
5.745429
5.727807
5.708359
5.687243
5.664626
5.640690
5.615628
5.589639
5.562932
5.535721
5.508224
5.480660
5.453252
5.426219
5.399776
5.374136
5.349504
5.326079
5.304047
5.283584
5.264855
5.248010
5.233183
5.220495
5.210045
5.201919
5.196180
5.192875
5.192031
5.193654
5.197731
5.204229
5.213098
5.224264
5.237640
5.253118
5.270573
5.289866
5.310843
5.333334
5.357162
5.382133
5.408049
5.434702
5.461877
5.489358
5.516925
5.544355
5.571431
5.597934
5.623652
5.648380
5.671919
5.694081
5.714688
5.733575
5.750591
5.765600
5.778481
5.789130
5.797463
5.803414
5.806933
5.807994
5.806587
5.802724
5.796436
5.787773
5.776805
5.763619
5.748322
5.731034
5.711896
5.691061
5.668694
5.644977
5.620098
5.594256
5.567660
5.540522
5.513059
5.485491
5.458040
5.430924
5.404363
5.378567
5.353744
5.330093
5.307803
5.287053
5.268009
5.250823
5.235633
5.222562
5.211712
5.203173
5.197011
5.193277
5.192000
5.193191
5.196839
5.202916
5.211373
5.222143
5.235138
5.250255
5.267373
5.286355
5.307048
5.329287
5.352893
5.377678
5.403443
5.429982
5.457081
5.484525
5.512092
5.539562
5.566716
5.593335
5.619206
5.644123
5.667884
5.690301
5.711193
5.730393
5.747748
5.763117
5.776379
5.787427
5.796172
5.802545
5.806493
5.807986
5.807012
5.803578
5.797713
5.789462
5.778893
5.766088
5.751153
5.734205
5.715381
5.694832
5.672721
5.649227
5.624538
5.598851
5.572371
5.545312
5.517891
5.490325
5.462838
5.435648
5.408973
5.383028
5.358020
5.334149
5.311607
5.290575
5.271219
5.253697
5.238148
5.224697
5.213451
5.204501
5.197918
5.193755
5.192046
5.192804
5.196023
5.201676
5.209720
5.220090
5.232701
5.247455
5.264231
5.282897
5.303301
5.325281
5.348661
5.373254
5.398861
5.425280
5.452296
5.479695
5.507257
5.534760
5.561985
5.588713
5.614730
5.639829
5.663807
5.686473
5.707645
5.727154
5.744843
5.760570
5.774210
5.785653
5.794808
5.801600
5.805977
5.807903
5.807362
5.804358
5.798916
5.791080
5.780911
5.768492
5.753922
5.737318
5.718813
5.698555
5.676705
5.653441
5.628947
5.603420
5.577065
5.550092
5.522718
5.495162
5.467645
5.440387
5.413606
5.387518
5.362330
5.338246
5.315458
5.294147
5.274487
5.256632
5.240727
5.226900
5.215261
5.205902
5.198899
5.194309
5.192168
5.192492
5.195281
5.200510
5.208139
5.218106
5.230331
5.244717
5.261147
5.279491
5.299603
5.321319
5.344466
5.368860
5.394304
5.420595
5.447523
5.474870
5.502419
5.529949
5.557238
5.584069
5.610227
5.635501
5.659690
5.682600
5.704047
5.723859
5.741878
5.757958
5.771973
5.783809
5.793371
5.800582
5.805386
5.807743
5.807635
5.805062
5.800045
5.792625
5.782860
5.770829
5.756629
5.740373
5.722190
5.702229
5.680646
5.657617
5.633325
5.607965
5.581739
5.554860
5.527540
5.500000
5.472460
5.445140
5.418261
5.392035
5.366675
5.342383
5.319354
5.297771
5.277810
5.259627
5.243371
5.229171
5.217140
5.207375
5.199955
5.194938
5.192365
5.192257
5.194614
5.199418
5.206629
5.216191
5.228027
5.242042
5.258122
5.276141
5.295953
5.317400
5.340310
5.364499
5.389773
5.415931
5.442762
5.470051
5.497581
5.525130
5.552477
5.579405
5.605696
5.631140
5.655534
5.678681
5.700397
5.720509
5.738853
5.755283
5.769669
5.781894
5.791861
5.799490
5.804719
5.807508
5.807832
5.805691
5.801101
5.794098
5.784739
5.773100
5.759273
5.743368
5.725513
5.705853
5.684542
5.661754
5.637670
5.612482
5.586394
5.559613
5.532355
5.504838
5.477282
5.449908
5.422935
5.396580
5.371053
5.346559
5.323295
5.301445
5.281187
5.262682
5.246078
5.231508
5.219089
5.208920
5.201084
5.195642
5.192638
5.192097
5.194023
5.198400
5.205192
5.214347
5.225790
5.239430
5.255157
5.272846
5.292355
5.313527
5.336193
5.360171
5.385270
5.411287
5.438015
5.465240
5.492743
5.520305
5.547704
5.574720
5.601139
5.626746
5.651339
5.674719
5.696699
5.717103
5.735769
5.752545
5.767298
5.779910
5.790279
5.798323
5.803977
5.807196
5.807953
5.806244
5.802081
5.795498
5.786548
5.775302
5.761851
5.746302
5.728780
5.709424
5.688392
5.665850
5.641979
5.616971
5.591026
5.564352
5.537162
5.509675
5.482110
5.454688
5.427629
5.401151
5.375464
5.350775
5.327282
5.305172
5.284624
5.265800
5.248854
5.233919
5.221116
5.210548
5.202298
5.196434
5.193001
5.192029
5.193523
5.197474
5.203847
5.212593
5.223642
5.236905
5.252275
5.269630
5.288831
5.309722
5.332139
5.355899
5.380813
5.406682
5.433297
5.460446
5.487911
5.515471
5.542906
5.569996
5.596524
5.622276
5.647047
5.670638
5.692858
5.713531
5.732491
5.749585
5.764676
5.777643
5.788383
5.796809
5.802853
5.806468
5.807624
5.806313
5.802545
5.796350
5.787780
5.776904
5.763808
5.748600
5.731402
5.712355
5.691611
5.669339
5.645720
5.620945
5.595217
5.568742
5.541739
5.514425
5.487024
5.459760
5.432855
5.406529
5.380999
5.356473
5.333153
5.311231
5.290886
5.272288
5.255588
5.240923
5.228415
5.218165
5.210257
5.204752
5.201694
5.201102
5.202976
5.207291
5.214003
5.223042
5.234321
5.247725
5.263124
5.280366
5.299279
5.319675
5.341349
5.364081
5.387640
5.411786
5.436267
5.460831
5.485220
5.509181
5.532460
5.554815
5.576015
5.595840
5.614093
5.630595
5.645195
5.657766
5.668217
5.676482
5.682536
5.686383
5.688065
5.687655
5.685260
5.681014
5.675078
5.667635
5.658885
5.649041
5.638320
5.626945
5.615133
5.603094
5.591025
5.579108
5.567505
5.556359
5.545789
5.535891
5.526740
5.518387
5.510865
5.504186
5.498345
5.493325
5.489093
5.485610
5.482825
5.480686
5.479133
5.478106
5.477546
5.477392
5.477586
5.478074
5.478804
5.479728
5.480802
5.481987
5.483246
5.484551
5.485875
5.487193
5.488487
5.489742
5.490944
5.492085
5.493156
5.494154
5.495075
5.495918
5.496683
5.497371
5.497984
5.498526
5.499000
5.499411
5.499762
5.500058
