1.912494
1.914612
1.914310
1.914461
1.914310
1.914310
1.914612
1.914461
1.919152
1.914310
1.916882
1.914310
1.913705
1.914310
1.914915
1.914159
1.915520
1.918092
1.925507
1.935493
1.945328
1.958795
1.969084
1.979222
1.993445
2.002523
2.014174
2.019621
2.021891
2.024615
2.024161
2.022799
2.022648
2.017503
2.011148
2.000708
1.992991
1.975893
1.960308
1.941394
1.914159
1.892521
1.859082
1.824432
1.781006
1.737278
1.677662
1.632420
1.577646
1.520451
1.464012
1.404699
1.351589
1.312551
1.269882
1.229180
1.193471
1.163814
1.143690
1.134460
1.129164
1.136427
1.148532
1.171985
1.206483
1.239771
1.290309
1.350681
1.422705
1.509405
1.595954
1.674635
1.783427
1.883443
1.997228
2.104658
2.226916
2.314978
2.420139
2.527872
2.618052
2.718976
2.804012
2.864688
2.933534
2.998295
3.047470
3.085298
3.114955
3.133566
3.149000
3.160953
3.161256
3.151421
3.131145
3.101640
3.058667
3.013577
2.951388
2.882845
2.802953
2.715799
2.632880
2.530898
2.417869
2.304841
2.183490
2.066528
1.975439
1.868312
1.758310
1.641347
1.524687
1.405758
1.311795
1.202701
1.095119
0.999946
0.913397
0.841525
0.792198
0.738180
0.691577
0.658894
0.633474
0.621975
0.622126
0.625758
0.641342
0.669637
0.711247
0.763752
0.813381
0.881471
0.959092
1.037925
1.126138
1.204062
1.309979
1.412264
1.529983
1.645584
1.776164
1.893126
1.999346
2.116308
2.247191
2.359161
2.472341
2.557679
2.656183
2.755744
2.840176
2.912804
2.987098
3.032642
3.081666
3.122672
3.148848
3.176387
3.193636
3.204530
3.201504
3.186525
3.161256
3.122823
3.076220
3.024774
2.974236
2.901153
2.823229
2.736074
2.631973
2.532259
2.443743
2.328899
2.213752
2.093612
1.987544
1.874364
1.789631
1.671004
1.560396
1.443434
1.321327
1.208450
1.118875
1.022642
0.936396
0.857866
0.797948
0.743628
0.703531
0.663434
0.636803
0.621975
0.619251
0.624396
0.635290
0.661921
0.699899
0.749983
0.808993
0.876175
0.937455
1.021734
1.107981
1.203457
1.309071
1.409843
1.503807
1.619407
1.747415
1.867555
1.992688
2.112677
2.212390
2.330109
2.444953
2.552686
2.648919
2.748482
2.815512
2.893588
2.966973
3.032037
3.079851
3.120856
3.146427
3.172453
3.190156
3.198175
3.199537
3.188946
3.171242
3.138559
3.098311
3.042780
2.984828
2.910989
2.831551
2.762856
2.660268
2.557528
2.451157
2.337977
2.222528
2.124479
2.010846
1.899935
1.794927
1.679023
1.562364
1.471275
1.353102
1.242344
1.127348
1.030056
0.942146
0.877083
0.812020
0.755127
0.706254
0.664493
0.638316
0.623942
0.617889
0.619554
0.633172
0.657381
0.695360
0.736213
0.795829
0.864826
0.938817
1.023399
1.106014
1.180761
1.284408
1.385483
1.500932
1.612296
1.739547
1.835175
1.959854
2.079086
2.203463
2.321333
2.419685
2.519852
2.622440
2.726542
2.812940
2.891772
2.965612
3.017814
3.068200
3.114955
3.146579
3.172453
3.194090
3.199083
3.200445
3.199689
3.177900
3.145066
3.100429
3.058516
2.998143
2.925061
2.846833
2.762856
2.662537
2.580830
2.478847
2.367180
2.252185
2.130380
2.017049
1.922935
1.816261
1.705200
1.588691
1.476874
1.357490
1.271698
1.155038
1.052753
0.963934
0.885102
0.820190
0.773587
0.721839
0.673571
0.641948
0.623942
0.618192
0.619403
0.630448
0.651631
0.688854
0.740753
0.796435
0.846518
0.920357
1.000097
1.083166
1.177734
1.280625
1.360970
1.469157
1.580672
1.701417
1.826096
1.952289
2.049429
2.169721
2.294249
2.405764
2.521214
2.621684
2.705358
2.798414
2.875582
2.949270
3.015695
3.068654
3.102547
3.137954
3.166098
3.189097
3.199537
3.208616
3.201051
3.181380
3.147940
3.106482
3.056095
3.000413
2.946698
2.873766
2.786914
2.690832
2.587034
2.484294
2.392903
2.281388
2.158373
2.042772
1.931105
1.822465
1.735916
1.619861
1.504109
1.388055
1.275027
1.160031
1.077870
0.985117
0.900536
0.833808
0.772074
0.720326
0.682801
0.651026
0.629238
0.620159
0.619554
0.628632
0.642704
0.675387
0.722142
0.779337
0.841071
0.912489
0.979216
1.064858
1.150196
1.255205
1.353708
1.462045
1.550259
1.669491
1.794170
1.917941
2.041410
2.161701
2.263230
2.375956
2.490044
2.592632
2.695069
2.789941
2.853491
2.928238
2.998295
3.057760
3.100580
3.136290
3.160348
3.183650
3.197873
3.200445
3.200143
3.183196
3.154749
3.124336
3.074404
3.017814
2.949270
2.873161
2.792664
2.720186
2.614421
2.511833
2.398350
2.289558
2.166997
2.070462
1.958492
1.846674
1.735159
1.620920
1.512431
1.415291
1.303927
1.187570
1.081956
0.991926
0.907950
0.852570
0.790534
0.734700
0.688702
0.652691
0.629994
0.622429
0.620159
0.627422
0.642704
0.673117
0.717300
0.761180
0.822309
0.889490
0.972256
1.055325
1.147321
1.230844
1.331919
1.437684
1.549200
1.668583
1.792808
1.886620
2.011451
2.128565
2.255060
2.366575
2.477788
2.562219
2.665866
2.766941
2.848346
2.924909
2.996782
3.040208
3.089686
3.131750
3.162618
3.184104
3.197419
3.204682
3.201051
3.185163
3.156868
3.122672
3.072588
3.030221
2.961072
2.889200
2.806282
2.717917
2.615026
2.514556
2.426645
2.317853
2.200285
2.081356
1.965604
1.854694
1.766329
1.647702
1.536489
1.421040
1.308769
1.194076
1.107073
1.016590
0.925653
0.853781
0.791441
0.737121
0.700353
0.662677
0.638468
0.622731
0.619856
0.621370
0.636198
0.665703
0.706405
0.760423
0.817013
0.870879
0.947744
1.031267
1.120993
1.225397
1.329044
1.413021
1.520148
1.633025
1.760428
1.880265
2.004188
2.123117
2.221469
2.339339
2.450401
2.559949
2.656636
2.752264
2.829735
2.907660
2.981953
3.040661
3.088627
3.127968
3.152480
3.177900
3.192577
3.203320
3.203774
3.190459
3.171848
3.134777
3.086509
3.032794
2.968033
2.895706
2.833972
2.749541
2.644985
2.542851
2.435875
2.323906
2.231001
2.108138
1.998741
1.879357
1.769960
1.652847
1.563725
1.453572
1.340998
1.230088
1.117362
1.022037
0.949257
0.868155
0.803546
0.746805
0.698386
0.661164
0.639678
0.623185
0.619705
0.621672
0.636652
0.663888
0.695209
0.746049
0.804151
0.869971
0.945777
1.031569
1.098600
1.196800
1.300598
1.408482
1.521510
1.634387
1.737883
1.854240
1.976347
2.094368
2.218442
2.333741
2.419987
2.532865
2.632124
2.738344
2.826557
2.908568
2.965006
3.027800
3.076371
3.117527
3.153842
3.172150
3.189399
3.200143
3.201958
3.191518
3.165190
3.135382
3.095738
3.043385
2.988157
2.921126
2.840478
2.755896
2.655880
2.569784
2.464775
2.354924
2.237356
2.110105
2.001464
1.905988
1.799920
1.683411
1.567659
1.458414
1.343570
1.254600
1.140966
1.042918
0.953040
0.872392
0.806270
0.761028
0.710340
0.669335
0.641494
0.625758
0.619403
0.620462
0.631507
0.653447
0.692485
0.740904
0.795073
0.852268
0.925199
1.012202
1.095119
1.189234
1.276842
1.375799
1.488373
1.599132
1.723054
1.846674
1.944723
2.065468
2.186365
2.310893
2.417869
2.531654
2.608368
2.712016
2.803710
2.882088
2.956533
3.021748
3.073193
3.108449
3.142191
3.168367
3.185163
3.200445
3.201051
3.196965
3.178657
3.145671
3.101034
3.051253
2.993604
2.936560
2.861813
2.777231
2.676307
2.571600
2.468406
2.380042
2.268526
2.145209
2.028095
1.911132
1.803249
1.719726
1.598375
1.488373
1.371713
1.262165
1.145657
1.067430
0.976190
0.893121
0.823519
0.763298
0.712307
0.677505
0.647697
0.628632
0.619251
0.621672
0.632567
0.649816
0.680986
0.729405
0.783876
0.847123
0.919752
0.987539
1.068035
1.162604
1.267764
1.368990
1.481867
1.570232
1.694154
1.817774
1.940335
2.060929
2.179556
2.278815
2.391239
2.497610
2.603981
2.704904
2.800835
2.864385
2.944277
3.008735
3.063661
3.108297
3.143250
3.162466
3.185012
3.195301
3.200143
3.199083
3.185314
3.156717
3.116771
3.064569
3.006617
2.941705
2.861359
2.784645
2.702483
2.598836
2.497155
2.384127
2.271704
2.175925
2.057146
1.942151
1.828820
1.716851
1.600342
1.513642
1.399857
1.290460
1.178037
1.074088
0.984058
0.899779
0.839558
0.783725
0.726227
0.679624
0.647546
0.631507
0.618949
0.619100
0.628178
0.646336
0.678262
0.715333
0.769199
0.832144
0.902805
0.986479
1.067430
1.138999
1.239166
1.341149
1.447822
1.559035
1.682655
1.784940
1.903113
2.027036
2.144149
2.269585
2.381706
2.497004
2.575837
2.676912
2.777382
2.857727
2.936560
3.005860
3.049891
3.095587
3.133112
3.164282
3.188794
3.197268
3.201504
3.197268
3.182288
3.153085
3.116922
3.067292
3.022353
2.956684
2.881332
2.804164
2.712318
2.607612
2.526812
2.415297
2.301814
2.181826
2.058811
1.946388
1.856207
1.747566
1.629394
1.517424
1.404699
1.297874
1.206937
1.096935
1.004788
0.917028
0.840466
0.780547
0.737424
0.688097
0.656019
0.633626
0.621218
0.618646
0.624850
0.640889
0.670394
0.712458
0.766475
0.825335
0.880411
0.960605
1.043826
1.132796
1.235989
1.337366
1.423159
1.536641
1.652847
1.784335
1.901449
2.024009
2.115249
2.243711
2.356437
2.464624
2.571146
2.673886
2.754685
2.841991
2.916739
2.987552
3.046563
3.092864
3.124941
3.155052
3.180472
3.194090
3.201807
3.201504
3.189097
3.165039
3.127968
3.078943
3.024471
2.960618
2.901456
2.819900
2.729719
2.624105
2.526964
2.416053
2.330563
2.212390
2.090586
1.975590
1.858930
1.751652
1.656629
1.547686
1.434810
1.320419
1.210266
1.101777
1.024761
0.938060
0.860287
0.797191
0.744535
0.694906
0.660559
0.634534
0.622580
0.618192
0.621975
0.641040
0.660407
0.700353
0.753009
0.813381
0.879050
0.957277
1.023701
1.111310
1.212082
1.316637
1.420738
1.532858
1.625157
1.751803
1.867707
1.992537
2.109802
2.234481
2.324662
2.436177
2.547239
2.643472
2.746666
2.835939
2.897673
2.973328
3.033701
3.084390
3.126606
3.158230
3.180624
3.194544
3.203320
3.203774
3.190761
3.167611
3.129783
3.092258
3.040208
2.979532
2.906601
2.829130
2.740311
2.658755
2.554956
2.450098
2.337977
2.225100
2.100421
2.009938
1.890706
1.785394
1.664044
1.553587
1.439803
1.350379
1.240982
1.128862
1.032931
0.941540
0.861952
0.809901
0.754219
0.705952
0.666914
0.638165
0.621824
0.618797
0.621218
0.635139
0.661618
0.698235
0.746654
0.793711
0.859985
0.932764
1.017195
1.102685
1.199523
1.282138
1.386239
1.499721
1.613506
1.738488
1.853937
1.953953
2.073790
2.198772
2.317853
2.429520
2.542700
2.622591
2.723667
2.814150
2.896614
2.969546
3.035517
3.072891
3.115711
3.150815
3.175630
3.191669
3.203320
3.203471
3.192729
3.176690
3.139770
3.095133
3.043385
2.984979
2.926271
2.849254
2.765126
2.662235
2.556015
2.452822
2.362187
2.250369
2.125236
2.010089
1.894186
1.786150
1.696273
1.583244
1.471426
1.355826
1.246732
1.133855
1.053509
0.963934
0.880411
0.812171
0.754219
0.706103
0.671907
0.643461
0.626211
0.620613
0.622126
0.634987
0.650572
0.683255
0.732128
0.789323
0.856504
0.916877
1.002216
1.087857
1.184090
1.290006
1.390627
1.479597
1.589448
1.712463
1.832451
1.955769
2.073639
2.198167
2.293038
2.403041
2.515010
2.613362
2.716858
2.809762
2.874069
2.951086
3.017662
3.069411
3.116468
3.147487
3.170788
3.190459
3.201353
3.203320
3.195301
3.176690
3.148395
3.105271
3.056700
2.998900
2.929146
2.853037
2.783434
2.689017
2.584613
2.478544
2.367483
2.260809
2.160491
2.045949
1.930046
1.820346
1.703535
1.587481
1.500024
1.383364
1.275934
1.160031
1.057141
0.967868
0.897207
0.830177
0.772376
0.721385
0.676900
0.645579
0.629238
0.619100
0.619251
0.631507
0.650572
0.683860
0.721385
0.777975
0.843492
0.913397
0.997222
1.077265
1.148229
1.253087
1.352043
1.463407
1.576889
1.699753
1.800979
1.917941
2.042015
2.161550
2.285776
2.400469
2.490195
2.589455
2.691438
2.788125
2.871194
2.947001
3.003439
3.057608
3.102850
3.140375
3.168973
3.189248
3.195906
3.204228
3.200143
3.183650
3.153388
3.109508
3.060786
3.013123
2.946093
2.870891
2.793118
2.695826
2.594145
2.512135
2.398955
2.287137
2.162912
2.044285
1.930046
1.841530
1.734705
1.618499
1.507136
1.394107
1.281684
1.191806
1.082107
0.992078
0.905831
0.834565
0.778277
0.736667
0.689459
0.652539
0.629994
0.621218
0.620462
0.627422
0.642402
0.669335
0.717300
0.773436
0.836229
0.892214
0.969987
1.051996
1.138848
1.246580
1.350530
1.436777
1.549805
1.664951
1.790387
1.910225
2.034601
2.131591
2.255967
2.367029
2.477485
2.580981
2.682208
2.765882
2.846833
2.927935
2.998295
3.052918
3.104514
3.132053
3.160651
3.185314
3.195603
3.204984
3.203320
3.188189
3.158230
3.123126
3.073496
3.015847
2.949270
2.886325
2.809459
2.718825
2.613059
2.516826
2.406823
2.317853
2.197865
2.076514
1.962729
1.850609
1.744540
1.647853
1.537246
1.418619
1.310887
1.199372
1.093304
1.018860
0.930949
0.852873
0.790685
0.734246
0.686281
0.656776
0.632567
0.624396
0.619403
0.626363
0.644066
0.663434
0.704287
0.756640
0.817013
0.889641
0.967263
1.038530
1.119934
1.217529
1.321327
1.426487
1.541937
1.634236
1.765270
1.887528
2.008122
2.126295
2.249158
2.342063
2.451006
2.559193
2.659209
2.761494
2.844563
2.905541
2.979986
3.040359
3.087870
3.128119
3.160348
3.178354
3.194090
3.202715
3.200899
3.188189
3.162466
3.125849
3.090745
3.034004
2.969697
2.896765
2.819295
2.730022
2.649071
2.545423
2.436177
2.325570
2.200285
2.081356
1.991024
1.875877
1.766329
1.648459
1.538003
1.423915
1.334794
1.224640
1.118875
1.024155
0.935185
0.858169
0.804908
0.751496
0.699294
0.660105
0.634987
0.619856
0.619856
0.621067
0.634987
0.662374
0.703531
0.757548
0.805664
0.869366
0.948652
1.029149
1.114790
1.213897
1.299236
1.401975
1.517727
1.631512
1.759066
1.877390
1.977557
2.096033
2.219653
2.334800
2.444348
2.551930
2.632880
2.734410
2.823834
2.901910
2.978170
3.040359
3.078187
3.119948
3.154295
3.180472
3.197873
3.205741
3.204984
3.193939
3.174420
3.138862
3.091956
3.042629
2.988459
2.917949
2.841537
2.755291
2.650887
2.549963
2.464775
2.348872
2.232817
2.109348
1.997076
1.883140
1.775408
1.684319
1.566903
1.456901
1.342813
1.232660
1.123717
1.043977
0.955612
0.872695
0.808388
0.751193
0.703379
0.668578
0.640889
0.626363
0.618646
0.619856
0.634534
0.654506
0.689459
0.740299
0.799158
0.864221
0.940027
1.006301
1.092245
1.187721
1.290763
1.392443
1.506833
1.597165
1.722600
1.845767
1.970446
2.088013
2.209515
2.305900
2.417567
2.525904
2.624710
2.731081
2.805677
2.884812
2.961526
3.023563
3.071983
3.118284
3.148697
3.172453
3.191215
3.205136
3.206346
3.198478
3.176235
3.144612
3.102547
3.050194
2.989821
2.917041
2.842596
2.774507
2.676609
2.571903
2.468558
2.354319
2.237508
2.136433
2.025069
1.911284
1.804610
1.692338
1.579310
1.490643
1.375950
1.264889
1.148683
1.049424
0.960908
0.894634
0.827302
0.769350
0.719418
0.674782
0.642099
0.624396
0.616679
0.616376
0.630751
0.654052
0.689459
0.728799
0.785994
0.848636
0.921265
1.004939
1.090429
1.163209
1.269731
1.370352
1.481110
1.589448
1.715186
1.817472
1.940335
2.062140
2.180918
2.299696
2.410455
2.498669
2.599895
2.707325
2.799776
2.880727
2.956987
3.010854
3.065628
3.107087
3.146730
3.176690
3.194695
3.201958
3.205590
3.197570
3.181229
3.148546
3.104666
3.062450
3.006617
2.937619
2.866201
2.782072
2.682813
2.597777
2.497004
2.383068
2.271401
2.150202
2.030667
1.941092
1.830636
1.713825
1.596560
1.489281
1.377009
1.290006
1.179702
1.073028
0.979670
0.892970
0.824124
0.778126
0.724411
0.680229
0.647849
0.630297
0.620462
0.620764
0.629238
0.651178
0.678565
0.723503
0.780698
0.826545
0.896904
0.978914
1.066371
1.158972
1.263981
1.343570
1.451908
1.564936
1.685832
1.812478
1.930803
2.031575
2.151866
2.276848
2.381403
2.493373
2.597777
2.676307
2.776474
2.860451
2.939738
3.005104
3.062602
3.105271
3.137197
3.165493
3.186222
3.203017
3.199991
3.198024
3.183650
3.157322
3.114501
3.069411
3.007676
2.940645
2.880273
2.802953
2.710200
2.609125
2.508655
2.396534
2.305900
2.180918
2.061686
1.948809
1.832603
1.723206
1.631209
1.520299
1.411205
1.301808
1.189537
1.081502
1.009024
0.920660
0.841979
0.782212
0.728799
0.682499
0.655717
0.633777
0.621067
0.618343
0.628481
0.646033
0.669789
0.712307
0.765416
0.825032
0.894786
0.977552
1.042918
1.132039
1.234930
1.334794
1.442980
1.556916
1.648761
1.779039
1.893126
2.020529
2.141880
2.268224
2.357345
2.468104
2.571600
2.670859
2.773750
2.855760
2.919159
2.991788
3.047925
3.097403
3.137500
3.167762
3.185920
3.201202
3.208313
3.204984
3.188340
3.157624
3.123428
3.080002
3.023715
2.958803
2.885115
2.807795
2.731838
2.628190
2.524845
2.412271
2.304387
2.185760
2.086349
1.976044
1.860443
1.753770
1.638018
1.527865
1.436625
1.325261
1.209812
1.102685
1.010235
0.923383
0.859077
0.795527
0.738786
0.690669
0.656625
0.635139
0.622580
0.616528
0.622126
0.639224
0.667670
0.708372
0.750285
0.809750
0.877083
0.956066
1.042918
1.131131
1.212082
1.313611
1.416047
1.533312
1.646340
1.775862
1.868463
1.991175
2.109499
2.237508
2.351898
2.459782
2.545121
2.646801
2.749389
2.834728
2.911896
2.983769
3.043839
3.082726
3.124033
3.155506
3.181380
3.197873
3.205287
3.201051
3.189399
3.166703
3.129329
3.083331
3.032945
2.978322
2.904785
2.827314
2.739100
2.635453
2.534075
2.448282
2.335254
2.216475
2.095579
1.983458
1.866647
1.782368
1.666918
1.553890
1.440559
1.328287
1.218740
1.131434
1.030813
0.941238
0.862557
0.797494
0.741812
0.704438
0.667216
0.639981
0.625758
0.619705
0.623488
0.636198
0.661769
0.698537
0.748167
0.805513
0.872241
0.935185
1.019011
1.106922
1.203609
1.305742
1.411962
1.503504
1.616835
1.745448
1.864226
1.986485
2.104658
2.201193
2.319064
2.429217
2.537253
2.638630
2.742732
2.813848
2.894345
2.971664
3.033399
3.081061
3.122520
3.146881
3.175479
3.196662
3.205438
3.205741
3.191215
3.172907
3.143099
3.098765
3.044595
2.980289
2.914166
2.831399
2.763915
2.664050
2.562370
2.456151
2.341458
2.251126
2.126446
2.008425
1.891765
1.782973
1.666313
1.557824
1.469913
1.355977
1.247791
1.136276
1.038681
0.950165
0.882530
0.814743
0.754673
0.705952
0.667519
0.645730
0.628178
0.621672
0.622580
0.635441
0.660710
0.687038
0.736516
0.794165
0.859228
0.934883
1.018103
1.083923
1.177281
1.276540
1.379279
1.490643
1.607605
1.708226
1.835629
1.954710
2.076514
2.200285
2.317551
2.405008
2.515313
2.614572
2.719884
2.809611
2.890259
2.969546
3.017814
3.070924
3.114047
3.149605
3.176387
3.192577
3.199537
3.203623
3.196662
3.177598
3.141737
3.095738
3.054582
2.995874
2.930357
2.851675
2.766941
2.667379
2.586580
2.483235
2.374443
2.257783
2.133860
2.018108
1.924599
1.811571
1.703535
1.587632
1.477327
1.363845
1.274573
1.165176
1.064858
0.973618
0.890700
0.818677
0.772376
0.717602
0.674328
0.643915
0.626211
0.619554
0.620462
0.629692
0.650118
0.681137
0.731372
0.788113
0.836380
0.906588
0.991624
1.072574
1.167899
1.275329
1.356885
1.467795
1.580975
1.708226
1.827155
1.947295
2.045647
2.166392
2.285927
2.395324
2.509260
2.609881
2.690681
2.787066
2.868319
2.944882
3.010097
3.066535
3.101488
3.138559
3.164585
3.190459
3.201958
3.205438
3.203017
3.182893
3.153236
3.109205
3.063358
3.003439
2.932475
2.870286
2.788427
2.690227
2.588547
2.486412
2.377772
2.290315
2.165484
2.046403
1.930197
1.818682
1.706864
1.613506
1.506682
1.391989
1.282592
1.166386
1.067279
0.991926
0.906891
0.837137
0.775403
0.725319
0.680834
0.654960
0.628784
0.618041
0.619251
0.630751
0.646941
0.672512
0.720175
0.774949
0.838801
0.907193
0.990413
1.053056
1.140815
1.244008
1.346747
1.455690
1.569021
1.663892
1.792808
1.913553
2.039594
2.158070
2.283052
2.370358
2.483084
2.585975
2.685688
2.786309
2.865444
2.927935
3.000110
3.055944
3.100883
3.140829
3.167006
3.185012
3.199689
3.204530
3.200899
3.187281
3.154295
3.122369
3.075765
3.018419
2.951842
2.877700
2.794177
2.720338
2.616236
2.515767
2.401981
2.290920
2.170629
2.072126
1.956677
1.842286
1.735613
1.621677
1.514096
1.420435
1.310584
1.197102
1.088613
0.995104
0.907193
0.848788
0.789020
0.736970
0.689156
0.655414
0.631205
0.621521
0.618949
0.624698
0.643158
0.673117
0.719721
0.759666
0.817921
0.885253
0.971500
1.051694
1.142479
1.222220
1.325110
1.428908
1.543752
1.662833
1.791598
1.882686
2.008425
2.127203
2.252336
2.365365
2.477183
2.553594
2.656788
2.759830
2.845320
2.924909
2.999959
3.042326
3.090745
3.129178
3.161407
3.186525
3.200597
3.203471
3.202866
3.188946
3.162315
3.128724
3.075917
3.031431
2.971664
2.892680
2.816420
2.729416
2.626526
2.540128
2.432849
2.320879
2.202858
2.083777
1.970446
1.878449
1.769355
1.654511
1.540726
1.426336
1.314518
1.226002
1.117362
1.020221
0.933067
0.854991
0.793106
0.746654
0.697176
0.660256
0.635744
0.625758
0.622731
0.624396
0.638014
0.665552
0.708524
0.757851
0.819434
0.882076
0.946988
1.028543
1.114033
1.216621
1.315124
1.400462
1.511977
1.627881
1.755586
1.871943
2.000859
2.118881
2.222225
2.336464
2.444046
2.551173
2.651946
2.736982
2.826406
2.904180
2.980440
3.039905
3.089686
3.131599
3.153842
3.179564
3.193636
3.203320
3.203623
3.189248
3.170032
3.134474
3.086962
3.034912
2.972723
2.898581
2.837906
2.748935
2.647860
2.545877
2.435875
2.325267
2.232817
2.105414
1.994050
1.881627
1.773289
1.660563
1.569778
1.458111
1.345688
1.234778
1.122053
1.026122
0.956823
0.870425
0.807480
0.749226
0.700807
0.663282
0.639527
0.623488
0.618495
0.620159
0.635593
0.662072
0.695814
0.743022
0.802336
0.868761
0.944264
1.027182
1.094817
1.191050
1.293486
1.397739
1.514398
1.625460
1.726686
1.847431
1.972110
2.090132
2.214357
2.330866
2.416961
2.525602
2.623348
2.727147
2.819748
2.898430
2.962737
3.024622
3.078035
3.120553
3.155203
3.181531
3.196360
3.207103
3.206346
3.196208
3.175933
3.139316
3.103455
3.050345
2.991788
2.915831
2.837906
2.753172
2.650130
2.570390
2.466742
2.353714
2.241290
2.115249
2.030365
1.909619
1.802189
1.683109
1.571291
1.460381
1.370049
1.260804
1.148229
1.047457
0.956671
0.871938
0.810052
0.762693
0.713214
0.672512
0.646033
0.626060
0.619251
0.620159
0.631053
0.653750
0.690518
0.740450
0.786146
0.848031
0.923535
1.007209
1.089824
1.184241
1.288796
1.368990
1.480354
1.590507
1.715035
1.841832
1.963939
2.059416
2.184549
2.306505
2.413784
2.524694
2.624710
2.702332
2.800230
2.880273
2.956836
3.023715
3.074706
3.114804
3.147032
3.175328
3.195452
3.203925
3.203925
3.200445
3.182439
3.149454
3.104363
3.051707
2.992847
2.935350
2.860754
2.778744
2.681754
2.575080
2.478393
2.386397
2.272158
2.149445
2.033844
1.913402
1.803854
1.711706
1.597467
1.489584
1.375194
1.267461
1.154887
1.073785
0.982697
0.897358
0.827302
0.768291
0.713971
0.680683
0.645579
0.626665
0.619403
0.617889
0.630448
0.648454
0.680380
0.728345
0.785389
0.845913
0.916574
0.986782
1.073180
1.163965
1.272152
1.371259
1.479748
1.570837
1.688556
1.812327
1.932921
2.054120
2.174260
2.272763
2.384127
2.493827
2.595356
2.698852
2.794934
2.863326
2.938679
3.011610
3.063207
3.108600
3.145368
3.168065
3.191972
3.205741
3.202412
3.198932
3.182742
3.161559
3.122823
3.070318
3.012215
2.942764
2.866806
2.797657
2.702483
2.599895
2.498971
2.384732
2.275335
2.175319
2.055331
1.942000
1.830333
1.719726
1.603368
1.517727
1.403034
1.294546
1.180912
1.076962
0.985723
0.915364
0.838196
0.777975
0.722293
0.679321
0.647849
0.633474
0.620613
0.620764
0.630599
0.645125
0.677808
0.712307
0.766929
0.826696
0.897358
0.979065
1.062588
1.137032
1.237048
1.338728
1.445704
1.561910
1.682957
1.787664
1.905988
2.029911
2.147478
2.272914
2.385035
2.470979
2.571449
2.672675
2.772388
2.856517
2.935198
2.995117
3.048984
3.098008
3.137349
3.167611
3.188340
3.200597
3.205287
3.203320
3.186525
3.158381
3.118284
3.081364
3.025379
2.957744
2.882694
2.802802
2.705661
2.604434
2.523937
2.418474
2.304689
2.185003
2.062140
1.947295
1.854089
1.746507
1.628335
1.521661
1.407876
1.299539
1.210115
1.099508
1.006301
0.921568
0.842433
0.781455
0.738332
0.690215
0.656473
0.635441
0.625455
0.619403
0.624244
0.640435
0.668275
0.712155
0.766173
0.828512
0.882227
0.960000
1.044128
1.132190
1.235837
1.337366
1.420284
1.533766
1.646340
1.775105
1.893580
2.016293
2.111467
2.239777
2.348872
2.462203
2.567061
2.667833
2.751962
2.837452
2.918554
2.992696
3.050497
3.094074
3.128270
3.163677
3.182288
3.197570
3.204228
3.203017
3.189702
3.164585
3.126606
3.078640
3.024320
2.960316
2.902213
2.824742
2.737587
2.638025
2.534832
2.421349
2.334195
2.213298
2.089527
1.975137
1.860746
1.753165
1.658748
1.549956
1.438743
1.327682
1.217075
1.106770
1.029602
0.938212
0.859985
0.796737
0.740904
0.693998
0.665552
0.639829
0.623488
0.618495
0.621370
0.638014
0.660407
0.700202
0.754673
0.809599
0.875267
0.951376
1.018557
1.104803
1.206635
1.308617
1.418922
1.532404
1.621223
1.749534
1.867101
1.989511
2.106019
2.229942
2.320879
2.431638
2.540279
2.639084
2.744093
2.830340
2.894496
2.971664
3.032642
3.083936
3.125244
3.158078
3.177446
3.201051
3.208011
3.207254
3.193788
3.168519
3.138408
3.093771
3.038089
2.977868
2.906449
2.833669
2.741521
2.656183
2.558738
2.452216
2.339037
2.225100
2.099211
2.009484
1.894488
1.781309
1.661925
1.553739
1.444191
1.357036
1.248245
1.134006
1.033839
0.944869
0.865280
0.813230
0.756489
0.706254
0.665703
0.640435
0.623488
0.624093
0.623337
0.638770
0.659046
0.697327
0.749680
0.797948
0.859077
0.935185
1.015077
1.096330
1.193471
1.278961
1.381397
1.496241
1.610480
1.738942
1.857266
1.960308
2.078632
2.200739
2.318156
2.432698
2.535588
2.614118
2.720338
2.811124
2.894193
2.968487
3.031129
3.073193
3.120553
3.151118
3.173966
3.194242
3.208162
3.204682
3.196662
3.177295
3.141434
3.098765
3.045352
2.997841
2.925968
2.848044
2.762705
2.659057
2.558133
2.471584
2.361128
2.248251
2.122663
2.011299
1.892370
1.805367
1.694306
1.579461
1.472032
1.361122
1.252179
1.160183
1.058049
0.969079
0.884497
0.816256
0.758759
0.716543
0.673420
0.645882
0.628330
0.620613
0.621672
0.629086
0.648454
0.684466
0.735003
0.792955
0.854991
0.914910
0.998584
1.083771
1.175465
1.281836
1.384272
1.473545
1.583244
1.705956
1.827761
1.950473
2.070310
2.163366
2.289710
2.399863
2.510168
2.610789
2.713680
2.790697
2.870286
2.952145
3.021445
3.072739
3.114804
3.143855
3.172907
3.193636
3.203320
3.206497
3.198630
3.183801
3.152026
3.110567
3.059424
3.002985
2.928994
2.853491
2.787822
2.688865
2.584915
2.482781
2.366272
2.281236
2.159886
2.038081
1.920211
1.810360
1.699601
1.607454
1.501537
1.388206
1.281079
1.165176
1.060016
0.987690
0.900233
0.828512
0.769502
0.718056
0.675690
0.650270
0.629389
0.620613
0.619705
0.630751
0.649211
0.676446
0.719569
0.778277
0.838499
0.912640
0.989808
1.059108
1.148986
1.254751
1.355977
1.465071
1.577646
1.671760
1.798558
1.916580
2.041107
2.162912
2.288197
2.375502
2.485656
2.591119
2.688109
2.784796
2.871043
2.936711
3.004498
3.061391
3.106633
3.142342
3.173209
3.190156
3.199991
3.208313
3.205136
3.182288
3.149151
3.109810
3.068805
3.013577
2.949724
2.869227
2.787519
2.688411
2.607309
2.510622
2.398501
2.291525
2.165636
2.046101
1.953499
1.839865
1.728955
1.611690
1.503958
1.390778
1.304381
1.191352
1.087705
0.996163
0.908101
0.834867
0.785238
0.730312
0.683255
0.649362
0.627725
0.621975
0.618949
0.625455
0.641342
0.671302
0.714728
0.771620
0.822762
0.892062
0.977552
1.057897
1.147321
1.250060
1.329801
1.432994
1.546930
1.663741
1.792354
1.911435
2.011905
2.129321
2.256119
2.364457
2.478544
2.582343
2.664505
2.764823
2.848649
2.927935
2.996328
3.055792
3.098613
3.132658
3.166400
3.190005
3.203169
3.204530
3.206044
3.191215
3.163374
3.124941
3.073798
3.017965
2.964855
2.893286
2.813696
2.721548
2.617447
2.516523
2.402889
2.313163
2.193477
2.074396
1.959551
1.851516
1.744994
1.649366
1.538608
1.421040
1.313459
1.196497
1.109948
1.020675
0.932159
0.853781
0.790080
0.737575
0.698083
0.660710
0.635290
0.623185
0.620462
0.625304
0.638468
0.665552
0.706405
0.758910
0.819434
0.886615
0.949257
1.034596
1.115395
1.217075
1.321176
1.429514
1.521964
1.636051
1.766178
1.883291
2.009030
2.126446
2.229791
2.341458
2.450552
2.557226
2.655123
2.757257
2.826557
2.906903
2.983315
3.046411
3.094679
3.130691
3.162012
3.183801
3.200445
3.208465
3.207103
3.190156
3.164585
3.139770
3.088475
3.035668
2.971059
2.897522
2.816874
2.745455
2.642262
2.537707
2.431033
2.321939
2.203160
2.101783
1.989208
1.872397
1.763908
1.647702
1.536489
1.447520
1.334643
1.229028
1.119934
1.023248
0.936093
0.869517
0.803092
0.749831
0.695965
0.658894
0.636652
0.626514
0.620462
0.623791
0.637862
0.663736
0.702471
0.746049
0.804303
0.868912
0.946382
1.027635
1.114941
1.198464
1.301052
1.405607
1.517122
1.636354
1.762849
1.853937
1.978163
2.095730
2.219502
2.334800
2.445105
2.534075
2.629854
2.733199
2.824893
2.902061
2.976809
3.033853
3.080002
3.122672
3.154901
3.179564
3.198478
3.202110
3.207557
3.196511
3.172453
3.137046
3.090291
3.048984
2.988459
2.915377
2.836847
2.751659
2.649525
2.566607
2.462960
2.349023
2.235087
2.110710
1.994807
1.901600
1.792808
1.675694
1.566903
1.456749
1.346899
1.257929
1.145657
1.046247
0.955310
0.874359
0.804757
0.760272
0.707767
0.668881
0.642704
0.626968
0.620462
0.621521
0.633172
0.657533
0.692182
0.742568
0.799915
0.848334
0.922778
1.006755
1.091942
1.189537
1.294546
1.375648
1.489886
1.599434
1.724567
1.842438
1.970597
2.067436
2.188180
2.308926
2.418172
2.529233
2.625315
2.708990
2.807190
2.886477
2.958803
3.024169
3.074404
3.112080
3.147335
3.175933
3.195149
3.207708
3.208162
3.200143
3.180472
3.147335
3.107238
3.053523
2.989519
2.918403
2.858635
2.775869
2.676760
2.571297
2.467045
2.357648
2.263684
2.138854
2.021891
1.904929
1.794321
1.683109
1.591718
1.483531
1.370200
1.265040
1.150650
1.051694
0.978157
0.893424
0.823822
0.765114
0.714425
0.672512
0.648908
0.631356
0.620613
0.620764
0.635744
0.656473
0.684314
0.728194
0.783271
0.845308
0.917633
1.002972
1.071061
1.163209
1.265797
1.368839
1.480354
1.594139
1.692641
1.817774
1.937763
2.058508
2.181220
2.303479
2.393206
2.500787
2.599744
2.704602
2.800532
2.882542
2.943218
3.013577
3.070167
3.111021
3.145973
3.175479
3.191064
3.200899
3.203471
3.200899
3.180018
3.147940
3.114047
3.065022
3.007222
2.940192
2.860905
2.783585
2.701878
2.599138
2.495794
2.382160
2.270190
2.144149
2.052153
1.936250
1.825340
1.713522
1.600947
1.494274
1.402580
1.294848
1.178794
1.073028
0.977703
0.894332
0.837591
0.777975
0.724563
0.681742
0.645579
0.627271
0.620462
0.619251
0.631810
0.647092
0.677203
0.725622
0.771166
0.832295
0.904167
0.986328
1.069851
1.163965
1.244613
1.346445
1.452967
1.564633
1.681898
1.809906
1.900389
2.029305
2.144603
2.273973
2.383976
2.492162
2.574929
2.675853
2.777231
2.859846
2.937619
3.006768
3.051707
3.103001
3.138257
3.169881
3.190761
3.203320
3.208767
3.205438
3.184709
3.157927
3.117527
3.065476
3.011307
2.959711
2.880727
2.801289
2.708384
2.604737
2.502451
2.407580
2.297880
2.175471
2.057298
1.945631
1.834570
1.747718
1.629848
1.521359
1.405455
1.295151
1.184846
1.098146
1.005242
0.916574
0.841525
0.782060
0.726832
0.690669
0.656473
0.632869
0.623791
0.618949
0.627422
0.641948
0.672512
0.716392
0.768291
0.825789
0.894029
0.958790
1.043069
1.132947
1.236745
1.340392
1.445704
1.537851
1.654511
1.784184
1.903264
2.022799
2.140669
2.242198
2.358707
2.471584
2.571600
2.671465
2.770724
2.838360
2.919159
2.993453
3.051556
3.098613
3.136290
3.165190
3.186071
3.202564
3.209978
3.207254
3.191366
3.168519
3.129935
3.083482
3.026438
2.962737
2.883753
2.817781
2.730778
2.627887
2.529687
2.416507
2.305900
2.211634
2.087408
1.974834
1.859384
1.751349
1.634538
1.544509
1.434204
1.320419
1.210417
1.101777
1.008722
0.937455
0.858320
0.794316
0.738180
0.691577
0.656473
0.636803
0.622580
0.619856
0.624547
0.641645
0.667670
0.700202
0.755581
0.812020
0.879352
0.958487
1.042010
1.114638
1.216167
1.318301
1.426336
1.538608
1.648005
1.751047
1.870581
1.992234
2.109499
2.234179
2.346905
2.434967
2.543759
2.642413
2.745758
2.834577
2.911291
2.975144
3.037333
3.087114
3.126908
3.159743
3.181985
3.202261
3.205741
3.210129
3.196662
3.171394
3.130691
3.085298
3.042023
2.979835
2.904028
2.825650
2.737890
2.634696
2.553746
2.449342
2.336162
2.218291
2.095276
1.981340
1.887528
1.779342
1.663287
1.551621
1.439651
1.330709
1.245824
1.131736
1.035806
0.944567
0.864221
0.800066
0.755278
0.703379
0.664039
0.640132
0.624244
0.620613
0.622883
0.634987
0.657079
0.698235
0.749377
0.807178
0.863162
0.939422
1.025820
1.107981
1.205273
1.309071
1.391535
1.504866
1.619861
1.743935
1.861957
1.985879
2.084080
2.206187
2.321485
2.429671
2.534832
2.637874
2.721094
2.814907
2.894799
2.970605
3.037030
3.083482
3.117225
3.154447
3.178203
3.196511
3.207708
3.203320
3.196208
3.177295
3.144309
3.104666
3.046865
2.986038
2.926120
2.847741
2.766033
2.664807
2.563883
2.455243
2.362943
2.251428
2.122663
2.011602
1.897666
1.789025
1.696575
1.581429
1.472788
1.358852
1.253843
1.139302
1.057292
0.965750
0.882832
0.815197
0.760120
0.710642
0.677808
0.647395
0.627271
0.621672
0.620916
0.634231
0.652842
0.686735
0.732279
0.788415
0.852873
0.925653
0.997525
1.079383
1.176524
1.280474
1.383667
1.497452
1.588843
1.714732
1.836234
1.959249
2.076968
2.197410
2.295762
2.404554
2.512438
2.614269
2.715344
2.813545
2.874674
2.951691
3.019024
3.071529
3.114350
3.150815
3.170486
3.193031
3.205136
3.206649
3.196057
3.177749
3.149000
3.110264
3.058365
2.997538
2.927784
2.849708
2.765579
2.687958
2.587790
2.481873
2.368391
2.253849
2.151412
2.036114
1.919000
1.810965
1.694608
1.581126
1.477479
1.383213
1.276842
1.163965
1.063647
0.972408
0.889036
0.830782
0.769653
0.717300
0.672210
0.643158
0.626363
0.619403
0.619856
0.629389
0.649362
0.680229
0.732128
0.779337
0.843946
0.914153
0.995860
1.076509
1.169412
1.252935
1.358398
1.467492
1.580975
1.703989
1.827609
1.922178
2.043226
2.166392
2.290164
2.398350
2.510925
2.591422
2.693102
2.789638
2.870891
2.948211
3.015695
3.059575
3.103607
3.145973
3.173663
3.190761
3.208011
3.208616
3.197873
3.182742
3.153236
3.112534
3.061996
3.015393
2.947757
2.871648
2.789789
2.696128
2.592632
2.509714
2.396686
2.279269
2.158070
2.040351
1.925356
1.836385
1.727745
1.615171
1.503655
1.391989
1.281684
1.190142
1.086041
0.994045
0.907193
0.834262
0.771166
0.727135
0.680834
0.646487
0.631507
0.619856
0.619856
0.627573
0.644369
0.674782
0.725017
0.777370
0.838347
0.894483
0.975131
1.058654
1.150045
1.253389
1.354313
1.442678
1.554193
1.670701
1.797499
1.918849
2.040956
2.135071
2.260961
2.371871
2.481268
2.584764
2.686596
2.766185
2.849254
2.928087
3.001623
3.058819
3.104666
3.133869
3.164736
3.187433
3.202715
3.207254
3.204228
3.190156
3.165644
3.122369
3.077127
3.017057
2.951540
2.871043
2.808854
2.717009
2.614723
2.513649
2.399712
2.290617
2.197562
2.074396
1.961519
1.852727
1.740758
1.621979
1.531496
1.419376
1.309374
1.195135
1.088311
0.996920
0.927923
0.848485
0.788869
0.736365
0.687946
0.654052
0.633928
0.622277
0.620764
0.628027
0.646790
0.673420
0.708221
0.761180
0.819585
0.890398
0.968776
1.051996
1.122053
1.227969
1.330709
1.434810
1.548746
1.663590
1.769809
1.884199
2.011299
2.129018
2.257480
2.366121
2.454335
2.558890
2.658301
2.759830
2.845169
2.922791
2.984374
3.043688
3.092410
3.131599
3.160348
3.189853
3.200445
3.209373
3.209524
3.194242
3.168821
3.124336
3.084390
3.031431
2.966368
2.894647
2.813848
2.723667
2.641203
2.540884
2.430125
2.320577
2.197865
2.076211
1.984518
1.868463
1.761487
1.643617
1.533463
1.419678
1.332978
1.223884
1.116152
1.020221
0.931100
0.855445
0.801730
0.747259
0.699143
0.663434
0.635593
0.622883
0.620310
0.622731
0.638316
0.664795
0.705952
0.757548
0.804454
0.870879
0.946080
1.032477
1.121750
1.221009
1.304078
1.403186
1.518786
1.630150
1.755889
1.876785
1.976044
2.094066
2.219048
2.334649
2.446769
2.554653
2.632124
2.736679
2.825650
2.902515
2.979986
3.043536
3.081061
3.124639
3.158078
3.181834
3.199235
3.206649
3.211491
3.195301
3.172453
3.139316
3.091653
3.037484
2.989065
2.914469
2.839721
2.749541
2.649676
2.547996
2.441927
2.347812
2.232212
2.102690
1.991024
1.878147
1.770112
1.678418
1.565995
1.454782
1.341603
1.230390
1.141874
1.043220
0.955461
0.873602
0.809599
0.752404
0.701564
0.670696
0.642250
0.625152
0.620462
0.619705
0.637711
0.654658
0.695662
0.743325
0.802638
0.867096
0.931403
1.014169
1.102080
1.198767
1.302111
1.404548
1.496241
1.603822
1.730317
1.845918
1.968176
2.087257
2.185760
2.307715
2.422560
2.527115
2.625315
2.733653
2.804769
2.888897
2.962737
3.029011
3.076673
3.121310
3.155203
3.176690
3.195603
3.208767
3.207103
3.196057
3.175176
3.147487
3.104060
3.052615
2.995117
2.918857
2.839873
2.771329
2.668892
2.571297
2.468255
2.352352
2.239475
2.139459
2.020983
1.902508
1.795229
1.679477
1.570534
1.484590
1.367931
1.259442
1.147321
1.046247
0.956823
0.890095
0.821552
0.763600
0.711701
0.670545
0.642553
0.628481
0.619856
0.622429
0.636652
0.659046
0.696570
0.731674
0.786751
0.849090
0.922627
1.003577
1.089824
1.163965
1.267764
1.368990
1.482775
1.596711
1.721239
1.818985
1.941243
2.061686
2.184095
2.308169
2.416205
2.502754
2.602921
2.704602
2.798868
2.879970
2.958197
3.011005
3.066990
3.110416
3.146276
3.172150
3.196814
3.204530
3.208767
3.203471
3.184860
3.149605
3.107541
3.054733
3.007524
2.935501
2.859543
2.777231
2.678274
2.575383
2.495037
2.378831
2.268980
2.146268
2.030213
1.911586
1.822616
1.712463
1.597921
1.488676
1.375496
1.267764
1.174406
1.070759
0.981335
0.894181
0.826394
0.766324
0.724411
0.679018
0.646941
0.629389
0.620310
0.620462
0.629238
0.648151
0.681288
0.728497
0.784784
0.848485
0.903864
0.987085
1.070153
1.161393
1.265645
1.366720
1.455690
1.569778
1.688253
1.813538
1.935947
2.056238
2.153379
2.280934
2.387456
2.501090
2.597172
2.698095
2.777382
2.860602
2.939586
3.011156
3.065628
3.110416
3.140375
3.170032
3.193182
3.209373
3.208162
3.203320
3.188492
3.154144
3.115711
3.063358
3.007222
2.939586
2.879970
2.800986
2.710957
2.607460
2.501695
2.386851
2.299242
2.175622
2.057298
1.940184
1.826399
1.713825
1.621072
1.516668
1.404548
1.293184
1.180761
1.073936
1.001610
0.912186
0.841676
0.780245
0.730766
0.685676
0.657381
0.631659
0.621975
0.620462
0.628632
0.647546
0.672512
0.716089
0.769199
0.832144
0.900989
0.981184
1.047003
1.135822
1.242041
1.344024
1.452967
1.563725
1.655268
1.780249
1.898422
2.022194
2.144301
2.273066
2.359766
2.472643
2.575080
2.678576
2.773902
2.855458
2.918857
2.992545
3.052312
3.095890
3.138559
3.166703
3.186827
3.201202
3.208616
3.206346
3.187735
3.158986
3.128573
3.080456
3.024169
2.964250
2.885720
2.803710
2.711411
2.628493
2.531352
2.417415
2.303781
2.180615
2.087408
1.969235
1.857720
1.746507
1.629696
1.520602
1.407120
1.318452
1.208904
1.101021
1.008570
0.921870
0.845308
0.794014
0.740299
0.692334
0.658894
0.634836
0.623488
0.621067
0.624547
0.641040
0.669183
0.712761
0.767534
0.813230
0.880260
0.959697
1.041102
1.128710
1.234022
1.312854
1.417106
1.529983
1.646340
1.776013
1.897666
1.995260
2.112072
2.238113
2.350839
2.461900
2.547844
2.646801
2.749995
2.836393
2.914469
2.989821
3.051404
3.091199
3.126152
3.160348
3.187130
3.201504
3.214063
3.208465
3.191064
3.166703
3.133112
3.083482
3.029313
2.980289
2.904028
2.825196
2.740008
2.633183
2.533016
2.447526
2.332681
2.218291
2.089224
1.974834
1.856358
1.771927
1.654511
1.548443
1.436171
1.329498
1.216167
1.129013
1.029754
0.943961
0.862708
0.797191
0.740753
0.700656
0.662526
0.637711
0.623942
0.620764
0.625606
0.636500
0.660407
0.698537
0.751344
0.810355
0.878898
0.941238
1.025063
1.109343
1.206937
1.309828
1.412718
1.508951
1.621526
1.748323
1.865588
1.991175
2.109046
2.211785
2.329958
2.439052
2.543154
2.641959
2.745304
2.815966
2.894345
2.977111
3.038694
3.089081
3.125395
3.152631
3.178203
3.197419
3.204682
3.209978
3.194695
3.175479
3.142645
3.093923
3.044142
2.981651
2.907962
2.845169
2.761494
2.663294
2.557831
2.451006
2.337977
2.246435
2.121907
2.005550
1.887074
1.779342
1.664649
1.576889
1.467795
1.356280
1.249758
1.136427
1.035352
0.942600
0.878898
0.812020
0.758456
0.708221
0.671302
0.648454
0.630599
0.622580
0.624093
0.636198
0.659802
0.697176
0.738786
0.792501
0.856958
0.933370
1.019313
1.104349
1.178642
1.283197
1.388055
1.500175
1.615019
1.742725
1.838050
1.956677
2.076665
2.199075
2.319972
2.430125
2.519095
2.616085
2.717766
2.810670
2.892831
2.969697
3.022353
3.073798
3.118284
3.152782
3.180321
3.198478
3.209675
3.209675
3.197570
3.176387
3.141888
3.096495
3.055490
2.998900
2.927935
2.846379
2.765579
2.664202
2.582192
2.480057
2.367029
2.255967
2.131439
2.013115
1.917639
1.804459
1.689312
1.575225
1.469308
1.358701
1.272454
1.160788
1.059259
0.968020
0.884345
0.816105
0.767988
0.716846
0.673874
0.644369
0.627573
0.620310
0.621370
0.631507
0.652237
0.688702
0.738180
0.796283
0.847123
0.918087
1.000248
1.079535
1.174860
1.278961
1.361424
1.472788
1.584606
1.704141
1.826853
1.948203
2.046101
2.167451
2.293643
2.402738
2.512892
2.612151
2.693859
2.790697
2.871194
2.951540
3.019781
3.072437
3.105574
3.143250
3.171848
3.189853
3.207103
3.209373
3.205892
3.187584
3.153690
3.111172
3.061542
3.002683
2.932777
2.869530
2.789638
2.688714
2.585218
2.482176
2.372174
2.283355
2.159432
2.040200
1.924448
1.811419
1.702628
1.611085
1.504866
1.391535
1.279263
1.164419
1.061075
0.988295
0.901292
0.829874
0.773587
0.722596
0.680683
0.654809
0.632567
0.624547
0.622126
0.632567
0.652085
0.678262
0.720780
0.775554
0.836380
0.907042
0.991019
1.054569
1.147775
1.253087
1.353405
1.466585
1.578554
1.671155
1.796894
1.916882
2.039292
2.159280
2.286078
2.372930
2.483538
2.583402
2.685990
2.784493
2.869983
2.930659
3.003288
3.057154
3.108297
3.137500
3.169578
3.188492
3.203925
3.208767
3.205438
3.184104
3.155203
3.119494
3.073647
3.018722
2.950027
2.875885
2.792967
2.714285
2.609579
2.514556
2.404705
2.291223
2.165181
2.067436
1.954558
1.838806
1.733797
1.619407
1.512280
1.418317
1.312703
1.195438
1.090278
0.997071
0.911127
0.851511
0.789323
0.736365
0.687340
0.653750
0.631659
0.623337
0.621218
0.626514
0.644217
0.674479
0.721385
0.764206
0.824578
0.891306
0.972710
1.054417
1.144446
1.228272
1.330406
1.435112
1.549200
1.661320
1.787966
1.883443
2.007214
2.128565
2.259750
2.369299
2.478544
2.559949
2.660116
2.762553
2.845320
2.928087
2.995117
3.043839
3.091351
3.133717
3.166098
3.192880
3.209221
3.207254
3.207405
3.191215
3.165190
3.127514
3.078035
3.024471
2.971513
2.896463
2.817630
2.725785
2.621835
2.517734
2.428461
2.316038
2.197259
2.072277
1.962275
1.847128
1.760428
1.641801
1.534523
1.421948
1.312551
1.202398
1.113277
1.015985
0.928679
0.847123
0.788415
0.732582
0.694301
0.658440
0.634534
0.622126
0.620008
0.626514
0.638468
0.666308
0.706405
0.756792
0.815500
0.884799
0.944869
1.029754
1.117967
1.220404
1.324505
1.430270
1.522569
1.635446
1.763454
1.883897
2.006912
2.123571
2.224192
2.337523
2.452216
2.554502
2.655880
2.740008
2.824893
2.908870
2.984071
3.047773
3.093771
3.132053
3.155506
3.183347
3.202564
3.213761
3.208919
3.194544
3.173663
3.137197
3.089686
3.036273
2.971967
2.895404
2.831853
2.744093
2.642716
2.542700
2.437539
2.323603
2.232212
2.107079
1.991327
1.872700
1.763303
1.645130
1.559035
1.450092
1.340998
1.228575
1.118875
1.024004
0.952283
0.870728
0.806572
0.749226
0.699143
0.659802
0.640737
0.625304
0.618041
0.622429
0.638468
0.663434
0.695360
0.746956
0.803092
0.868307
0.946231
1.030208
1.099356
1.194984
1.299841
1.401370
1.516517
1.628940
1.729409
1.848490
1.976952
2.094520
2.219502
2.335254
2.421198
2.528931
2.631216
2.733804
2.821564
2.902515
2.963342
3.029464
3.081515
3.123126
3.156717
3.180624
3.198175
3.206346
3.204228
3.199386
3.171848
3.133112
3.092258
3.053523
2.994815
2.918252
2.842596
2.755291
2.652853
2.572054
2.467045
2.357194
2.239172
2.112072
1.996320
1.899481
1.789631
1.678418
1.566449
1.454631
1.344629
1.259744
1.145657
1.047306
0.958033
0.877536
0.812171
0.764962
0.716695
0.673420
0.644823
0.626060
0.620310
0.619554
0.633626
0.655263
0.690367
0.741207
0.801882
0.851965
0.926409
1.009176
1.093909
1.190444
1.291368
1.375194
1.484893
1.596711
1.720634
1.840319
1.965453
2.060627
2.180615
2.304387
2.410001
2.522878
2.620625
2.708687
2.800683
2.886325
2.962132
3.027044
3.077884
3.111929
3.147335
3.175328
3.195301
3.206195
3.206346
3.202110
3.187130
3.148546
3.105120
3.051707
2.995874
2.938224
2.859694
2.776928
2.674945
2.574324
2.476123
2.362943
2.268526
2.144149
2.028246
1.908258
1.795834
1.682201
1.594441
1.487768
1.376858
1.269125
1.153374
1.052904
0.977249
0.894332
0.826545
0.767232
0.715030
0.677657
0.647546
0.626060
0.617738
0.620462
0.633020
0.648908
0.682045
0.732128
0.787810
0.854386
0.929133
0.994347
1.074995
1.164117
1.264737
1.367023
1.477025
1.565995
1.681596
1.809755
1.931862
2.054120
2.176681
2.277151
2.388061
2.495945
2.599895
2.701878
2.795539
2.861964
2.939738
3.008735
3.065325
3.110416
3.146579
3.174571
3.187735
3.202261
3.208919
3.203471
3.181985
3.150664
3.117678
3.069259
3.011610
2.943218
2.865898
2.783888
2.707174
2.603073
2.496853
2.389271
2.275184
2.149143
2.055633
1.939276
1.827761
1.717456
1.602915
1.494879
1.405455
1.294848
1.181971
1.077870
0.984966
0.899325
0.839255
0.780547
0.726227
0.679624
0.649816
0.630902
0.622580
0.622126
0.628330
0.648000
0.677051
0.726227
0.771015
0.831236
0.901595
0.982999
1.063950
1.155341
1.240831
1.347050
1.454631
1.567811
1.689312
1.807636
1.906896
2.026733
2.144755
2.274276
2.384127
2.494281
2.574626
2.674945
2.774053
2.856517
2.935350
3.006465
3.050799
3.100580
3.139770
3.167308
3.190156
3.201202
3.206649
3.206649
3.194242
3.160348
3.120099
3.070772
3.025530
2.958954
2.881029
2.801743
2.708384
2.605494
2.523332
2.413784
2.300604
2.181826
2.063047
1.945631
1.854845
1.745600
1.629848
1.520451
1.408784
1.301657
1.212990
1.101172
1.007057
0.918541
0.844551
0.782514
0.739088
0.692636
0.657684
0.635593
0.622731
0.619856
0.624698
0.639829
0.666914
0.712004
0.771317
0.828664
0.882984
0.961513
1.042918
1.129769
1.236745
1.336307
1.422705
1.536641
1.650123
1.775559
1.896304
2.019016
2.111618
2.240231
2.352201
2.462960
2.566758
2.667531
2.750751
2.836090
2.917798
2.994360
3.049286
3.098008
3.130388
3.162769
3.186525
3.203774
3.207254
3.206497
3.190307
3.167157
3.130388
3.084542
3.026892
2.961375
2.892680
2.824893
2.736679
2.635756
2.536345
2.424678
2.314373
2.220107
2.094822
1.977406
1.860141
1.751501
1.636959
1.550864
1.441013
1.329801
1.217983
1.105257
1.011445
0.939271
0.860439
0.798704
0.743174
0.693544
0.660710
0.639224
0.623185
0.618949
0.622126
0.638165
0.666611
0.698083
0.750285
0.813230
0.878142
0.956066
1.040346
1.111007
1.207996
1.312097
1.418014
1.531799
1.649064
1.751652
1.867101
1.988754
2.107230
2.232363
2.346451
2.434362
2.541035
2.640597
2.746666
2.831853
2.912502
2.974085
3.036576
3.087265
3.128875
3.160045
3.183952
3.198630
3.207405
3.206497
3.193939
3.169881
3.133566
3.095738
3.044293
2.983466
2.909324
2.829886
2.743640
2.659965
2.559949
2.451006
2.337675
2.222831
2.100118
2.003885
1.888285
1.779493
1.664649
1.549351
1.441921
1.353102
1.246126
1.133855
1.036865
0.948349
0.866794
0.806421
0.755884
0.704438
0.664795
0.638468
0.623791
0.618797
0.620310
0.631659
0.661013
0.699748
0.750890
0.795981
0.856656
0.931403
1.014774
1.102080
1.202247
1.282895
1.381700
1.494425
1.609875
1.738942
1.858174
1.981340
2.078784
2.200437
2.321333
2.430428
2.539068
2.616993
2.720943
2.811729
2.890108
2.970907
3.035063
3.084996
3.118889
3.153085
3.178051
3.196360
3.206649
3.207860
3.200294
3.178505
3.142796
3.097705
3.045050
2.983769
2.927935
2.848800
2.765428
2.663748
2.560857
2.456302
2.367029
2.254152
2.126900
2.015536
1.897212
1.786302
1.694608
1.578402
1.467039
1.355523
1.247488
1.135519
1.059259
0.968473
0.887069
0.821098
0.763298
0.714425
0.678262
0.648000
0.628935
0.623185
0.622883
0.634685
0.651329
0.686130
0.734852
0.794316
0.855899
0.932462
1.000400
1.084528
1.176070
1.280776
1.382305
1.497754
1.585514
1.705200
1.827609
1.950473
2.073185
2.196049
2.295006
2.404554
2.514556
2.611697
2.713377
2.805828
2.874220
2.951086
3.014485
3.070924
3.116468
3.151421
3.173663
3.194544
3.206952
3.208011
3.205136
3.181531
3.152480
3.108902
3.058213
3.002985
2.930962
2.851675
2.771632
2.692043
2.587034
2.484900
2.371417
2.257178
2.132952
2.041107
1.925053
1.815202
1.704897
1.590961
1.477933
1.390778
1.278658
1.162301
1.062588
0.973164
0.888582
0.832900
0.772225
0.721990
0.680532
0.650572
0.629843
0.623337
0.620159
0.629540
0.649211
0.684617
0.734398
0.779488
0.840466
0.912338
0.994045
1.076055
1.168202
1.252179
1.352497
1.461591
1.574468
1.697483
1.820346
1.917033
2.038233
2.159129
2.285927
2.397442
2.505629
2.587639
2.690076
2.787217
2.867411
2.946395
3.014636
3.059273
3.108600
3.143553
3.169578
3.193788
3.205741
3.206800
3.199386
3.183044
3.151572
3.112231
3.065325
3.022353
2.955323
2.878457
2.795690
2.701273
2.593540
2.514405
2.399561
2.286381
2.162004
2.047009
1.933223
1.843951
1.737580
1.619861
1.513188
1.396528
1.287131
1.196648
1.088916
0.996314
0.908252
0.836078
0.777370
0.733641
0.687946
0.656927
0.631205
0.620159
0.621067
0.625606
0.642553
0.675992
0.720326
0.774343
0.833203
0.886161
0.968322
1.053056
1.146413
1.247640
1.349471
1.435112
1.548443
1.662077
1.792657
1.911586
2.032634
2.129170
2.259599
2.368845
2.477183
2.578560
2.681149
2.762100
2.847741
2.926725
3.002380
3.054431
3.105725
3.133112
3.166249
3.190005
3.202866
3.214517
3.207103
3.191821
3.168367
3.125849
3.078338
3.025682
2.953658
2.877852
2.813696
2.723818
2.622289
2.518490
2.405310
2.297578
2.201344
2.078330
1.964545
1.850003
1.741514
1.625308
1.538608
1.425882
1.314972
1.201944
1.093758
1.000400
0.930343
0.851360
0.792198
0.735003
0.691728
0.658592
0.638921
0.627725
0.621067
0.624698
0.640435
0.671756
0.706103
0.758305
0.821098
0.884043
0.967263
1.046852
1.120237
1.219647
1.321933
1.425882
1.544055
1.659504
1.763605
1.882383
2.006306
2.124328
2.249007
2.360976
2.447980
2.554502
2.654064
2.757409
2.841386
2.920370
2.983618
3.041116
3.088627
3.130540
3.161407
3.186373
3.199386
3.208011
3.211491
3.193334
3.165190
3.125849
3.093469
3.035668
2.975447
2.897673
2.819143
2.730173
2.646952
2.543607
2.438296
2.319064
2.200739
2.082718
1.990419
1.874515
1.767388
1.650728
1.542391
1.432842
1.342662
1.234930
1.120691
1.024004
0.935639
0.856958
0.805211
0.747864
0.700353
0.663131
0.638619
0.625606
0.621370
0.623337
0.638770
0.664795
0.705195
0.758456
0.805664
0.869971
0.944415
1.027182
1.114638
1.213746
1.294243
1.398949
1.512280
1.623493
1.752711
1.868766
1.970143
2.091494
2.215568
2.332530
2.445256
2.551173
2.630913
2.733653
2.822926
2.900851
2.976809
3.040208
3.079700
3.123428
3.158532
3.183499
3.201504
3.209373
3.207254
3.196208
3.172301
3.140678
3.088929
3.038241
2.976657
2.918252
2.841235
2.759679
2.650584
2.550265
2.442079
2.351141
2.234481
2.113282
1.998136
1.884199
1.771474
1.675997
1.568870
1.459019
1.349168
1.239620
1.128256
1.048365
0.962572
0.877839
0.812020
0.758305
0.706859
0.674479
0.645276
0.626363
0.620008
0.621824
0.635744
0.654658
0.688400
0.738483
0.796435
0.860892
0.936698
1.003880
1.088008
1.183030
1.289704
1.392745
1.507892
1.597467
1.723660
1.842135
1.966360
2.086349
2.209969
2.303328
2.413330
2.520608
2.618506
2.725331
2.818841
2.882694
2.958349
3.023715
3.075614
3.119343
3.153993
3.175479
3.194090
3.208465
3.207254
3.198478
3.176235
3.140829
3.105725
3.054280
2.994209
2.924607
2.845925
2.760132
2.680241
2.577955
2.475972
2.360069
2.244014
2.118729
2.026582
1.910225
1.798104
1.686286
1.574468
1.465828
1.376707
1.269579
1.157459
1.057141
0.965750
0.880563
0.824881
0.768291
0.714879
0.676446
0.646487
0.627119
0.620159
0.620462
0.631507
0.653599
0.687794
0.737273
0.780547
0.841222
0.912640
0.997222
1.081653
1.180912
1.266099
1.366720
1.479900
1.593533
1.717305
1.840319
1.935796
2.056087
2.175017
2.297124
2.403949
2.515918
2.595658
2.699911
2.794934
2.876187
2.955171
3.021142
3.065476
3.109659
3.146427
3.176690
3.197419
3.208616
3.212247
3.207254
3.188189
3.149605
3.108902
3.054582
3.009946
2.939435
2.867714
2.784493
2.683872
2.580678
2.498063
2.388212
2.277302
2.152320
2.035963
1.920362
1.829425
1.719574
1.601553
1.493366
1.378976
1.272000
1.180912
1.079383
0.987236
0.904016
0.834716
0.770409
0.728648
0.682801
0.649664
0.629540
0.621521
0.620613
0.627725
0.646184
0.676295
0.724563
0.781606
0.842887
0.899325
0.983907
1.064858
1.156097
1.260652
1.361576
1.446763
1.564028
1.680234
1.805972
1.927474
2.048068
2.141426
2.267013
2.379890
2.487926
2.595053
2.693405
2.773902
2.856517
2.933685
3.007373
3.057760
3.106784
3.143099
3.167308
3.189702
3.204984
3.208465
3.204682
3.182137
3.158532
3.120402
3.071831
3.015847
2.948362
2.873010
2.809308
2.712318
2.606855
2.506385
2.395021
2.281690
2.185457
2.063804
1.949111
1.834872
1.726534
1.610480
1.526503
1.407574
1.294848
1.182123
1.080745
0.989354
0.922929
0.849090
0.785086
0.729707
0.684012
0.650875
0.631205
0.620613
0.618646
0.625304
0.645579
0.676446
0.712458
0.767081
0.825183
0.896299
0.977249
1.061983
1.132947
1.237804
1.338728
1.445401
1.558883
1.676754
1.778736
1.894337
2.018108
2.136887
2.260204
2.376259
2.462052
2.567212
2.667833
2.768152
2.853642
2.930357
2.990275
3.048378
3.095587
3.136744
3.167157
3.190005
3.203017
3.210432
3.209070
3.193334
3.165644
3.124336
3.084693
3.029313
2.965612
2.891016
2.810821
2.717614
2.638630
2.532865
2.423921
2.311347
2.191812
2.069402
1.980281
1.861654
1.753014
1.635900
1.526957
1.414837
1.327985
1.217226
1.108889
1.014169
0.925350
0.850452
0.801277
0.744082
0.695360
0.656473
0.634685
0.621824
0.620916
0.623185
0.640283
0.668275
0.711550
0.765114
0.813533
0.879201
0.954856
1.040194
1.127651
1.232206
1.311795
1.415139
1.527865
1.640742
1.771171
1.891008
2.019621
2.111467
2.235995
2.350688
2.455848
2.560706
2.641051
2.743337
2.831551
2.912804
2.985131
3.048681
3.098008
3.132053
3.158835
3.181985
3.200445
3.208616
3.209373
3.196511
3.169124
3.133717
3.087870
3.032794
2.970302
2.913561
2.831853
2.746061
2.642111
2.540884
2.431033
2.337977
2.224798
2.100572
1.985728
1.868614
1.765572
1.666465
1.556614
1.444039
1.330406
1.222068
1.112974
1.038076
0.950922
0.871030
0.805059
0.746502
0.695209
0.663736
0.636500
0.621975
0.620159
0.623639
0.638468
0.659802
0.697024
0.749680
0.809599
0.876326
0.952283
1.017800
1.101323
1.198918
1.305137
1.406061
1.522569
1.613657
1.744540
1.862259
1.983307
2.101480
2.225554
2.317097
2.425435
2.532865
2.636209
2.738798
2.828222
2.889654
2.971664
3.030372
3.081515
3.123126
3.157322
3.179111
3.203774
3.208162
3.210432
3.198478
3.173512
3.150815
3.101034
3.047925
2.988308
2.914469
2.834728
2.748330
2.668287
2.565547
2.464926
2.346905
2.229942
2.128110
2.013115
1.895245
1.791749
1.677056
1.568719
1.482018
1.368839
1.254449
1.139151
1.039589
0.948955
0.882378
0.816710
0.760120
0.708978
0.667519
0.641645
0.626363
0.619251
0.620462
0.633323
0.658743
0.694452
0.733641
0.792955
0.856958
0.928982
1.010840
1.097087
1.172136
1.279415
1.380338
1.499116
1.604579
1.729258
1.823827
1.946236
2.065468
2.189845
2.311801
2.420744
2.511681
2.610184
2.715647
2.807946
2.885720
2.963947
3.027649
3.069562
3.114350
3.150967
3.182288
3.199537
3.210734
3.211491
3.202412
3.179867
3.147335
3.104514
3.053220
3.005558
2.933988
2.855458
2.768606
2.670254
2.568877
2.484445
2.372476
2.262776
2.135676
2.020681
1.903113
1.817472
1.705502
1.590658
1.481261
1.368687
1.260047
1.167294
1.066068
0.976039
0.892062
0.824276
0.764962
0.722444
0.675387
0.647395
0.629540
0.626211
0.625758
0.634231
0.653145
0.684314
0.731977
0.790080
0.851814
0.909765
0.990867
1.072877
1.163058
1.268369
1.371713
1.462802
1.575830
1.698694
1.823675
1.945480
2.066376
2.162004
2.285321
2.394870
2.504872
2.604132
2.705661
2.779349
2.865747
2.944882
3.017208
3.068654
3.113139
3.142796
3.170637
3.193182
3.205287
3.207557
3.198024
3.185466
3.154598
3.115106
3.065174
3.008584
2.937922
2.861964
2.795539
2.701727
2.598836
2.494886
2.383370
2.268072
2.167149
2.052607
1.934283
1.824432
1.713825
1.599888
1.513037
1.399252
1.290006
1.174254
1.071061
0.977703
0.908404
0.835926
0.773890
0.721083
0.679321
0.647243
0.631205
0.621824
0.619554
0.629238
0.648151
0.684768
0.720931
0.776613
0.833657
0.903259
0.987085
1.066219
1.137940
1.242949
1.345688
1.455539
1.568719
1.689464
1.790690
1.911435
2.038081
2.154287
2.282295
2.387607
2.478242
2.579014
2.680846
2.776625
2.858938
2.940797
2.999354
3.056549
3.102850
3.141586
3.175025
3.193636
3.205287
3.211188
3.208465
3.188189
3.155657
3.116165
3.077279
3.026287
2.955474
2.879365
2.799624
2.705661
2.623802
2.521365
2.408337
2.292584
2.172293
2.053969
1.960459
1.846977
1.738034
1.622131
1.513642
1.399706
1.311946
1.197405
1.092396
1.003275
0.918390
0.847426
0.797494
0.739391
0.690367
0.657230
0.634382
0.623185
0.621824
0.623791
0.639527
0.670545
0.714274
0.772225
0.821249
0.889793
0.967566
1.049273
1.135065
1.236897
1.316788
1.421494
1.532404
1.650426
1.780098
1.904626
2.002977
2.120545
2.249461
2.364154
2.471735
2.577652
2.656485
2.756652
2.841991
2.920672
2.995874
3.049891
3.091502
3.132356
3.163071
3.188946
3.204379
3.211491
3.209978
3.194393
3.167157
3.129481
3.080305
3.029919
2.973783
2.899186
2.818992
2.730324
2.626677
2.526056
2.416659
2.325873
2.209667
2.084231
1.969538
1.850609
1.743784
1.648610
1.538457
1.426790
1.318452
1.205727
1.099054
1.024609
0.933975
0.859228
0.793862
0.742568
0.697176
0.667822
0.640132
0.626060
0.622883
0.626514
0.641494
0.662374
0.702471
0.754522
0.816559
0.887220
0.966052
1.033385
1.120540
1.220253
1.321176
1.426033
1.540878
1.626670
1.748928
1.869371
1.992386
2.112072
2.239929
2.330261
2.440868
2.545575
2.644229
2.749087
2.836393
2.901456
2.977414
3.038543
3.087416
3.132356
3.160197
3.180775
3.201504
3.213306
3.207557
3.192123
3.167460
3.140526
3.092712
3.038543
2.971967
2.905844
2.823229
2.753475
2.649676
2.546634
2.440868
2.327840
2.210575
2.110559
1.991629
1.878601
1.768901
1.655570
1.549654
1.463861
1.356129
1.248547
1.138999
1.042161
0.955310
0.891154
0.825335
0.774495
0.728194
0.697478
0.671302
0.660710
0.656473
0.661315
0.680229
0.713063
0.756035
0.794770
0.853176
0.922324
1.002216
1.083015
1.170169
1.250666
1.344024
1.441770
1.549502
1.654057
1.769506
1.851668
1.959551
2.062442
2.160642
2.259750
2.342517
2.403949
2.475064
2.538161
2.589152
2.631216
2.661932
2.682662
2.704148
2.710957
2.717160
2.711562
2.691589
2.669800
2.636966
2.598685
2.556923
2.512741
2.464019
2.420744
2.366878
2.318156
2.268829
2.212693
2.159886
2.122058
2.077271
2.037930
2.001313
1.966663
1.934283
1.914764
1.892824
1.873456
1.856510
1.845161
1.836688
1.832603
1.824734
1.818228
1.820649
1.820649
1.822162
1.828517
1.834116
1.839563
1.842892
1.850760
1.855602
1.862108
1.866345
1.873305
1.877693
1.882232
1.887377
1.894186
1.892673
1.898271
1.905383
1.904777
1.908106
1.910225
1.913099
1.914007
