1.939427
1.938822
1.939730
1.939276
1.939579
1.939276
1.939427
1.939881
1.938822
1.942907
1.937763
1.945328
1.958341
1.968781
1.981340
1.994504
2.012056
2.020378
2.037325
2.047462
2.061686
2.070915
2.085593
2.093007
2.106625
2.115098
2.122966
2.128413
2.138248
2.137492
2.141123
2.139913
2.138248
2.130078
2.111315
2.086198
2.053515
2.017503
1.982399
1.930954
1.871187
1.807183
1.739245
1.651485
1.585060
1.502748
1.408179
1.310282
1.203609
1.094060
1.011748
0.902503
0.803697
0.703228
0.608357
0.532248
0.481106
0.426483
0.391682
0.372163
0.370499
0.383965
0.407115
0.463403
0.539209
0.631507
0.753160
0.883589
1.002216
1.163058
1.345537
1.539667
1.746507
1.949565
2.161550
2.333589
2.547239
2.763764
2.969243
3.168216
3.360078
3.505941
3.674652
3.833226
3.975610
4.108047
4.218049
4.289769
4.358010
4.404462
4.433059
4.438809
4.432756
4.407337
4.360885
4.292947
4.183096
4.065639
3.929914
3.792826
3.629108
3.465995
3.276857
3.071983
2.905541
2.699003
2.480663
2.266862
2.043075
1.813084
1.619559
1.391232
1.155189
0.930343
0.711550
0.501835
0.341145
0.148830
-0.033235
-0.184546
-0.320121
-0.420894
-0.505779
-0.577500
-0.625920
-0.649675
-0.662083
-0.636057
-0.619867
-0.557830
-0.465228
-0.353409
-0.222223
-0.074997
0.052749
0.221610
0.405602
0.607752
0.829420
1.050635
1.230542
1.450546
1.677056
1.909317
2.143242
2.380949
2.563732
2.795690
3.018268
3.234339
3.435430
3.631680
3.779964
3.932637
4.072599
4.216990
4.319577
4.399014
4.445013
4.489347
4.510378
4.517339
4.505991
4.485110
4.430487
4.350595
4.245890
4.115007
3.971675
3.856679
3.705520
3.533782
3.350545
3.138105
2.930205
2.763007
2.540733
2.322241
2.092099
1.866496
1.632722
1.449940
1.221009
0.992380
0.771922
0.551616
0.349921
0.194223
0.017191
-0.147475
-0.293339
-0.412118
-0.507746
-0.569481
-0.623953
-0.644380
-0.653155
-0.643774
-0.615025
-0.567514
-0.485049
-0.373988
-0.240229
-0.110253
0.054716
0.187566
0.371104
0.568563
0.788567
1.002972
1.222825
1.398646
1.625611
1.865739
2.094066
2.327840
2.553746
2.740008
2.957441
3.178203
3.387011
3.587649
3.774215
3.903888
4.047785
4.191267
4.303387
4.388877
4.450914
4.487833
4.511437
4.522181
4.515371
4.489800
4.446072
4.369963
4.271007
4.142242
4.002240
3.892691
3.735025
3.566314
3.384893
3.181985
2.973177
2.762251
2.586428
2.365667
2.139308
1.910527
1.678569
1.448427
1.265343
1.037017
0.818980
0.598673
0.393649
0.197249
0.052598
-0.124930
-0.265649
-0.389421
-0.491102
-0.568422
-0.610637
-0.650432
-0.658149
-0.653912
-0.624558
-0.565093
-0.493220
-0.388665
-0.270339
-0.134311
0.024151
0.185145
0.330402
0.526499
0.742568
0.959092
1.179550
1.403337
1.583698
1.820649
2.054423
2.289861
2.520306
2.745304
2.915225
3.132053
3.348881
3.549064
3.740927
3.902072
4.033410
4.165544
4.286138
4.373746
4.439717
4.479057
4.506898
4.517944
4.515371
4.492978
4.440625
4.383581
4.293855
4.170991
4.028417
3.888455
3.770432
3.598543
3.418181
3.221326
3.010097
2.805072
2.585521
2.411968
2.185760
1.956979
1.724567
1.490945
1.262468
1.069246
0.848485
0.627119
0.419220
0.226906
0.045940
-0.097391
-0.235235
-0.368238
-0.469464
-0.555409
-0.615025
-0.646347
-0.654669
-0.656333
-0.633485
-0.580375
-0.500483
-0.418624
-0.295760
-0.164573
-0.027032
0.143837
0.324652
0.478987
0.687189
0.904318
1.127046
1.356583
1.585665
1.773440
2.001010
2.240988
2.467953
2.692648
2.911140
3.085298
3.305152
3.506546
3.696441
3.865001
4.020700
4.138762
4.264803
4.357707
4.427612
4.478452
4.501754
4.514464
4.515523
4.497971
4.458631
4.387969
4.312768
4.192780
4.046423
3.911454
3.769070
3.633193
3.461456
3.267778
3.053674
2.844866
2.629098
2.420139
2.241745
2.011602
1.782973
1.544812
1.312249
1.077719
0.894937
0.672512
0.461587
0.266549
0.075748
-0.098299
-0.216624
-0.345541
-0.453879
-0.549054
-0.606400
-0.646195
-0.661175
-0.657090
-0.636209
-0.592934
-0.517733
-0.418624
-0.319516
-0.183487
-0.049426
0.119779
0.296660
0.483981
0.643309
0.860136
1.081502
1.308920
1.533766
1.772533
1.956525
2.192569
2.421954
2.644078
2.868773
3.084239
3.262785
3.465844
3.654377
3.844574
3.989681
4.138611
4.239837
4.342879
4.421106
4.475577
4.506747
4.516431
4.517036
4.502359
4.466952
4.401587
4.310347
4.220016
4.075172
3.947768
3.817641
3.641666
3.510632
3.317106
3.103455
2.890713
2.671919
2.457210
2.237205
2.054120
1.825491
1.588843
1.356734
1.125533
0.900536
0.726378
0.512124
0.311488
0.116904
-0.062590
-0.175770
-0.314825
-0.432091
-0.522121
-0.595506
-0.635301
-0.648162
-0.659359
-0.644531
-0.604736
-0.533469
-0.436630
-0.315430
-0.209815
-0.074997
0.084524
0.255806
0.438437
0.597917
0.818374
1.037168
1.268823
1.492307
1.722903
1.936401
2.142636
2.375351
2.601559
2.824590
3.045050
3.220267
3.425595
3.617608
3.809319
3.958814
4.108652
4.215477
4.323360
4.405521
4.467860
4.504477
4.519608
4.519306
4.508563
4.475275
4.412027
4.324570
4.237265
4.105172
3.968801
3.830503
3.683580
3.518651
3.357808
3.141131
2.930962
2.714588
2.499123
2.280026
2.096184
1.869673
1.636657
1.406363
1.170320
0.944718
0.768442
0.546925
0.344322
0.147922
-0.034749
-0.186211
-0.286681
-0.408184
-0.508956
-0.589302
-0.628643
-0.644380
-0.656636
-0.649070
-0.615177
-0.552080
-0.460386
-0.343877
-0.239926
-0.111312
0.052295
0.220702
0.402274
0.600338
0.781455
0.997979
1.221463
1.446763
1.674635
1.907501
2.095125
2.334497
2.560252
2.787822
3.002531
3.217392
3.418786
3.574333
3.766800
3.927946
4.071844
4.218049
4.308683
4.394173
4.459690
4.499938
4.517339
4.518398
4.514312
4.490708
4.432756
4.348326
4.244225
4.138611
4.007839
3.871508
3.721256
3.550729
3.356598
3.194242
2.976657
2.763613
2.547390
2.328445
2.100572
1.914461
1.681444
1.449940
1.221614
0.987539
0.767837
0.588081
0.385478
0.191197
0.015678
-0.155041
-0.291069
-0.392145
-0.498819
-0.572356
-0.627584
-0.657241
-0.667833
-0.656030
-0.617900
-0.566001
-0.478997
-0.370659
-0.236900
-0.139758
0.025665
0.181816
0.368532
0.565385
0.784330
0.954250
1.174708
1.399706
1.629696
1.862864
2.097697
2.289407
2.517128
2.743186
2.958803
3.166098
3.385649
3.533480
3.729578
3.895112
4.046121
4.193990
4.311255
4.381765
4.450762
4.495550
4.517036
4.521727
4.515674
4.497365
4.444710
4.367542
4.265862
4.137552
4.018884
3.891026
3.748946
3.578570
3.394274
3.188946
3.018570
2.809611
2.592027
2.376864
2.146570
1.916731
1.728048
1.491097
1.261106
1.026122
0.808237
0.589897
0.427996
0.231294
0.050025
-0.128107
-0.270037
-0.388362
-0.474912
-0.556922
-0.608065
-0.649221
-0.662385
-0.655122
-0.633031
-0.583401
-0.495490
-0.396533
-0.266406
-0.135824
-0.020828
0.147015
0.330250
0.522867
0.738180
0.955310
1.133250
1.358549
1.584757
1.822616
2.057146
2.292130
2.471130
2.692043
2.913712
3.124487
3.341164
3.539532
3.699165
3.858041
4.016615
4.163577
4.287651
4.377529
4.432908
4.485110
4.511891
4.521727
4.519457
4.503267
4.460295
4.388726
4.293401
4.165393
4.019490
3.914026
3.776484
3.619575
3.442996
3.236911
3.023261
2.850465
2.630762
2.414692
2.188483
1.961972
1.733192
1.539364
1.309828
1.074390
0.853327
0.635290
0.428450
0.272904
0.080439
-0.097391
-0.241439
-0.371112
-0.469464
-0.542094
-0.607157
-0.645590
-0.658603
-0.654971
-0.630459
-0.584763
-0.519246
-0.419986
-0.295155
-0.162455
-0.020979
0.111911
0.290607
0.478987
0.687946
0.905680
1.130980
1.314216
1.540121
1.775559
2.004945
2.241139
2.467801
2.643170
2.867411
3.079851
3.301974
3.504428
3.689178
3.827930
3.985293
4.137401
4.264198
4.358615
4.429276
4.474972
4.507504
4.520365
4.520516
4.501300
4.468012
4.399317
4.309591
4.187938
4.041732
3.915539
3.807654
3.646508
3.472804
3.278219
3.061542
2.850011
2.681602
2.462354
2.239172
2.003582
1.770112
1.531345
1.350076
1.112974
0.889944
0.672210
0.468698
0.271542
0.118720
-0.062893
-0.212690
-0.345692
-0.462504
-0.549357
-0.599894
-0.643169
-0.658451
-0.659208
-0.636814
-0.594750
-0.535587
-0.441169
-0.330107
-0.183033
-0.051090
0.113878
0.255503
0.436016
0.637408
0.857715
1.082258
1.312097
1.495787
1.732738
1.961065
2.195746
2.424073
2.645893
2.830492
3.041569
3.258397
3.457824
3.649081
3.825660
3.962899
4.109106
4.242561
4.343484
4.419744
4.475275
4.502662
4.519457
4.521575
4.507352
4.468314
4.413843
4.327597
4.212450
4.068212
3.939144
3.809773
3.672383
3.505487
3.320434
3.105574
2.897976
2.685990
2.513346
2.291979
2.056995
1.822011
1.582336
1.348563
1.161090
0.933067
0.713214
0.501230
0.303620
0.114029
-0.031117
-0.185605
-0.321483
-0.440715
-0.531048
-0.598835
-0.631518
-0.655576
-0.652702
-0.640143
-0.602466
-0.533771
-0.458267
-0.348719
-0.213598
-0.080293
0.080741
0.255201
0.399853
0.602910
0.821401
1.040648
1.268974
1.493215
1.677662
1.914915
2.142334
2.374292
2.596112
2.819900
2.995268
3.211491
3.418030
3.607622
3.793431
3.952308
4.068666
4.213509
4.322603
4.401435
4.463926
4.499938
4.515825
4.519306
4.510681
4.478906
4.417474
4.349536
4.240745
4.108803
3.973642
3.828384
3.674955
3.544828
3.353117
3.141888
2.931718
2.720035
2.502905
2.332076
2.097244
1.864075
1.626065
1.394712
1.163209
0.982697
0.763903
0.545715
0.340539
0.146561
-0.034900
-0.157916
-0.292582
-0.415749
-0.508351
-0.583553
-0.632123
-0.653458
-0.660721
-0.652248
-0.615177
-0.550416
-0.459781
-0.371264
-0.243406
-0.114035
0.048815
0.214499
0.398793
0.558879
0.776916
0.993591
1.217983
1.439954
1.672819
1.859082
2.092402
2.327083
2.552081
2.782375
2.993150
3.161710
3.377176
3.570248
3.758327
3.916447
4.064883
4.185366
4.305808
4.391147
4.457269
4.497819
4.516733
4.520365
4.515220
4.488136
4.429882
4.347116
4.264652
4.137703
3.996188
3.862429
3.716868
3.548156
3.396544
3.196057
2.983618
2.767698
2.545121
2.328142
2.143696
1.910376
1.676451
1.444796
1.215713
0.984058
0.809447
0.590200
0.386991
0.193467
0.016283
-0.157764
-0.253998
-0.394263
-0.496852
-0.576592
-0.630761
-0.647103
-0.660418
-0.653155
-0.625466
-0.573112
-0.481872
-0.379586
-0.269886
-0.136884
0.021730
0.182724
0.359150
0.557366
0.736516
0.949106
1.172741
1.395772
1.627578
1.862259
2.047916
2.290466
2.514708
2.736982
2.951237
3.162164
3.335263
3.535144
3.722920
3.894658
4.038555
4.187635
4.285986
4.375865
4.444105
4.486925
4.510983
4.518549
4.517641
4.496912
4.444710
4.366029
4.265106
4.162064
4.022667
3.887698
3.744558
3.582656
3.396392
3.235549
3.027498
2.814150
2.595658
2.373838
2.136735
1.950776
1.716548
1.480959
1.252330
1.021129
0.802941
0.627422
0.423154
0.230991
0.046848
-0.127502
-0.270491
-0.377013
-0.474760
-0.556619
-0.611242
-0.643169
-0.652853
-0.652096
-0.624860
-0.572204
-0.498970
-0.391993
-0.260807
-0.160942
-0.019617
0.144745
0.325257
0.518782
0.735154
0.903713
1.126592
1.355826
1.582639
1.819893
2.055784
2.245224
2.473702
2.695826
2.914771
3.128422
3.337835
3.493836
3.679494
3.855166
4.020700
4.159038
4.285230
4.356648
4.429125
4.479511
4.509773
4.519306
4.518095
4.500543
4.459387
4.385851
4.289769
4.192780
4.057923
3.910243
3.776031
3.616246
3.433463
3.236306
3.062148
2.852734
2.634243
2.414086
2.192266
1.961216
1.776921
1.535128
1.302414
1.068943
0.846215
0.625758
0.464159
0.265339
0.076807
-0.099812
-0.239018
-0.375803
-0.452215
-0.538916
-0.603677
-0.640294
-0.652096
-0.651491
-0.634393
-0.588848
-0.515160
-0.418775
-0.287589
-0.162152
-0.052603
0.107523
0.285463
0.471119
0.680532
0.902049
1.081956
1.310887
1.535884
1.770717
1.998741
2.235995
2.418020
2.637269
2.863629
3.078338
3.295014
3.495047
3.644542
3.825207
3.984688
4.131500
4.260869
4.355891
4.414448
4.470584
4.506747
4.520516
4.519003
4.505688
4.468617
4.400376
4.310953
4.193234
4.074869
3.940808
3.799635
3.634101
3.462817
3.271561
3.065325
2.898279
2.688109
2.468861
2.242955
2.005096
1.770868
1.574468
1.345688
1.111158
0.891306
0.671604
0.467791
0.311034
0.123864
-0.061833
-0.205276
-0.337219
-0.453123
-0.533166
-0.596565
-0.637117
-0.655728
-0.656333
-0.635906
-0.604282
-0.525601
-0.439808
-0.312858
-0.189994
-0.050788
0.081044
0.250056
0.432687
0.637711
0.858472
1.080745
1.266099
1.490794
1.722449
1.956677
2.191207
2.423921
2.598987
2.828222
3.042477
3.258095
3.459943
3.650291
3.793128
3.960327
4.103054
4.235752
4.336826
4.417172
4.465439
4.503570
4.519760
4.518852
4.504477
4.477242
4.414751
4.329866
4.219410
4.069119
3.944288
3.830351
3.670870
3.499888
3.308632
3.101942
2.895555
2.727298
2.515010
2.287894
2.054120
1.821254
1.578402
1.396226
1.165025
0.943961
0.724411
0.510914
0.309672
0.155639
-0.028696
-0.180612
-0.318305
-0.439808
-0.523634
-0.579467
-0.628038
-0.641505
-0.657241
-0.644228
-0.605947
-0.552685
-0.462656
-0.343271
-0.217986
-0.073636
0.080741
0.217525
0.398793
0.599884
0.818072
1.034898
1.264889
1.443888
1.674333
1.906442
2.136735
2.374292
2.595356
2.781164
2.996782
3.213458
3.414398
3.605049
3.796003
3.912664
4.069119
4.209121
4.320787
4.402797
4.464380
4.494339
4.513102
4.517641
4.508260
4.477544
4.430638
4.347721
4.242712
4.113040
3.979543
3.827930
3.715052
3.547097
3.360683
3.153388
2.940797
2.731535
2.552989
2.330866
2.096487
1.863470
1.623644
1.390778
1.205273
0.975888
0.759212
0.543445
0.344776
0.152916
0.016889
-0.152166
-0.282596
-0.412269
-0.511377
-0.581888
-0.622591
-0.651340
-0.655576
-0.648616
-0.617144
-0.552534
-0.480510
-0.379434
-0.243709
-0.114944
0.052295
0.218584
0.360512
0.558425
0.774343
0.991624
1.214049
1.439954
1.618953
1.860746
2.092855
2.328142
2.552686
2.783737
2.951842
3.163526
3.373242
3.576754
3.751670
3.914177
4.035680
4.184155
4.300663
4.386304
4.450762
4.491919
4.509470
4.518700
4.514312
4.485564
4.427158
4.364667
4.267829
4.140124
4.008141
3.859554
3.707789
3.581748
3.387616
3.191366
2.986038
2.780862
2.561916
2.390028
2.152320
1.919908
1.681898
1.448125
1.215108
1.030662
0.810506
0.588687
0.385932
0.191954
0.017494
-0.123266
-0.259899
-0.385941
-0.483990
-0.560251
-0.617295
-0.643774
-0.657543
-0.652853
-0.623953
-0.564034
-0.477635
-0.406973
-0.272307
-0.141574
0.019915
0.179697
0.360663
0.516512
0.725168
0.941087
1.162452
1.389114
1.617894
1.811117
2.040805
2.278210
2.505024
2.730022
2.944277
3.117225
3.332993
3.530605
3.716111
3.883764
4.035378
4.153893
4.280086
4.369660
4.439566
4.487531
4.511135
4.519608
4.518549
4.496609
4.444407
4.368753
4.289618
4.168117
4.023726
3.889816
3.747735
3.577814
3.444206
3.240845
3.030675
2.823380
2.605191
2.385943
2.202555
1.967117
1.730166
1.494425
1.260047
1.030662
0.848182
0.631053
0.427542
0.235833
0.052900
-0.120088
-0.233874
-0.365968
-0.477938
-0.554350
-0.612756
-0.639991
-0.655122
-0.652550
-0.628492
-0.577803
-0.497911
-0.405006
-0.288799
-0.165027
-0.025670
0.142778
0.321474
0.515604
0.679775
0.899325
1.120540
1.348866
1.574468
1.810814
1.997681
2.234330
2.458420
2.680089
2.897673
3.110264
3.287146
3.493080
3.676317
3.850022
4.001029
4.153893
4.256935
4.354832
4.427763
4.478906
4.511891
4.519457
4.517339
4.499938
4.455907
4.383883
4.289769
4.191721
4.045515
3.918868
3.776636
3.611404
3.429378
3.282455
3.071075
2.859997
2.642867
2.425435
2.197713
2.012510
1.782065
1.542845
1.309525
1.074844
0.851057
0.674782
0.466731
0.270786
0.082859
-0.086951
-0.239321
-0.345541
-0.459781
-0.542094
-0.607611
-0.645741
-0.656938
-0.650886
-0.636965
-0.596263
-0.524087
-0.430275
-0.305141
-0.199678
-0.058504
0.107826
0.286824
0.474297
0.677505
0.852117
1.072120
1.299993
1.523628
1.760882
1.989359
2.177438
2.408790
2.632275
2.855155
3.070016
3.287449
3.490961
3.637884
3.816430
3.973037
4.126052
4.257994
4.338037
4.415507
4.471643
4.502662
4.515674
4.515220
4.506898
4.470584
4.401889
4.310801
4.194142
4.076080
3.959873
3.813404
3.647871
3.481731
3.289113
3.113139
2.903423
2.690378
2.473248
2.250066
2.017957
1.827761
1.590658
1.357642
1.122204
0.896753
0.673571
0.510460
0.311488
0.116148
-0.052603
-0.199223
-0.341758
-0.425433
-0.522272
-0.594598
-0.642564
-0.654669
-0.654215
-0.645136
-0.608367
-0.539370
-0.440110
-0.324963
-0.189237
-0.051090
0.078623
0.249451
0.430115
0.628632
0.846972
1.071061
1.256718
1.480959
1.709134
1.942302
2.175471
2.409850
2.590211
2.814150
3.029162
3.243115
3.440121
3.627746
3.783747
3.944137
4.101087
4.236357
4.337129
4.399620
4.460598
4.497517
4.515674
4.518398
4.504023
4.480268
4.415053
4.330169
4.217292
4.066699
3.970465
3.823996
3.673744
3.503823
3.314987
3.107541
2.943672
2.737284
2.519398
2.299091
2.063350
1.832754
1.635295
1.398495
1.165176
0.936547
0.720023
0.507131
0.346894
0.157455
-0.028091
-0.177737
-0.313463
-0.436327
-0.494279
-0.578559
-0.628038
-0.651188
-0.645136
-0.646952
-0.613058
-0.551172
-0.463715
-0.349778
-0.224190
-0.082260
0.045335
0.210565
0.392741
0.590049
0.807631
1.028846
1.206937
1.432540
1.667524
1.899330
2.129775
2.367029
2.547693
2.771027
2.985433
3.197873
3.405622
3.599300
3.784050
3.905855
4.056864
4.204582
4.314281
4.399317
4.451519
4.496760
4.517036
4.521878
4.510681
4.480570
4.432000
4.351201
4.245587
4.113494
3.970616
3.857587
3.717927
3.540591
3.356749
3.152934
2.949421
2.784796
2.564640
2.344030
2.110710
1.875574
1.634841
1.446612
1.213595
0.984058
0.767686
0.546623
0.348105
0.197855
0.020369
-0.153074
-0.289254
-0.410605
-0.506082
-0.558586
-0.620018
-0.649373
-0.656636
-0.647103
-0.619111
-0.570691
-0.488227
-0.386849
-0.246130
-0.126897
0.044881
0.210565
0.353249
0.550103
0.765567
0.980276
1.205273
1.384575
1.613204
1.849549
2.082264
2.322392
2.546634
2.772086
2.947152
3.159591
3.366281
3.559202
3.741380
3.906460
4.028417
4.179767
4.300966
4.388423
4.454394
4.490103
4.512950
4.519457
4.514766
4.490254
4.444710
4.369963
4.267829
4.139973
4.001483
3.860311
3.752123
3.579932
3.393971
3.185466
2.982710
2.779197
2.604434
2.393206
2.159734
1.927323
1.688707
1.453875
1.269428
1.036563
0.813987
0.593680
0.389261
0.196341
0.053808
-0.120088
-0.260353
-0.389572
-0.486714
-0.568875
-0.612756
-0.641807
-0.656484
-0.658451
-0.626071
-0.568270
-0.501996
-0.396230
-0.272609
-0.130680
0.017040
0.173645
0.319205
0.512427
0.722444
0.938817
1.158064
1.383818
1.573560
1.807031
2.039746
2.279875
2.505477
2.727752
2.898127
3.113442
3.328000
3.525460
3.717171
3.878771
4.032200
4.153440
4.279480
4.370720
4.438658
4.487379
4.509319
4.519003
4.516431
4.496458
4.447887
4.387364
4.291131
4.173110
4.030081
3.897533
3.756512
3.631377
3.443904
3.253101
3.036122
2.827919
2.608822
2.435875
2.206640
1.972564
1.735613
1.495636
1.265948
1.078778
0.851360
0.633474
0.427694
0.234018
0.051841
-0.091793
-0.233117
-0.367784
-0.471280
-0.549659
-0.614571
-0.640899
-0.647860
-0.652853
-0.621834
-0.587335
-0.500937
-0.423920
-0.300904
-0.167297
-0.024762
0.138844
0.315876
0.467488
0.671604
0.893121
1.118119
1.352497
1.580975
1.771020
1.995412
2.233120
2.460690
2.680695
2.897522
3.071680
3.288962
3.492323
3.677225
3.850173
4.005569
4.128625
4.255573
4.350747
4.424284
4.477393
4.505991
4.519457
4.517944
4.501905
4.458631
4.389633
4.312012
4.195050
4.053535
3.927341
3.777090
3.619575
3.476435
3.291080
3.078792
2.864536
2.645893
2.426796
2.246435
2.009332
1.775710
1.535582
1.305894
1.069851
0.895694
0.677505
0.471119
0.277897
0.089820
-0.089069
-0.204368
-0.340396
-0.449340
-0.537100
-0.597322
-0.636663
-0.650432
-0.652550
-0.639386
-0.586276
-0.526055
-0.426038
-0.331923
-0.198013
-0.045492
0.110700
0.287581
0.474902
0.634685
0.851209
1.072120
1.303019
1.532404
1.765270
1.947447
2.181372
2.411211
2.634848
2.863629
3.075463
3.251588
3.449956
3.648627
3.819911
3.971524
4.127868
4.232272
4.336372
4.412632
4.467709
4.501300
4.516885
4.517641
4.506747
4.467104
4.399014
4.309742
4.218503
4.075172
3.951400
3.804326
3.631983
3.467962
3.313172
3.107238
2.901456
2.690832
2.474005
2.249764
2.063199
1.826550
1.585211
1.352346
1.115849
0.890852
0.721688
0.506677
0.310883
0.118720
-0.060472
-0.205579
-0.313615
-0.429670
-0.521969
-0.595960
-0.636360
-0.657090
-0.657997
-0.641807
-0.609881
-0.532410
-0.445557
-0.332982
-0.217835
-0.078780
0.078623
0.250813
0.431174
0.631659
0.804303
1.023096
1.254902
1.483531
1.717759
1.947295
2.132347
2.366272
2.593086
2.815663
3.029313
3.249621
3.411372
3.600813
3.784353
3.944893
4.101995
4.234693
4.320636
4.400981
4.461959
4.497971
4.517641
4.522181
4.513556
4.481629
4.416264
4.330169
4.221226
4.116823
3.976517
3.840035
3.675106
3.503066
3.320132
3.151572
2.949270
2.742429
2.521970
2.296670
2.058206
1.869825
1.630907
1.396074
1.163814
0.935034
0.717300
0.547682
0.352039
0.161540
-0.018256
-0.174106
-0.311950
-0.406519
-0.505476
-0.577198
-0.628189
-0.653609
-0.662688
-0.652550
-0.620624
-0.547995
-0.461142
-0.352955
-0.224492
-0.105260
0.045789
0.211321
0.390471
0.589595
0.809901
0.984512
1.209812
1.439500
1.667372
1.900389
2.132347
2.321333
2.545423
2.772237
2.989367
3.205741
3.412280
3.567373
3.754544
3.924012
4.061705
4.210180
4.317761
4.383127
4.451822
4.495096
4.518549
4.523542
4.518398
4.493280
4.435934
4.353773
4.251639
4.146177
4.004661
3.858192
3.713085
3.541045
3.355992
3.152026
2.988611
2.779954
2.559344
2.339642
2.103598
1.872548
1.683260
1.447671
1.218740
0.991170
0.775100
0.557214
0.394557
0.202848
0.024151
-0.143087
-0.288648
-0.410302
-0.487016
-0.557830
-0.622137
-0.651945
-0.659057
-0.652853
-0.614420
-0.566757
-0.485806
-0.380494
-0.246584
-0.113884
0.020520
0.181664
0.361723
0.555550
0.768594
0.984058
1.162755
1.392292
1.622736
1.860898
2.092250
2.331925
2.509260
2.733351
2.951540
3.163223
3.379899
3.566919
3.717171
3.886790
4.032957
4.180524
4.298999
4.371476
4.442138
4.488893
4.514766
4.523240
4.519457
4.498425
4.449098
4.371779
4.274033
4.144361
4.029173
3.896928
3.748341
3.574031
3.400024
3.202412
3.008735
2.830340
2.606704
2.390633
2.155195
1.924599
1.687345
1.494123
1.264132
1.030208
0.811112
0.592772
0.430266
0.238708
0.053959
-0.121601
-0.258386
-0.386849
-0.468103
-0.542547
-0.608519
-0.642261
-0.655425
-0.655576
-0.630913
-0.584158
-0.505022
-0.405460
-0.272609
-0.143995
0.023244
0.146258
0.323744
0.515907
0.728194
0.941238
1.161696
1.346747
1.575527
1.813689
2.040805
2.280328
2.506840
2.681451
2.899792
3.116317
3.328756
3.530907
3.720953
3.858041
4.007990
4.156919
4.282355
4.372687
4.430789
4.482689
4.509319
4.521575
4.518549
4.497819
4.459538
4.389785
4.292795
4.167965
4.023424
3.918868
3.780116
3.625325
3.442088
3.251588
3.043536
2.869076
2.649222
2.427855
2.202101
1.968479
1.730317
1.542088
1.309979
1.074995
0.854235
0.636047
0.430115
0.271088
0.085886
-0.091339
-0.232058
-0.365363
-0.465379
-0.535890
-0.599137
-0.633636
-0.657241
-0.659208
-0.620321
-0.586276
-0.519548
-0.421196
-0.290918
-0.164422
-0.019769
0.115845
0.293179
0.479139
0.682953
0.899779
1.116606
1.305894
1.531648
1.767993
1.999649
2.237054
2.464019
2.638630
2.861056
3.073647
3.291080
3.495501
3.683277
3.824299
3.978787
4.130743
4.259810
4.355437
4.429579
4.473308
4.504629
4.519154
4.522332
4.503872
4.472854
4.403100
4.312768
4.194747
4.049903
3.915842
3.803720
3.641515
3.478554
3.287600
3.073950
2.866806
2.693859
2.475215
2.250520
2.014931
1.779796
1.542693
1.355069
1.120842
0.894937
0.678262
0.468698
0.274568
0.119930
-0.061984
-0.207243
-0.343120
-0.450551
-0.535133
-0.593993
-0.630005
-0.649070
-0.650281
-0.632577
-0.592783
-0.536495
-0.441623
-0.327384
-0.192415
-0.058202
0.110549
0.252175
0.433746
0.636803
0.858320
1.078475
1.305742
1.482775
1.713522
1.943210
2.178497
2.412876
2.636512
2.818538
3.033853
3.254463
3.467357
3.641666
3.822029
3.948525
4.101843
4.235752
4.338491
4.416718
4.471341
4.499635
4.516733
4.520819
4.511437
4.473459
4.421408
4.333951
4.224403
4.085310
3.952459
3.813707
3.682974
3.510934
3.318921
3.111021
2.904634
2.693102
2.521063
2.302420
2.065771
1.832603
1.588994
1.356129
1.164873
0.939271
0.721385
0.508190
0.308916
0.117812
-0.031722
-0.182125
-0.316187
-0.430275
-0.519397
-0.589605
-0.624255
-0.643320
-0.651794
-0.642261
-0.602618
-0.535133
-0.462353
-0.354166
-0.222828
-0.085438
0.079077
0.252326
0.395465
0.594437
0.814138
1.033083
1.262014
1.486860
1.666918
1.904929
2.135676
2.372627
2.599290
2.822775
2.996328
3.214063
3.412280
3.606411
3.788438
3.944439
4.060495
4.211542
4.322149
4.405824
4.465288
4.502813
4.516885
4.521727
4.514010
4.484807
4.419593
4.352411
4.248916
4.119092
3.977576
3.832772
3.690389
3.545282
3.358262
3.155657
2.945790
2.740311
2.518339
2.339642
2.105717
1.869976
1.631663
1.398041
1.168656
0.990111
0.773587
0.553583
0.353703
0.157001
-0.029755
-0.154284
-0.299089
-0.416052
-0.509562
-0.582191
-0.628492
-0.649524
-0.654063
-0.645590
-0.613663
-0.548449
-0.453123
-0.377013
-0.243255
-0.111312
0.054262
0.222972
0.401820
0.559787
0.776613
0.991321
1.212687
1.436625
1.665859
1.860443
2.092704
2.329353
2.551627
2.777684
2.989519
3.160045
3.372939
3.569643
3.757722
3.915388
4.055804
4.179616
4.298848
4.385397
4.451065
4.493432
4.511135
4.519760
4.517339
4.491616
4.436085
4.353016
4.270704
4.143150
3.997701
3.862429
3.718684
3.547249
3.395182
3.200597
2.990578
2.779046
2.557679
2.337372
2.147781
1.914764
1.681293
1.444645
1.213595
0.985420
0.812020
0.592621
0.392590
0.201335
0.022638
-0.149291
-0.254603
-0.383974
-0.482931
-0.564941
-0.623499
-0.658603
-0.664050
-0.657846
-0.623953
-0.573869
-0.479905
-0.375954
-0.270793
-0.137791
0.024757
0.182875
0.363236
0.557214
0.730615
0.943810
1.167748
1.396680
1.624854
1.858779
2.042469
2.280782
2.504721
2.733956
2.946244
3.164433
3.340407
3.535900
3.722769
3.886639
4.034318
4.182188
4.283112
4.373595
4.443802
4.489498
4.512043
4.520970
4.519760
4.498727
4.450157
4.371779
4.293098
4.169176
4.029779
3.892086
3.753788
3.583412
3.442542
3.245687
3.029464
2.817025
2.600803
2.383219
2.163668
1.969840
1.736824
1.498662
1.266099
1.032175
0.854235
0.634836
0.427845
0.234774
0.052295
-0.113430
-0.260958
-0.370053
-0.472793
-0.554652
-0.611242
-0.643320
-0.652853
-0.651794
-0.626374
-0.575382
-0.498213
-0.397289
-0.268827
-0.165481
-0.021887
0.143535
0.321928
0.516058
0.728648
0.902503
1.122809
1.351589
1.577041
1.814294
2.040653
2.232060
2.462052
2.685990
2.903423
3.117678
3.334657
3.494442
3.671475
3.852443
4.007234
4.152078
4.276605
4.351049
4.427612
4.480873
4.509470
4.520062
4.519003
4.503418
4.461203
4.388120
4.293098
4.197168
4.052173
3.918414
3.771188
3.611859
3.424536
3.274133
3.064417
2.863629
2.642565
2.425435
2.198924
2.011905
1.780401
1.542239
1.313308
1.078022
0.858320
0.680532
0.473540
0.276687
0.088155
-0.085286
-0.239018
-0.335403
-0.452972
-0.533771
-0.607460
-0.645590
-0.657997
-0.657241
-0.634847
-0.594144
-0.514252
-0.420137
-0.299391
-0.191506
-0.048367
0.117358
0.296660
0.482316
0.684163
0.899325
1.072423
1.302565
1.531345
1.767388
1.998589
2.235087
2.416810
2.639992
2.865142
3.081364
3.300915
3.502461
3.647416
3.824904
3.988925
4.132105
4.262534
4.339853
4.416718
4.471341
4.503267
4.517793
4.518246
4.508714
4.471795
4.402949
4.314433
4.195201
4.079711
3.947768
3.802207
3.647114
3.482790
3.280337
3.109508
2.898581
2.686898
2.474913
2.254303
2.019470
1.830484
1.588843
1.356129
1.120993
0.901292
0.681137
0.517723
0.319961
0.125075
-0.055024
-0.204520
-0.341456
-0.432545
-0.521667
-0.597019
-0.636511
-0.656030
-0.657846
-0.638024
-0.607006
-0.542245
-0.442380
-0.323752
-0.189388
-0.075602
0.087853
0.260043
0.439496
0.639375
0.858320
1.035050
1.267764
1.495787
1.723054
1.952440
2.184398
2.373233
2.596112
2.822170
3.038392
3.258246
3.457976
3.616246
3.794037
3.952308
4.104113
4.234693
4.335616
4.401284
4.462111
4.502510
4.519608
4.521575
4.509622
4.483748
4.420803
4.334708
4.225009
4.079560
3.969103
3.833377
3.675409
3.507303
3.317408
3.109810
2.947757
2.740462
2.520003
2.297275
2.060324
1.828669
1.633479
1.404245
1.172136
0.949408
0.729556
0.518479
0.356578
0.162599
-0.024157
-0.177283
-0.312858
-0.432696
-0.502753
-0.577349
-0.627433
-0.652248
-0.657846
-0.634847
-0.614571
-0.550264
-0.462807
-0.343120
-0.224946
-0.080596
0.054262
0.225998
0.408780
0.607600
0.822611
1.036865
1.219647
1.442829
1.670701
1.907652
2.139308
2.374141
2.558436
2.782678
2.997538
3.214517
3.424233
3.609589
3.762564
3.919473
4.064126
4.213358
4.322906
4.404008
4.453183
4.493886
4.514010
4.519760
4.511589
4.488741
4.432908
4.351503
4.250580
4.120908
3.989076
3.866666
3.713388
3.550124
3.355236
3.150059
2.952145
2.779651
2.561311
2.339037
2.104204
1.872700
1.634387
1.449184
1.218891
0.993288
0.772225
0.555247
0.353855
0.200881
0.022033
-0.143238
-0.290615
-0.415900
-0.513042
-0.567816
-0.623953
-0.656636
-0.658451
-0.650281
-0.604585
-0.563882
-0.479602
-0.376408
-0.244314
-0.111917
0.054716
0.188171
0.369591
0.562813
0.777975
0.994196
1.217378
1.397285
1.626216
1.858930
2.093007
2.334044
2.560554
2.741824
2.955171
3.167157
3.373393
3.571761
3.771037
3.884369
4.040522
4.189905
4.306867
4.392660
4.455604
4.490406
4.513102
4.520819
4.515371
4.489195
4.448190
4.372082
4.272368
4.145571
4.002240
3.857587
3.743499
3.573123
3.387162
3.194544
2.987854
2.777079
2.602921
2.384883
2.155649
1.919606
1.682655
1.446763
1.263073
1.031721
0.813684
0.593377
0.386991
0.197552
0.050782
-0.128561
-0.268827
-0.399861
-0.503055
-0.578408
-0.617749
-0.648162
-0.660872
-0.651340
-0.619111
-0.564034
-0.497003
-0.398500
-0.268978
-0.139607
0.021579
0.184388
0.328586
0.519690
0.734246
0.946382
1.165932
1.396680
1.577192
1.817169
2.045042
2.284414
2.508352
2.734712
2.902818
3.119343
3.335111
3.537111
3.722769
3.886487
4.005418
4.158584
4.285835
4.374049
4.443046
4.488590
4.508865
4.520668
4.518549
4.496458
4.446828
4.387061
4.291434
4.169176
4.027206
3.895263
3.746828
3.612161
3.434825
3.240996
3.029919
2.822170
2.600954
2.432092
2.203160
1.968479
1.731679
1.494123
1.262317
1.073936
0.851965
0.630297
0.424819
0.232656
0.049874
-0.083017
-0.235084
-0.366573
-0.469616
-0.552080
-0.611545
-0.637419
-0.656182
-0.652096
-0.629097
-0.577652
-0.494128
-0.421196
-0.296668
-0.165178
-0.021585
0.147166
0.326316
0.476566
0.682499
0.898115
1.116303
1.349320
1.576133
1.769658
1.996622
2.233120
2.460841
2.683418
2.903121
3.075009
3.294258
3.496408
3.691750
3.849568
4.007385
4.127263
4.257692
4.354378
4.426704
4.480419
4.508411
4.519608
4.520062
4.503418
4.458328
4.389785
4.311255
4.195957
4.045515
3.917809
3.781024
3.606714
3.462666
3.277160
3.065476
2.861964
2.646952
2.429822
2.249158
2.014931
1.782973
1.545266
1.312400
1.078022
0.899174
0.681591
0.473086
0.277292
0.088761
-0.080747
-0.210572
-0.330864
-0.449794
-0.536798
-0.602164
-0.640294
-0.646952
-0.649524
-0.636814
-0.583250
-0.518035
-0.420742
-0.321029
-0.192415
-0.051393
0.112819
0.291666
0.480349
0.637560
0.854991
1.071818
1.301657
1.531648
1.767085
1.950019
2.183944
2.414238
2.635907
2.862872
3.074706
3.252647
3.455403
3.642272
3.831713
3.979846
4.132862
4.238173
4.338642
4.415053
4.471643
4.503872
4.520668
4.523240
4.512950
4.474064
4.405672
4.316097
4.224403
4.080922
3.948071
3.797971
3.638640
3.464482
3.312264
3.111777
2.906147
2.697793
2.481419
2.260355
2.067133
1.833057
1.591566
1.362030
1.127500
0.902200
0.727740
0.512124
0.313304
0.120535
-0.056386
-0.201190
-0.309075
-0.433906
-0.514404
-0.595960
-0.634847
-0.656182
-0.662234
-0.643926
-0.606855
-0.538916
-0.444498
-0.329200
-0.220256
-0.083622
0.078774
0.256714
0.439496
0.639224
0.816407
1.030813
1.256869
1.480354
1.712463
1.946236
2.133104
2.370509
2.595053
2.820808
3.035668
3.253858
3.415760
3.604596
3.793128
3.948827
4.104113
4.236811
4.321090
4.400981
4.463775
4.499484
4.516431
4.518852
4.513404
4.481781
4.419290
4.335464
4.227127
4.121816
3.979997
3.836404
3.689178
3.509270
3.317711
3.152026
2.950329
2.741219
2.520608
2.297426
2.060778
1.874213
1.633328
1.400765
1.169866
0.943961
0.729253
0.555701
0.355519
0.161994
-0.028393
-0.179402
-0.315279
-0.400467
-0.504266
-0.581737
-0.630610
-0.656636
-0.659057
-0.639386
-0.614723
-0.549810
-0.461294
-0.351140
-0.219650
-0.113128
0.052749
0.220702
0.399096
0.596403
0.813230
0.986933
1.216621
1.439197
1.669339
1.902508
2.133558
2.326327
2.549660
2.781164
2.996933
3.207405
3.423779
3.580235
3.753334
3.916749
4.062008
4.204733
4.317005
4.382673
4.449552
4.493886
4.514464
4.522181
4.516431
4.491465
4.436842
4.355135
4.251488
4.121059
4.012529
3.864850
3.719592
3.546946
3.361439
3.151118
2.988157
2.780408
2.563127
2.345089
2.118881
1.885107
1.696121
1.461743
1.227818
0.999946
0.778429
0.556609
0.394254
0.201335
0.019007
-0.147475
-0.288497
-0.410907
-0.487470
-0.567211
-0.620170
-0.649978
-0.657846
-0.649070
-0.622742
-0.564034
-0.479300
-0.376408
-0.245978
-0.109950
0.024000
0.183329
0.365657
0.560695
0.773133
0.989203
1.161393
1.390173
1.620769
1.857871
2.094671
2.329958
2.514254
2.740916
2.955625
3.165946
3.382169
3.572366
3.722618
3.883915
4.035226
4.181735
4.303236
4.387212
4.442592
4.490103
4.513556
4.520668
4.516733
4.496609
4.446526
4.371022
4.272671
4.145874
4.030989
3.892540
3.751670
3.579478
3.402596
3.194393
2.990578
2.821413
2.608066
2.386851
2.158827
1.927323
1.689615
1.499721
1.267007
1.031569
0.811414
0.595798
0.429207
0.237498
0.053959
-0.122811
-0.254603
-0.389118
-0.486411
-0.552837
-0.612756
-0.651188
-0.647860
-0.641202
-0.621078
-0.576138
-0.495641
-0.399256
-0.270642
-0.140212
0.021277
0.146863
0.330099
0.521051
0.734246
0.945626
1.168051
1.348714
1.575073
1.812932
2.048219
2.283203
2.509563
2.687504
2.902818
3.119494
3.334052
3.535749
3.732755
3.854561
4.003602
4.153288
4.278724
4.369963
4.425797
4.479662
4.509773
4.519306
4.519457
4.495852
4.462716
4.387969
4.295368
4.170840
4.027055
3.919473
3.776636
3.608227
3.443601
3.241299
3.033247
2.824893
2.650281
2.433757
2.205279
1.975137
1.739547
1.547989
1.314821
1.080291
0.858320
0.639527
0.435713
0.279864
0.092695
-0.086497
-0.227670
-0.360975
-0.458721
-0.522877
-0.603980
-0.636663
-0.650281
-0.650886
-0.622288
-0.576895
-0.513193
-0.424223
-0.302417
-0.167902
-0.021282
0.149587
0.296206
0.482921
0.685525
0.900233
1.119934
1.349774
1.531799
1.768750
1.996320
2.230699
2.456907
2.677971
2.855760
3.073193
3.293501
3.496408
3.685849
3.856831
3.982570
4.130894
4.258902
4.354984
4.428066
4.471795
4.505385
4.519608
4.520516
4.500846
4.459085
4.402343
4.313525
4.197925
4.055199
3.922348
3.809167
3.649384
3.472501
3.280035
3.072891
2.863931
2.646196
2.479150
2.255665
2.016898
1.783730
1.543450
1.312854
1.123263
0.900233
0.678565
0.476566
0.278956
0.125529
-0.055327
-0.204973
-0.346449
-0.452366
-0.538916
-0.602618
-0.630156
-0.654517
-0.656030
-0.626676
-0.598532
-0.505930
-0.444498
-0.318002
-0.197408
-0.051393
0.117055
0.290456
0.440857
0.643158
0.863616
1.078022
1.305742
1.531950
1.718818
1.950170
2.186970
2.420895
2.644834
2.824893
3.038694
3.255522
3.459489
3.644088
3.824753
3.983024
4.106987
4.239988
4.340155
4.413692
4.469222
4.499030
4.516733
4.522786
4.511891
4.474064
4.421711
4.335767
4.226371
4.094277
3.950038
3.807352
3.672231
3.510783
3.324671
3.118586
2.910383
2.701878
2.523181
2.300907
2.062442
1.831089
1.593685
1.362332
1.174557
0.947593
0.730918
0.519084
0.317692
0.124470
-0.027788
-0.182277
-0.319516
-0.425130
-0.523028
-0.595355
-0.626374
-0.651037
-0.654669
-0.642564
-0.600499
-0.531199
-0.459478
-0.356133
-0.217229
-0.083924
0.081800
0.258378
0.403181
0.598673
0.818677
1.039286
1.268369
1.491702
1.677359
1.907047
2.139308
2.371720
2.593994
2.816571
2.992696
3.209826
3.417878
3.613977
3.795398
3.958663
4.072146
4.219864
4.325478
4.401889
4.459841
4.497365
4.514161
4.521878
4.514766
4.483899
4.418382
4.355437
4.249672
4.118185
3.974248
3.835193
3.671929
3.536960
3.350999
3.146579
2.942461
2.738798
2.523030
2.347056
2.116308
1.882232
1.643466
1.408633
1.170926
0.991775
0.770863
0.550708
0.348861
0.157455
-0.031874
-0.152014
-0.286530
-0.409394
-0.505628
-0.577349
-0.619867
-0.651794
-0.653155
-0.643320
-0.613966
-0.547995
-0.461142
-0.380191
-0.253241
-0.107832
0.048815
0.217676
0.399701
0.558728
0.775856
0.995104
1.219193
1.446460
1.669491
1.855450
2.087408
2.322392
2.550568
2.779349
2.993453
3.160197
3.373393
3.580083
3.769524
3.921440
4.063975
4.184307
4.302782
4.387061
4.455756
4.500846
4.519457
4.524450
4.519457
4.491011
4.435934
4.355437
4.273579
4.146782
4.006023
3.862732
3.704007
3.536808
3.384136
3.190459
2.985585
2.779349
2.562673
2.344938
2.158373
1.925507
1.687497
1.450848
1.218740
0.987085
0.812927
0.596706
0.393800
0.204058
0.024605
-0.146113
-0.245827
-0.390329
-0.486562
-0.567665
-0.624860
-0.653155
-0.658451
-0.644531
-0.619111
-0.562067
-0.477635
-0.376711
-0.263379
-0.139758
0.019461
0.181967
0.365657
0.558576
0.726984
0.940633
1.162301
1.390627
1.618802
1.855450
2.040956
2.276546
2.506083
2.733199
2.947152
3.165039
3.332842
3.535144
3.721861
3.888303
4.037042
4.184458
4.280842
4.371174
4.439717
4.486774
4.512345
4.519760
4.520970
4.498727
4.449854
4.372838
4.275697
4.171294
4.028417
3.896625
3.749400
3.580991
3.402142
3.241148
3.028708
2.818689
2.599744
2.381101
2.153531
1.970294
1.736370
1.500629
1.271698
1.037471
0.818677
0.638165
0.434654
0.238859
0.055170
-0.120996
-0.260504
-0.366270
-0.458721
-0.546935
-0.610486
-0.645439
-0.658754
-0.656030
-0.636057
-0.576744
-0.496549
-0.398954
-0.269886
-0.170020
-0.027486
0.143686
0.328737
0.524078
0.735457
0.904621
1.123112
1.348714
1.568416
1.807939
2.038233
2.229034
2.457815
2.684175
2.905844
3.122823
3.339197
3.501099
3.689027
3.870297
4.013740
4.158735
4.280842
4.355589
4.425797
4.478149
4.508563
4.522483
4.521273
4.505385
4.463018
4.389633
4.291131
4.169630
4.053081
3.916144
3.781175
3.614431
3.445417
3.241601
3.069108
2.860905
2.646952
2.430730
2.204219
1.975439
1.786453
1.544660
1.312249
1.078022
0.856353
0.635441
0.473238
0.280772
0.091787
-0.084379
-0.230545
-0.371567
-0.443288
-0.537403
-0.601710
-0.640445
-0.655274
-0.651491
-0.632880
-0.592177
-0.515614
-0.427854
-0.294700
-0.165027
-0.053057
0.114332
0.294844
0.482468
0.683860
0.897055
1.074541
1.305742
1.532858
1.767993
1.999195
2.235843
2.415448
2.641808
2.865293
3.081213
3.298948
3.495047
3.653923
3.833075
3.979543
4.133013
4.263593
4.359826
4.418836
4.473459
4.505234
4.521424
4.520062
4.510076
4.473005
4.405521
4.312768
4.196865
4.058225
3.946709
3.808108
3.650140
3.477192
3.281699
3.072588
2.899640
2.686445
2.472189
2.250974
2.018108
1.783276
1.586724
1.355826
1.120086
0.896904
0.678262
0.471573
0.314968
0.123864
-0.063346
-0.205579
-0.340396
-0.452366
-0.511680
-0.592480
-0.626525
-0.654517
-0.655122
-0.634393
-0.598986
-0.534225
-0.442228
-0.329351
-0.194836
-0.054570
0.081498
0.255655
0.438588
0.640283
0.857564
1.077719
1.266856
1.491702
1.724567
1.952440
2.185306
2.417567
2.598079
2.822321
3.038694
3.258851
3.460850
3.649232
3.799030
3.960630
4.108954
4.237113
4.338945
4.417474
4.464077
4.502662
4.521878
4.521273
4.508563
4.481175
4.419744
4.334254
4.223798
4.078198
3.976517
3.837311
3.694928
3.512750
3.322250
3.110567
2.896917
2.732140
2.512286
2.293946
2.063350
1.832603
1.594744
1.406363
1.174254
0.945172
0.728043
0.514545
0.314817
0.156850
-0.027940
-0.177283
-0.316036
-0.431032
-0.509259
-0.577652
-0.627887
-0.653004
-0.656636
-0.646195
-0.603526
-0.542094
-0.461899
-0.354166
-0.216776
-0.081504
0.083162
0.219492
0.398491
0.595950
0.811717
1.030813
1.213595
1.440408
1.672668
1.904475
2.135827
2.369904
2.594750
2.779197
2.996025
3.217543
3.420450
3.613371
3.797214
3.924164
4.062462
4.211694
4.318367
4.399014
4.451822
4.495550
4.517641
4.521878
4.513556
4.479057
4.432454
4.348931
4.247705
4.117882
3.972886
3.860311
3.709454
3.537868
3.356749
3.144914
2.939435
2.730022
2.552838
2.338885
2.105112
1.874515
1.636354
1.453269
1.221917
0.989505
0.771166
0.554188
0.353855
0.199065
0.028993
-0.133706
-0.277602
-0.405460
-0.501391
-0.567060
-0.622288
-0.650281
-0.656182
-0.645590
-0.611848
-0.562823
-0.480661
-0.379132
-0.247794
-0.112523
0.053354
0.224636
0.368380
0.561148
0.777521
0.993894
1.216772
1.399252
1.623644
1.859536
2.093461
2.331320
2.559495
2.739554
2.957592
3.169124
3.383985
3.573879
3.764077
3.923105
4.043850
4.191569
4.307926
4.390844
4.453335
4.487833
4.512194
4.520970
4.517339
4.489649
4.432605
4.371930
4.269948
4.143907
3.993313
3.861824
3.748038
3.567373
3.378992
3.181229
2.980440
2.775415
2.602165
2.384430
2.152018
1.917336
1.683563
1.452361
1.273362
1.040799
0.818526
0.598371
0.393649
0.200881
0.056532
-0.120239
-0.257327
-0.386395
-0.489589
-0.568422
-0.621986
-0.646800
-0.656636
-0.653004
-0.618959
-0.564185
-0.476576
-0.401223
-0.271096
-0.140061
0.021882
0.183934
0.366867
0.522111
0.731674
0.943507
1.164268
1.393653
1.619559
1.814748
2.041410
2.280026
2.503359
2.730022
2.948665
3.120705
3.340256
3.538927
3.730032
3.889967
4.040522
4.159492
4.285079
4.370871
4.439112
4.488741
4.506293
4.519760
4.519457
4.497517
4.448795
4.370114
4.292493
4.170991
4.027509
3.891330
3.744860
3.573879
3.428016
3.230707
3.022353
2.814604
2.602467
2.390482
2.209818
1.976952
1.742725
1.502748
1.271395
1.036865
0.854386
0.636500
0.434351
0.239919
0.056532
-0.122358
-0.231150
-0.371415
-0.469767
-0.551626
-0.616085
-0.642715
-0.656938
-0.651794
-0.627130
-0.580375
-0.499575
-0.400921
-0.301056
-0.174862
-0.027637
0.143383
0.327527
0.521203
0.684920
0.902351
1.121599
1.350076
1.577495
1.812478
1.997379
2.229791
2.459479
2.684326
2.906752
3.122218
3.300159
3.500796
3.683277
3.868179
4.019793
4.158432
4.263593
4.358766
4.427763
4.479208
4.509622
4.519457
4.520668
4.502662
4.462262
4.387818
4.313676
4.196865
4.056258
3.912966
3.771188
3.608530
3.464028
3.269140
3.061845
2.858938
2.653005
2.437085
2.259296
2.021891
1.786302
1.541937
1.312097
1.074844
0.897509
0.679624
0.474448
0.278351
0.088609
-0.088313
-0.201342
-0.345389
-0.452064
-0.532712
-0.605493
-0.641959
-0.653155
-0.652399
-0.629854
-0.587184
-0.513496
-0.417868
-0.322390
-0.191961
-0.057445
0.114786
0.294239
0.481408
0.639981
0.860136
1.082107
1.309828
1.535430
1.769355
1.950624
2.183187
2.413935
2.635604
2.860905
3.076825
3.253858
3.465995
3.648173
3.819003
3.989984
4.133164
4.239686
4.339853
4.415658
4.470887
4.504175
4.519608
4.522029
4.509622
4.473459
4.406732
4.316248
4.225917
4.095034
3.955183
3.812345
3.651048
3.477041
3.320737
3.112383
2.898279
2.685234
2.472189
2.249158
2.057449
1.826702
1.583093
1.350379
1.120086
0.899476
0.730010
0.516210
0.315573
0.124621
-0.058051
-0.208907
-0.319213
-0.423466
-0.522574
-0.586579
-0.634393
-0.653155
-0.648011
-0.636360
-0.591723
-0.531805
-0.442531
-0.333436
-0.221315
-0.085740
0.080741
0.258227
0.439042
0.640586
0.822309
1.036109
1.265645
1.492005
1.723660
1.957130
2.134163
2.370055
2.591724
2.820656
3.036576
3.255371
3.418030
3.607924
3.789951
3.955334
4.106836
4.239534
4.323057
4.404310
4.465742
4.501451
4.517793
4.520970
4.512799
4.479662
4.417777
4.334405
4.224403
4.120757
3.978787
3.839127
3.682672
3.510329
3.325730
3.155506
2.951388
2.741219
2.520003
2.297426
2.058206
1.874667
1.633630
1.403034
1.165327
0.941238
0.724563
0.550859
0.350677
0.158968
-0.027183
-0.182277
-0.317095
-0.413782
-0.506384
-0.577198
-0.620624
-0.653004
-0.656484
-0.646195
-0.605947
-0.540278
-0.458419
-0.350686
-0.212842
-0.111614
0.051236
0.221761
0.400760
0.599581
0.813684
0.989354
1.215411
1.442980
1.675089
1.906744
2.141275
2.330866
2.551930
2.777382
2.992696
3.212399
3.418635
3.574333
3.764077
3.929762
4.070028
4.220469
4.325781
4.390844
4.453789
4.493583
4.517187
4.520365
4.517641
4.492373
4.430638
4.348629
4.245738
4.143453
3.997398
3.863639
3.714144
3.538019
3.353117
3.151118
2.989065
2.779651
2.558738
2.341609
2.104204
1.871489
1.679931
1.451000
1.213746
0.982848
0.761785
0.546320
0.383814
0.193769
0.021882
-0.148534
-0.281385
-0.407730
-0.483234
-0.564790
-0.626525
-0.650886
-0.655879
-0.646498
-0.621078
-0.562067
-0.482175
-0.367027
-0.240229
-0.101930
0.022184
0.183631
0.365051
0.564023
0.780396
0.994953
1.170774
1.398193
1.623493
1.861805
2.096789
2.331471
2.509714
2.737890
2.958500
3.170486
3.381413
3.577662
3.727460
3.900559
4.041732
4.188694
4.303689
4.389936
4.444559
4.491011
4.517793
4.523542
4.517339
4.497517
4.447736
4.368450
4.269948
4.142999
4.038252
3.899198
3.754091
3.582656
3.393820
3.192426
2.980289
2.809914
2.592178
2.379739
2.151564
1.924901
1.687799
1.500175
1.266251
1.034142
0.814138
0.595798
0.392741
0.238708
0.055472
-0.122055
-0.262471
-0.392448
-0.492161
-0.556468
-0.615782
-0.646800
-0.660267
-0.645287
-0.620472
-0.575987
-0.496852
-0.400315
-0.271550
-0.139607
0.020066
0.145350
0.326770
0.523321
0.736365
0.953040
1.173195
1.358096
1.583093
1.818985
2.050186
2.287591
2.512135
2.691438
2.906298
3.122369
3.338592
3.539834
3.727914
3.860159
4.016312
4.161761
4.281901
4.371174
4.428823
4.482537
4.512345
4.523391
4.519760
4.496912
4.457723
4.385397
4.293249
4.172656
4.027660
3.926736
3.775274
3.608227
3.432101
3.237668
3.026590
2.817630
2.641657
2.425435
2.196200
1.964091
1.729107
1.491853
1.308315
1.072423
0.850301
0.637106
0.432535
0.240826
0.087096
-0.090280
-0.234933
-0.368843
-0.471431
-0.554955
-0.609427
-0.639689
-0.654366
-0.654669
-0.628643
-0.567211
-0.515009
-0.417868
-0.294852
-0.163665
-0.013868
0.147922
0.294239
0.483678
0.691275
0.910219
1.132644
1.360668
1.538911
1.771625
2.001010
2.234330
2.464473
2.689622
2.865596
3.079397
3.301823
3.502764
3.694323
3.859856
3.988925
4.139519
4.266619
4.359826
4.429730
4.471492
4.504477
4.519306
4.522786
4.503872
4.460900
4.405067
4.313525
4.197622
4.054291
3.921743
3.809470
3.647114
3.473107
3.282455
3.071529
2.860905
2.689471
2.471433
2.247191
2.016293
1.779644
1.539213
1.358852
1.122809
0.900082
0.677657
0.472481
0.275628
0.120687
-0.061228
-0.208453
-0.342364
-0.453123
-0.536646
-0.591421
-0.630005
-0.650583
-0.652248
-0.633636
-0.589454
-0.536041
-0.438748
-0.332074
-0.192263
-0.053511
0.110549
0.252629
0.439344
0.639224
0.861044
1.080140
1.310584
1.491702
1.724265
1.956071
2.192569
2.422711
2.646801
2.826557
3.042477
3.258095
3.461002
3.648778
3.826417
3.984537
4.108652
4.239988
4.342728
4.418533
4.474367
4.501905
4.518700
4.521575
4.509017
4.470584
4.418987
4.329715
4.220772
4.070028
3.949130
3.808714
3.681310
3.519861
3.323612
3.108449
2.902667
2.685839
2.516977
2.293795
2.063047
1.827912
1.585665
1.351287
1.164571
0.938212
0.721536
0.508947
0.315573
0.123562
-0.025216
-0.173955
-0.308016
-0.436025
-0.523936
-0.593085
-0.629097
-0.651037
-0.651945
-0.638176
-0.599289
-0.534074
-0.455393
-0.357797
-0.217229
-0.081201
0.085432
0.259891
0.402727
0.601699
0.820039
1.039135
1.269882
1.493820
1.675846
1.911132
2.142031
2.375805
2.598987
2.823229
2.999959
3.214820
3.421207
3.612463
3.799030
3.956242
4.125144
4.216536
4.327143
4.406580
4.465137
4.504326
4.517641
4.522635
4.514615
4.479662
4.418533
4.351957
4.246949
4.116066
3.972886
3.830351
3.676166
3.535598
3.358716
3.153842
2.949875
2.736982
2.517885
2.334497
2.098303
1.867404
1.630453
1.401824
1.167899
0.988295
0.770863
0.553432
0.350980
0.157606
-0.023098
-0.157008
-0.288951
-0.411815
-0.507292
-0.572961
-0.623650
-0.646952
-0.657543
-0.646195
-0.615025
-0.550113
-0.458267
-0.381402
-0.242952
-0.111009
0.054413
0.222518
0.405451
0.561754
0.779942
0.996617
1.222522
1.444947
1.680839
1.867404
2.094217
2.331471
2.556469
2.784947
2.997538
3.167762
3.383077
3.574485
3.768314
3.929914
4.069725
4.191569
4.306564
4.390693
4.455756
4.495399
4.519154
4.520970
4.517036
4.488287
4.431546
4.349990
4.270855
4.143302
3.999063
3.869087
3.707487
3.531966
3.394123
3.185466
2.986795
2.780862
2.564791
2.345997
2.158221
1.921573
1.684773
1.447368
1.217529
0.989959
0.814289
0.593377
0.392438
0.200881
0.020671
-0.153981
-0.262017
-0.396533
-0.488832
-0.563882
-0.609881
-0.641807
-0.654063
-0.655274
-0.619413
-0.563428
-0.473852
-0.367784
-0.258083
-0.146265
0.021882
0.180757
0.362630
0.561451
0.736062
0.954704
1.172287
1.396528
1.623190
1.859233
2.044436
2.284262
2.511681
2.741219
2.954263
3.173815
3.342526
3.539229
3.727762
3.890875
4.040673
4.187030
4.281145
4.372535
4.443197
4.488741
4.513556
4.523391
4.519760
4.496458
4.445769
4.370417
4.271763
4.169024
4.027055
3.889362
3.746222
3.577511
3.394274
3.240542
3.032188
2.818841
2.604132
2.385035
2.157616
1.972867
1.740455
1.503353
1.266856
1.032780
0.815500
0.637257
0.437529
0.242945
0.058650
-0.116305
-0.257024
-0.365968
-0.476727
-0.557830
-0.610637
-0.639991
-0.652248
-0.642564
-0.623801
-0.569783
-0.498819
-0.399256
-0.275333
-0.157159
-0.022190
0.145804
0.326014
0.521203
0.735457
0.905983
1.127954
1.358852
1.584606
1.819893
2.047009
2.237356
2.463262
2.688865
2.906147
3.123731
3.345249
3.511388
3.692356
3.864245
4.011016
4.166755
4.289315
4.361339
4.432605
4.480570
4.507957
4.519760
4.518700
4.503267
4.458933
4.385699
4.290677
4.166906
4.052173
3.917809
3.782234
3.613069
3.445719
3.244023
3.073344
2.859543
2.642716
2.423165
2.196503
1.964999
1.779190
1.541937
1.309071
1.075449
0.856656
0.635139
0.475507
0.278502
0.090122
-0.087254
-0.230242
-0.368389
-0.450551
-0.538916
-0.600953
-0.638327
-0.653609
-0.649675
-0.633031
-0.590664
-0.516371
-0.420591
-0.297727
-0.166843
-0.050939
0.111760
0.290910
0.478534
0.684314
0.902351
1.081048
1.313611
1.538608
1.774651
2.003582
2.238718
2.418323
2.637722
2.860451
3.077884
3.295166
3.502158
3.650897
3.833377
3.985445
4.134677
4.260567
4.355891
4.416566
4.472400
4.506444
4.520214
4.520062
4.507504
4.472400
4.404613
4.314281
4.197319
4.058982
3.949735
3.809167
3.648778
3.478100
3.287297
3.076522
2.908719
2.693102
2.473551
2.249310
2.009332
1.779644
1.584909
1.353102
1.119178
0.897358
0.679926
0.473389
0.317086
0.127647
-0.056840
-0.205579
-0.342818
-0.456300
-0.526055
-0.588546
-0.631216
-0.650583
-0.653155
-0.629400
-0.604131
-0.531653
-0.442834
-0.325265
-0.193625
-0.059261
0.079228
0.256109
0.440555
0.644369
0.860439
1.080140
1.267764
1.493518
1.726837
1.956223
2.193325
2.421349
2.598836
2.821564
3.035366
3.253858
3.458127
3.647871
3.805536
3.958814
4.112132
4.242409
4.341668
4.415658
4.459387
4.499484
4.518398
4.523694
4.510530
4.482840
4.417323
4.332892
4.223193
4.084251
3.947163
3.833831
3.680856
3.512750
3.322250
3.113744
2.904482
2.736831
2.514102
2.293341
2.058054
1.826550
1.584909
1.402278
1.167597
0.945323
0.726076
0.515302
0.314665
0.158817
-0.026275
-0.181218
-0.317246
-0.437992
-0.532410
-0.583401
-0.631821
-0.648313
-0.652853
-0.636511
-0.588697
-0.545725
-0.464925
-0.357494
-0.220104
-0.086345
0.081952
0.219794
0.400760
0.602153
0.821098
1.042161
1.269428
1.444645
1.668734
1.903870
2.138248
2.373233
2.595961
2.782829
2.998900
3.217241
3.427562
3.618668
3.797668
3.925828
4.068212
4.215325
4.323965
4.403856
4.456664
4.496912
4.519760
4.522029
4.512648
4.484050
4.432908
4.349536
4.243771
4.119395
3.978484
3.867574
3.719289
3.544677
3.354782
3.147335
2.945941
2.740160
2.562824
2.345694
2.111315
1.874515
1.629999
1.396982
1.213141
0.979973
0.762390
0.547077
0.348559
0.159876
0.019310
-0.155646
-0.288043
-0.410605
-0.505022
-0.580375
-0.618203
-0.646800
-0.656182
-0.645590
-0.610637
-0.545120
-0.475971
-0.372474
-0.240531
-0.109496
0.053203
0.222518
0.365657
0.564326
0.781455
0.996920
1.225094
1.444796
1.622887
1.857871
2.086349
2.324057
2.549812
2.778744
2.953658
3.170788
3.381564
3.579327
3.768011
3.925223
4.043548
4.190813
4.305354
4.390541
4.455302
4.497819
4.514464
4.521273
4.514464
4.488590
4.431849
4.369055
4.269040
4.145269
4.004661
3.871659
3.719289
3.581899
3.398208
3.197268
2.987249
2.776777
2.554805
2.377469
2.145057
1.912191
1.672366
1.441013
1.211628
1.032023
0.812171
0.595042
0.393952
0.202848
0.023697
-0.118272
-0.261412
-0.389118
-0.481418
-0.565547
-0.616992
-0.644228
-0.651945
-0.643018
-0.616690
-0.561764
-0.477484
-0.389572
-0.260655
-0.137943
0.019763
0.178033
0.361571
0.520900
0.731674
0.950165
1.171985
1.400916
1.626519
1.817623
2.050943
2.287591
2.509866
2.735166
2.950632
3.122218
3.340105
3.541650
3.727914
3.894961
4.054442
4.164334
4.285684
4.373746
4.439717
4.486320
4.510076
4.519608
4.519003
4.497063
4.447585
4.370266
4.291585
4.168117
4.022516
3.888908
3.758176
3.612766
3.435128
3.244477
3.027498
2.821110
2.600500
2.386397
2.198016
1.963637
1.728350
1.488524
1.258988
1.027030
0.851965
0.631356
0.430720
0.241432
0.055775
-0.086497
-0.230696
-0.364455
-0.467346
-0.552080
-0.612453
-0.634544
-0.651491
-0.656333
-0.627584
-0.576290
-0.496095
-0.419834
-0.295155
-0.160639
-0.013414
0.147620
0.328435
0.480954
0.685071
0.904167
1.125835
1.358549
1.587027
1.778736
2.008273
2.242955
2.466591
2.689773
2.909778
3.084542
3.303336
3.503217
3.693566
3.864245
4.016766
4.163880
4.266619
4.359977
4.432756
4.480873
4.512345
4.520214
4.520819
4.506142
4.461959
4.392055
4.318820
4.197471
4.050811
3.922045
3.777392
3.612766
3.472199
3.279127
3.067746
2.854247
2.640144
2.425889
2.248099
2.015839
1.782519
1.541937
1.311341
1.073180
0.895694
0.677505
0.469304
0.273812
0.084221
-0.090431
-0.204822
-0.337067
-0.444196
-0.537403
-0.596868
-0.636965
-0.651188
-0.651491
-0.630610
-0.585066
-0.510167
-0.412118
-0.317246
-0.188935
-0.048518
0.117358
0.295449
0.486704
0.644823
0.863162
1.083015
1.311038
1.538911
1.778434
1.957736
2.191661
2.420895
2.640295
2.867109
3.084693
3.263239
3.466449
3.655587
3.833226
3.990287
4.138006
4.238475
4.337734
4.413086
4.473913
4.507655
4.521878
4.520365
4.506293
4.468466
4.401738
4.311558
4.219864
4.073962
3.942170
3.799332
3.637430
3.467962
3.318316
3.111777
2.903726
2.689622
2.469466
2.244619
2.053364
1.821557
1.586270
1.350833
1.117513
0.895088
0.722293
0.509552
0.312850
0.122654
-0.056991
-0.208151
-0.316792
-0.432999
-0.524693
-0.590815
-0.636057
-0.653912
-0.653609
-0.640445
-0.604585
-0.532561
-0.440110
-0.325417
-0.216624
-0.079234
0.086642
0.260951
0.440555
0.640283
0.819131
1.036563
1.267915
1.491853
1.725929
1.958795
2.143393
2.377015
2.596717
2.827919
3.046714
3.263088
3.433614
3.618213
3.802813
3.962445
4.118185
4.248008
4.327445
4.407791
4.466347
4.501148
4.518700
4.520062
4.511589
4.481478
4.418533
4.329110
4.219713
4.113494
3.968801
3.827022
3.671777
3.500796
3.309691
3.144006
2.943520
2.732443
2.513649
2.290315
2.056390
1.868160
1.628486
1.395620
1.163058
0.940481
0.725168
0.552070
0.349467
0.157304
-0.020979
-0.180763
-0.315884
-0.410907
-0.502904
-0.569481
-0.622137
-0.652096
-0.642261
-0.641807
-0.606552
-0.543758
-0.455695
-0.348719
-0.215111
-0.112825
0.062130
0.228116
0.406964
0.602456
0.820342
0.995104
1.223581
1.447822
1.680082
1.910678
2.140972
2.336162
2.558133
2.784796
3.002683
3.220418
3.424687
3.577511
3.773156
3.924769
4.080317
4.217746
4.327143
4.392055
4.455604
4.493734
4.515825
4.522635
4.519608
4.489498
4.432302
4.351503
4.245738
4.142696
4.000424
3.863791
3.712026
3.539229
3.359624
3.154598
2.986946
2.774053
2.552535
2.331169
2.097395
1.865286
1.676905
1.442980
1.212687
0.987539
0.775705
0.556155
0.393498
0.199670
0.020369
-0.158067
-0.285773
-0.414387
-0.478694
-0.566454
-0.615782
-0.645136
-0.650583
-0.631216
-0.618808
-0.559343
-0.466892
-0.373836
-0.240229
-0.114187
0.025362
0.187112
0.368532
0.564931
0.782514
1.001156
1.176978
1.403488
1.630301
1.865134
2.098303
2.336616
2.516826
2.744699
2.955625
3.171545
3.380505
3.576452
3.730940
3.895112
4.046423
4.193688
4.307926
4.391903
4.441987
4.486018
4.511286
4.519911
4.516733
4.496609
4.446072
4.368450
4.267527
4.139973
4.021911
3.888908
3.739716
3.575392
3.393215
3.186979
2.983315
2.817630
2.593237
2.375200
2.145663
1.913856
1.681444
1.494728
1.270185
1.034747
0.816256
0.596403
0.397432
0.240070
0.054867
-0.114641
-0.254603
-0.386092
-0.491253
-0.554198
-0.612453
-0.645439
-0.649373
-0.641505
-0.614117
-0.571448
-0.489437
-0.391842
-0.263833
-0.134916
0.024908
0.147620
0.328889
0.522413
0.738483
0.953342
1.178037
1.360214
1.588389
1.820195
2.051548
2.291223
2.513346
2.692951
2.912956
3.128422
3.346157
3.538321
3.734571
3.863034
4.018127
4.164788
4.286743
4.373897
4.429730
4.479208
4.512648
4.521878
4.518095
4.495852
4.456512
4.384035
4.289769
4.166755
4.027812
3.919927
3.787379
3.602326
3.420602
3.223293
3.018570
2.814150
2.638933
2.429066
2.206338
1.971051
1.736370
1.497905
1.313913
1.076206
0.856050
0.637408
0.431325
0.236741
0.084373
-0.091339
-0.233874
-0.370659
-0.471734
-0.547389
-0.600197
-0.638327
-0.650583
-0.649221
-0.626374
-0.574928
-0.513950
-0.420289
-0.297727
-0.164422
-0.015835
0.150646
0.299383
0.482619
0.687038
0.904772
1.130072
1.361122
1.545720
1.777526
2.007214
2.242198
2.470374
2.691740
2.867865
3.080910
3.300159
3.501704
3.677527
3.862732
3.987866
4.140124
4.269645
4.361793
4.431243
4.472400
4.505537
4.519911
4.520970
4.503570
4.460749
4.403856
4.312768
4.195504
4.054291
3.919019
3.802510
3.635917
3.461002
3.269745
3.061694
2.858635
2.649676
2.471887
2.251731
2.019773
1.781611
1.538911
1.307256
1.120388
0.893273
0.675084
0.469606
0.274720
0.120082
-0.065616
-0.201644
-0.346449
-0.452820
-0.535738
-0.576592
-0.628643
-0.641959
-0.648011
-0.629854
-0.584612
-0.526660
-0.441472
-0.323601
-0.190447
-0.051090
0.118871
0.262161
0.449331
0.651934
0.868912
1.087705
1.313913
1.539364
1.726534
1.954104
2.187424
2.418020
2.641959
2.867260
3.041872
3.263088
3.463574
3.653620
3.830956
3.996339
4.110921
4.244225
4.342576
4.420501
4.476485
4.505537
4.521122
4.525055
4.510076
4.472249
4.400527
4.330018
4.220469
4.076837
3.950946
3.810076
3.691750
3.511388
3.320434
3.108146
2.904482
2.691438
2.517431
2.297124
2.062291
1.830182
1.589297
1.358549
1.168959
0.939271
0.721385
0.509703
0.311791
0.122654
-0.027486
-0.181823
-0.319062
-0.440715
-0.531956
-0.598986
-0.630308
-0.643320
-0.652702
-0.628492
-0.590967
-0.527568
-0.455090
-0.343574
-0.212236
-0.082109
0.086188
0.260799
0.405300
0.604423
0.825486
1.042464
1.269882
1.493972
1.676300
1.909922
2.142788
2.381252
2.604434
2.832005
3.006465
3.221024
3.426654
3.615339
3.799030
3.955939
4.110921
4.215023
4.322149
4.404310
4.464380
4.503116
4.518700
4.521727
4.513556
4.483748
4.418533
4.350898
4.247252
4.120303
3.968498
3.831108
3.683428
3.539834
3.354782
3.148243
2.944428
2.736982
2.514102
2.335254
2.101026
1.869220
1.629848
1.398344
1.163814
0.986328
0.767081
0.549498
0.348710
0.156698
-0.028848
-0.153528
-0.289707
-0.409092
-0.503509
-0.578105
-0.624255
-0.644228
-0.651642
-0.640597
-0.608519
-0.541942
-0.455998
-0.361277
-0.240834
-0.107529
0.055624
0.226452
0.403635
0.601548
0.779337
0.996163
1.221917
1.449940
1.680688
1.915369
2.098454
2.333136
2.556469
2.784947
3.000564
3.171848
3.384136
3.577965
3.764985
3.925374
4.066699
4.194444
4.305959
4.389785
4.453789
4.492524
4.511437
4.516582
4.512194
4.489800
4.432454
4.349536
4.268132
4.136947
3.990589
3.856679
3.705671
3.535598
3.391096
3.184709
2.976052
2.767849
2.549357
2.331774
2.144149
1.915066
1.682655
1.452664
1.220858
0.997071
0.821401
0.605331
0.404392
0.217979
0.043670
-0.125081
-0.229788
-0.348113
-0.444801
-0.510772
-0.554501
-0.576895
-0.580224
-0.560100
-0.526055
-0.461748
-0.373988
-0.255965
-0.158975
-0.022644
0.137785
0.308159
0.485342
0.678413
0.843643
1.044734
1.258988
1.464920
1.669642
1.881778
2.084836
2.253093
2.439658
2.610789
2.786006
2.937317
3.084390
3.191518
3.305303
3.388373
3.453588
3.496862
3.521829
3.536355
3.533480
3.515474
3.487179
3.421964
3.355538
3.290172
3.197570
3.098765
3.007676
2.906298
2.805677
2.721094
2.610487
2.512892
2.414086
2.327688
2.237356
2.156859
2.081205
2.017654
1.959098
1.908409
1.867555
1.838655
1.809755
1.786302
1.769506
1.758158
1.748626
1.746507
1.743330
1.745751
1.750441
1.758764
1.767539
1.779493
1.789479
1.801584
1.813084
1.823978
1.835629
1.847885
1.856207
1.867555
1.877844
1.889041
1.897061
1.909468
1.914915
1.923691
1.931408
1.937006
1.940032
1.944420
