5.500000
5.500603
5.501316
5.502147
5.503105
5.504198
5.505432
5.506813
5.508346
5.510033
5.511873
5.513863
5.515996
5.518263
5.520648
5.523131
5.525687
5.528282
5.530879
5.533430
5.535882
5.538174
5.540232
5.541979
5.543327
5.544179
5.544433
5.543979
5.542702
5.540483
5.537204
5.532745
5.526992
5.519840
5.511193
5.500974
5.489122
5.475607
5.460423
5.443601
5.425209
5.405356
5.384196
5.361927
5.338792
5.315080
5.291118
5.267272
5.243940
5.221541
5.200510
5.181288
5.164311
5.149999
5.138746
5.130912
5.126811
5.126705
5.130796
5.139225
5.152061
5.169307
5.190896
5.216696
5.246507
5.280072
5.317076
5.357159
5.399914
5.444901
5.491652
5.539677
5.588470
5.637520
5.686313
5.734342
5.781110
5.826137
5.868962
5.909153
5.946306
5.980048
6.010044
6.035997
6.057650
6.074788
6.087240
6.094878
6.097619
6.095426
6.088305
6.076304
6.059517
6.038078
6.012161
5.981977
5.947776
5.909837
5.868474
5.824027
5.776862
5.727366
5.675947
5.623026
5.569036
5.514421
5.459625
5.405096
5.351279
5.298612
5.247524
5.198431
5.151730
5.107801
5.067001
5.029659
4.996079
4.966533
4.941259
4.920462
4.904310
4.892935
4.886428
4.884842
4.888192
4.896449
4.909549
4.927386
4.949818
4.976664
5.007710
5.042706
5.081372
5.123397
5.168446
5.216155
5.266142
5.318008
5.371335
5.425696
5.480656
5.535773
5.590606
5.644715
5.697666
5.749035
5.798411
5.845396
5.889616
5.930714
5.968362
6.002259
6.032132
6.057742
6.078883
6.095387
6.107121
6.113991
6.115942
6.112959
6.105064
6.092322
6.074835
6.052742
6.026220
5.995482
5.960775
5.922377
5.880594
5.835762
5.788240
5.738409
5.686667
5.633430
5.579124
5.524184
5.469050
5.414164
5.359965
5.306888
5.255359
5.205789
5.158576
5.114098
5.072711
5.034748
5.000512
4.970278
4.944287
4.922749
4.905834
4.893680
4.886383
4.884002
4.886556
4.894024
4.906347
4.923426
4.945124
4.971267
5.001646
5.036017
5.074106
5.115606
5.160186
5.207489
5.257134
5.308726
5.361849
5.416080
5.470983
5.526118
5.581044
5.635320
5.688513
5.740195
5.789954
5.837389
5.882121
5.923792
5.962069
5.996643
6.027238
6.053610
6.075547
6.092872
6.105449
6.113174
6.115988
6.113866
6.106827
6.094927
6.078260
6.056961
6.031199
6.001183
5.967151
5.929377
5.888163
5.843839
5.796760
5.747304
5.695868
5.642861
5.588711
5.533849
5.478717
5.423755
5.369404
5.316099
5.264267
5.214324
5.166669
5.121685
5.079732
5.041145
5.006235
4.975280
4.948529
4.926196
4.908459
4.895462
4.887308
4.884062
4.885750
4.892360
4.903837
4.920090
4.940989
4.966367
4.996020
5.029710
5.067168
5.108093
5.152158
5.199009
5.248272
5.299551
5.352437
5.406505
5.461321
5.516448
5.571442
5.625865
5.679278
5.731256
5.781381
5.829252
5.874485
5.916718
5.955613
5.990857
6.022170
6.049299
6.072027
6.090173
6.103590
6.112173
6.115851
6.114595
6.108416
6.097363
6.081523
6.061026
6.036033
6.006746
5.973400
5.936262
5.895627
5.851824
5.805202
5.756135
5.705017
5.652256
5.598275
5.543506
5.488389
5.433365
5.378876
5.325356
5.273235
5.222931
5.174847
5.129368
5.086858
5.047657
5.012081
4.980413
4.952908
4.929786
4.911232
4.897394
4.888384
4.884274
4.885097
4.890846
4.901475
4.916899
4.936994
4.961599
4.990519
5.023519
5.060337
5.100676
5.144215
5.190604
5.239472
5.290427
5.343061
5.396953
5.451669
5.506773
5.561823
5.616377
5.669999
5.722260
5.772739
5.821033
5.866756
5.909541
5.949045
5.984951
6.016972
6.044852
6.068367
6.087328
6.101584
6.111021
6.115562
6.115172
6.109855
6.099651
6.084643
6.064952
6.040734
6.012185
5.979533
5.943038
5.902995
5.859723
5.813570
5.764904
5.714116
5.661613
5.607814
5.553153
5.498065
5.442993
5.388377
5.334656
5.282259
5.231607
5.183105
5.137142
5.094086
5.054281
5.018047
4.985674
4.957422
4.933517
4.914149
4.899475
4.889612
4.884639
4.884596
4.889482
4.899261
4.913851
4.933137
4.956965
4.985143
5.017445
5.053614
5.093358
5.136361
5.182276
5.230737
5.281354
5.333724
5.387426
5.442029
5.497097
5.552188
5.606862
5.660678
5.713208
5.764030
5.812737
5.858937
5.902263
5.942366
5.978925
6.011647
6.040270
6.064566
6.084338
6.099429
6.109717
6.115122
6.115598
6.111143
6.101791
6.087619
6.068739
6.045302
6.017498
5.985547
5.949707
5.910263
5.867533
5.821859
5.773606
5.723162
5.670929
5.617327
5.562786
5.507740
5.452634
5.397907
5.343997
5.291337
5.240349
5.191442
5.145006
5.101414
5.061015
5.024133
4.991063
4.962070
4.937387
4.917212
4.901704
4.890990
4.885156
4.884246
4.888270
4.897194
4.910948
4.929420
4.952464
4.979894
5.011491
5.047001
5.086141
5.128595
5.174026
5.222067
5.272336
5.324428
5.377927
5.432404
5.487422
5.542541
5.597319
5.651318
5.704104
5.755255
5.804362
5.851030
5.894886
5.935578
5.972781
6.006196
6.035556
6.060625
6.081203
6.097126
6.108264
6.114529
6.115871
6.112280
6.103783
6.090449
6.072385
6.049736
6.022682
5.991441
5.956264
5.917430
5.875253
5.830070
5.782241
5.732152
5.680204
5.626812
5.572403
5.517415
5.462287
5.407461
5.353377
5.300467
5.249156
5.199854
5.152957
5.108840
5.067857
5.030335
4.996577
4.966851
4.941397
4.920417
4.904081
4.892519
4.885824
4.884048
4.887208
4.895277
4.908190
4.925844
4.948098
4.974773
5.005657
5.040500
5.079025
5.120922
5.165856
5.213467
5.263373
5.315176
5.368458
5.422795
5.477750
5.532883
5.587753
5.641920
5.694950
5.746418
5.795912
5.843035
5.887411
5.928682
5.966520
6.000619
6.030709
6.056547
6.077926
6.094675
6.106660
6.113785
6.115993
6.113266
6.105626
6.093134
6.075891
6.054034
6.027738
5.997214
5.962708
5.924494
5.882880
5.838198
5.790807
5.741086
5.689434
5.636264
5.582003
5.527084
5.471949
5.417038
5.362792
5.309646
5.258024
5.208340
5.160994
5.116363
5.074805
5.036654
5.002215
4.971764
4.945544
4.923767
4.906605
4.894198
4.886643
4.884003
4.886297
4.893508
4.905578
4.922410
4.943869
4.969783
4.999945
5.034113
5.072013
5.113342
5.157769
5.204937
5.254469
5.305968
5.359022
5.413205
5.468083
5.523217
5.578165
5.632487
5.685747
5.737520
5.787389
5.834957
5.879840
5.921681
5.960144
5.994920
6.025731
6.052331
6.074506
6.092078
6.104907
6.112890
6.115963
6.114101
6.107320
6.095673
6.079254
6.058195
6.032663
6.002865
5.969038
5.931453
5.890412
5.846243
5.799301
5.749960
5.698617
5.645683
5.591582
5.536747
5.481618
5.426636
5.372242
5.318871
5.266952
5.216899
5.169114
5.123980
5.081859
5.043087
5.007976
4.976806
4.949828
4.927258
4.909276
4.896026
4.887615
4.884109
4.885538
4.891890
4.903113
4.919118
4.939776
4.964923
4.994356
5.027840
5.065107
5.105858
5.149766
5.196480
5.245625
5.296809
5.349620
5.403636
5.458425
5.513546
5.568558
5.623021
5.676499
5.728563
5.778796
5.826795
5.872176
5.914576
5.953654
5.989098
6.020624
6.047979
6.070944
6.089334
6.103004
6.111843
6.115780
6.114784
6.108863
6.098064
6.082474
6.062218
6.037457
6.008391
5.975252
5.938306
5.897848
5.854203
5.807721
5.758773
5.707752
5.655066
5.601139
5.546402
5.491292
5.436252
5.381723
5.328142
5.275937
5.225527
5.177316
5.131691
5.089015
5.049633
5.013858
4.981978
4.954248
4.930890
4.912092
4.898003
4.888737
4.884368
4.884931
4.890421
4.900795
4.915969
4.935822
4.960195
4.988893
5.021684
5.058308
5.098470
5.141850
5.188098
5.236845
5.287700
5.340256
5.394092
5.448776
5.503870
5.558934
5.613525
5.667207
5.719550
5.770133
5.818552
5.864420
5.907368
5.947052
5.983156
6.015388
6.043491
6.067241
6.086446
6.100953
6.110645
6.115446
6.115316
6.110257
6.100308
6.085551
6.066103
6.042119
6.013793
5.981349
5.945051
5.905186
5.862076
5.816065
5.767521
5.716835
5.664412
5.610671
5.556044
5.500968
5.445884
5.391233
5.337454
5.284977
5.234223
5.185598
5.139492
5.096273
5.056290
5.019860
4.987278
4.958803
4.934663
4.915053
4.900128
4.890010
4.884778
4.884475
4.889103
4.898625
4.912965
4.932007
4.955600
4.983555
5.015646
5.051618
5.091182
5.134021
5.179792
5.228129
5.278643
5.330931
5.384573
5.439140
5.494195
5.549295
5.604002
5.657874
5.710482
5.761404
5.810232
5.856574
5.900060
5.940341
5.977094
6.010025
6.038870
6.063398
6.083413
6.098753
6.109297
6.114960
6.115696
6.111500
6.102405
6.088483
6.069848
6.046647
6.019066
5.987328
5.951685
5.912424
5.869859
5.824331
5.776204
5.725865
5.673716
5.620176
5.565672
5.510643
5.455529
5.400770
5.346807
5.294071
5.242985
5.193957
5.147382
5.103631
5.063056
5.025981
4.992704
4.963490
4.938576
4.918158
4.902402
4.891433
4.885340
4.884171
4.887936
4.896603
4.910105
4.928333
4.951140
4.978344
5.009728
5.045039
5.083995
5.126284
5.171566
5.219480
5.269641
5.321648
5.375083
5.429519
5.484520
5.539645
5.594452
5.648502
5.701363
5.752611
5.801835
5.848640
5.892653
5.933520
5.970914
6.004536
6.034116
6.059416
6.080235
6.096406
6.107799
6.114322
6.115924
6.112592
6.104352
6.091270
6.073452
6.051040
6.024213
5.993186
5.958209
5.919560
5.877551
5.832517
5.784819
5.734839
5.682978
5.629651
5.575285
5.520316
5.465185
5.410332
5.356198
5.303216
5.251810
5.202392
5.155359
5.111087
5.069930
5.032219
4.998255
4.968311
4.942626
4.921407
4.904823
4.893007
4.886054
4.884019
4.886919
4.894731
4.907391
4.924799
4.946815
4.973263
5.003930
5.038572
5.076910
5.118638
5.163421
5.210900
5.260696
5.312408
5.365624
5.419916
5.474849
5.529984
5.584879
5.639093
5.692194
5.743755
5.793363
5.840621
5.885149
5.926593
5.964619
5.998922
6.029229
6.055296
6.076915
6.093911
6.106150
6.113533
6.116000
6.113533
6.106150
6.093911
6.076915
6.055296
6.029229
5.998922
5.964619
5.926593
5.885149
5.840621
5.793363
5.743755
5.692194
5.639093
5.584879
5.529984
5.474849
5.419916
5.365624
5.312408
5.260696
5.210900
5.163421
5.118638
5.076910
5.038572
5.003930
4.973263
4.946815
4.924799
4.907391
4.894731
4.886919
4.884019
4.886054
4.893007
4.904823
4.921407
4.942626
4.968311
4.998255
5.032219
5.069930
5.111087
5.155359
5.202392
5.251810
5.303216
5.356198
5.410332
5.465185
5.520316
5.575285
5.629651
5.682978
5.734839
5.784819
5.832517
5.877551
5.919560
5.958209
5.993186
6.024213
6.051040
6.073452
6.091270
6.104352
6.112592
6.115924
6.114322
6.107799
6.096406
6.080235
6.059416
6.034116
6.004536
5.970914
5.933520
5.892653
5.848640
5.801835
5.752611
5.701363
5.648502
5.594452
5.539645
5.484520
5.429519
5.375083
5.321648
5.269641
5.219480
5.171566
5.126284
5.083995
5.045039
5.009728
4.978344
4.951140
4.928333
4.910105
4.896603
4.887936
4.884171
4.885340
4.891433
4.902402
4.918158
4.938576
4.963490
4.992704
5.025981
5.063056
5.103631
5.147382
5.193957
5.242985
5.294071
5.346807
5.400770
5.455529
5.510643
5.565672
5.620176
5.673716
5.725865
5.776204
5.824331
5.869859
5.912424
5.951685
5.987328
6.019066
6.046647
6.069848
6.088483
6.102405
6.111500
6.115696
6.114960
6.109297
6.098753
6.083413
6.063398
6.038870
6.010025
5.977094
5.940341
5.900060
5.856574
5.810232
5.761404
5.710482
5.657874
5.604002
5.549295
5.494195
5.439140
5.384573
5.330931
5.278643
5.228129
5.179792
5.134021
5.091182
5.051618
5.015646
4.983555
4.955600
4.932007
4.912965
4.898625
4.889103
4.884475
4.884778
4.890010
4.900128
4.915053
4.934663
4.958803
4.987278
5.019860
5.056290
5.096273
5.139492
5.185598
5.234223
5.284977
5.337454
5.391233
5.445884
5.500968
5.556044
5.610671
5.664412
5.716835
5.767521
5.816065
5.862076
5.905186
5.945051
5.981349
6.013793
6.042119
6.066103
6.085551
6.100308
6.110257
6.115316
6.115446
6.110645
6.100953
6.086446
6.067241
6.043491
6.015388
5.983156
5.947052
5.907368
5.864420
5.818552
5.770133
5.719550
5.667207
5.613525
5.558934
5.503870
5.448776
5.394092
5.340256
5.287700
5.236845
5.188098
5.141850
5.098470
5.058308
5.021684
4.988893
4.960195
4.935822
4.915969
4.900795
4.890421
4.884931
4.884368
4.888737
4.898003
4.912092
4.930890
4.954248
4.981978
5.013858
5.049633
5.089015
5.131691
5.177316
5.225527
5.275937
5.328142
5.381723
5.436252
5.491292
5.546402
5.601139
5.655066
5.707752
5.758773
5.807721
5.854203
5.897848
5.938306
5.975252
6.008391
6.037457
6.062218
6.082474
6.098064
6.108863
6.114784
6.115780
6.111843
6.103004
6.089334
6.070944
6.047979
6.020624
5.989098
5.953654
5.914576
5.872176
5.826795
5.778796
5.728563
5.676499
5.623021
5.568558
5.513546
5.458425
5.403636
5.349620
5.296809
5.245625
5.196480
5.149766
5.105858
5.065107
5.027840
4.994356
4.964923
4.939776
4.919118
4.903113
4.891890
4.885538
4.884109
4.887615
4.896026
4.909276
4.927258
4.949828
4.976806
5.007976
5.043087
5.081859
5.123980
5.169114
5.216899
5.266952
5.318871
5.372242
5.426636
5.481618
5.536747
5.591582
5.645683
5.698617
5.749960
5.799301
5.846243
5.890412
5.931453
5.969038
6.002865
6.032663
6.058195
6.079254
6.095673
6.107320
6.114101
6.115963
6.112890
6.104907
6.092078
6.074506
6.052331
6.025731
5.994920
5.960144
5.921681
5.879840
5.834957
5.787389
5.737520
5.685747
5.632487
5.578165
5.523217
5.468083
5.413205
5.359022
5.305968
5.254469
5.204937
5.157769
5.113342
5.072013
5.034113
4.999945
4.969783
4.943869
4.922410
4.905578
4.893508
4.886297
4.884003
4.886643
4.894198
4.906605
4.923767
4.945544
4.971764
5.002215
5.036654
5.074805
5.116363
5.160994
5.208340
5.258024
5.309646
5.362792
5.417038
5.471949
5.527084
5.582003
5.636264
5.689434
5.741086
5.790807
5.838198
5.882880
5.924494
5.962708
5.997214
6.027738
6.054034
6.075891
6.093134
6.105626
6.113266
6.115993
6.113785
6.106660
6.094675
6.077926
6.056547
6.030709
6.000619
5.966520
5.928682
5.887411
5.843035
5.795912
5.746418
5.694950
5.641920
5.587753
5.532883
5.477750
5.422795
5.368458
5.315176
5.263373
5.213467
5.165856
5.120922
5.079025
5.040500
5.005657
4.974773
4.948098
4.925844
4.908190
4.895277
4.887208
4.884048
4.885824
4.892519
4.904081
4.920417
4.941397
4.966851
4.996577
5.030335
5.067857
5.108840
5.152957
5.199854
5.249156
5.300467
5.353377
5.407461
5.462287
5.517415
5.572403
5.626812
5.680204
5.732152
5.782241
5.830070
5.875253
5.917430
5.956264
5.991441
6.022682
6.049736
6.072385
6.090449
6.103783
6.112280
6.115871
6.114529
6.108264
6.097126
6.081203
6.060625
6.035556
6.006196
5.972781
5.935578
5.894886
5.851030
5.804362
5.755255
5.704104
5.651318
5.597319
5.542541
5.487422
5.432404
5.377927
5.324428
5.272336
5.222067
5.174026
5.128595
5.086141
5.047001
5.011491
4.979894
4.952464
4.929420
4.910948
4.897194
4.888270
4.884246
4.885156
4.890990
4.901704
4.917212
4.937387
4.962070
4.991063
5.024133
5.061015
5.101414
5.145006
5.191442
5.240349
5.291337
5.343997
5.397907
5.452634
5.507740
5.562786
5.617327
5.670929
5.723162
5.773606
5.821859
5.867533
5.910263
5.949707
5.985547
6.017498
6.045302
6.068739
6.087619
6.101791
6.111143
6.115598
6.115122
6.109717
6.099429
6.084338
6.064566
6.040270
6.011647
5.978925
5.942366
5.902263
5.858937
5.812737
5.764030
5.713208
5.660678
5.606862
5.552188
5.497097
5.442029
5.387426
5.333724
5.281354
5.230737
5.182276
5.136361
5.093358
5.053614
5.017445
4.985143
4.956964
4.933137
4.913851
4.899261
4.889482
4.884596
4.884639
4.889612
4.899475
4.914149
4.933517
4.957422
4.985674
5.018047
5.054281
5.094086
5.137142
5.183105
5.231607
5.282259
5.334656
5.388377
5.442993
5.498065
5.553153
5.607814
5.661613
5.714116
5.764904
5.813570
5.859723
5.902995
5.943038
5.979533
6.012185
6.040734
6.064952
6.084643
6.099651
6.109855
6.115172
6.115562
6.111021
6.101584
6.087328
6.068367
6.044852
6.016972
5.984951
5.949045
5.909541
5.866756
5.821033
5.772739
5.722260
5.669999
5.616377
5.561823
5.506773
5.451669
5.396953
5.343061
5.290427
5.239472
5.190604
5.144215
5.100676
5.060337
5.023519
4.990519
4.961599
4.936994
4.916899
4.901475
4.890846
4.885097
4.884274
4.888384
4.897394
4.911232
4.929786
4.952908
4.980413
5.012081
5.047657
5.086858
5.129368
5.174847
5.222931
5.273235
5.325356
5.378876
5.433365
5.488389
5.543506
5.598275
5.652256
5.705017
5.756135
5.805202
5.851824
5.895627
5.936262
5.973400
6.006746
6.036033
6.061026
6.081523
6.097363
6.108416
6.114595
6.115851
6.112173
6.103591
6.090173
6.072027
6.049299
6.022170
5.990857
5.955613
5.916718
5.874485
5.829252
5.781381
5.731256
5.679278
5.625865
5.571442
5.516448
5.461321
5.406505
5.352437
5.299551
5.248272
5.199009
5.152158
5.108093
5.067168
5.029710
4.996020
4.966367
4.940989
4.920090
4.903837
4.892360
4.885750
4.884062
4.887307
4.895462
4.908459
4.926196
4.948529
4.975280
5.006235
5.041145
5.079732
5.121685
5.166669
5.214324
5.264267
5.316099
5.369404
5.423755
5.478717
5.533849
5.588711
5.642861
5.695868
5.747304
5.796760
5.843839
5.888163
5.929377
5.967151
6.001183
6.031199
6.056961
6.078260
6.094927
6.106827
6.113866
6.115988
6.113174
6.105449
6.092873
6.075547
6.053610
6.027238
5.996643
5.962069
5.923792
5.882121
5.837389
5.789954
5.740195
5.688513
5.635320
5.581044
5.526118
5.470983
5.416080
5.361849
5.308725
5.257134
5.207489
5.160186
5.115606
5.074106
5.036017
5.001646
4.971266
4.945123
4.923425
4.906346
4.894023
4.886555
4.884001
4.886382
4.893679
4.905833
4.922747
4.944285
4.970276
5.000511
5.034746
5.072710
5.114096
5.158574
5.205787
5.255357
5.306887
5.359964
5.414163
5.469049
5.524184
5.579125
5.633432
5.686670
5.738412
5.788245
5.835768
5.880601
5.922386
5.960786
5.995495
6.026235
6.052759
6.074854
6.092344
6.105089
6.112986
6.115973
6.114024
6.107157
6.095426
6.078924
6.057785
6.032177
6.002306
5.968410
5.930762
5.889663
5.845443
5.798455
5.749076
5.697701
5.644743
5.590625
5.535781
5.480651
5.425675
5.371295
5.317946
5.266056
5.216040
5.168298
5.123214
5.081149
5.042439
5.007394
4.976296
4.949394
4.926902
4.909002
4.895836
4.887511
4.884092
4.885607
4.892045
4.903353
4.919441
4.940179
4.965403
4.994909
5.028462
5.065793
5.106602
5.150562
5.197322
5.246507
5.297723
5.350559
5.404592
5.459390
5.514513
5.569520
5.623969
5.677426
5.729461
5.779658
5.827615
5.872947
5.915291
5.954308
5.989686
6.021141
6.048420
6.071306
6.089615
6.103201
6.111955
6.115806
6.114723
6.108716
6.097832
6.082159
6.061822
6.036984
6.007844
5.974636
5.937625
5.897109
5.853411
5.806882
5.757895
5.706841
5.654130
5.600184
5.545436
5.490324
5.435290
5.380774
5.327212
5.275036
5.224661
5.176492
5.130915
5.088295
5.048973
5.013265
4.981455
4.953800
4.930521
4.911803
4.897799
4.888618
4.884335
4.884984
4.890561
4.901020
4.916277
4.936212
4.960662
4.989433
5.022295
5.058983
5.099205
5.142637
5.188932
5.237720
5.288609
5.341191
5.395045
5.449740
5.504838
5.559897
5.614476
5.668139
5.720454
5.771003
5.819380
5.865200
5.908093
5.947718
5.983755
6.015917
6.043946
6.067617
6.086741
6.101165
6.110772
6.115486
6.115270
6.110124
6.100091
6.085250
6.065721
6.041659
6.013258
5.980745
5.944381
5.904457
5.861292
5.815234
5.766650
5.715929
5.663479
5.609719
5.555080
5.500000
5.444920
5.390281
5.336521
5.284071
5.233350
5.184766
5.138708
5.095543
5.055619
5.019255
4.986742
4.958341
4.934279
4.914750
4.899909
4.889876
4.884730
4.884514
4.889228
4.898835
4.913259
4.932383
4.956054
4.984083
5.016245
5.052282
5.091907
5.134800
5.180620
5.228997
5.279546
5.331861
5.385524
5.440103
5.495162
5.550260
5.604955
5.658809
5.711391
5.762280
5.811068
5.857363
5.900795
5.941017
5.977705
6.010567
6.039338
6.063788
6.083723
6.098980
6.109439
6.115016
6.115665
6.111382
6.102201
6.088197
6.069479
6.046200
6.018545
5.986735
5.951027
5.911705
5.869085
5.823508
5.775339
5.724964
5.672788
5.619226
5.564710
5.509676
5.454564
5.399816
5.345870
5.293159
5.242105
5.193118
5.146589
5.102891
5.062375
5.025364
4.992156
4.963016
4.938178
4.917841
4.902168
4.891284
4.885277
4.884194
4.888045
4.896799
4.910385
4.928694
4.951580
4.978859
5.010314
5.045692
5.084709
5.127053
5.172385
5.220342
5.270539
5.322574
5.376031
5.430480
5.485487
5.540610
5.595408
5.649441
5.702277
5.753493
5.802678
5.849438
5.893398
5.934207
5.971538
6.005091
6.034597
6.059821
6.080559
6.096647
6.107955
6.114393
6.115908
6.112489
6.104164
6.090998
6.073098
6.050606
6.023704
5.992606
5.957561
5.918851
5.876786
5.831702
5.783960
5.733944
5.682054
5.628705
5.574325
5.519349
5.464219
5.409375
5.355257
5.302299
5.250924
5.201545
5.154557
5.110337
5.069238
5.031590
4.997694
4.967823
4.942215
4.921076
4.904574
4.892843
4.885976
4.884027
4.887014
4.894911
4.907656
4.925146
4.947241
4.973765
5.004505
5.039214
5.077614
5.119399
5.164232
5.211755
5.261588
5.313330
5.366568
5.420875
5.475816
5.530951
5.585837
5.640036
5.693113
5.744643
5.794213
5.841426
5.885904
5.927290
5.965254
5.999489
6.029724
6.055715
6.077253
6.094167
6.106321
6.113618
6.115999
6.113445
6.105977
6.093654
6.076575
6.054877
6.028734
5.998354
5.963983
5.925894
5.884394
5.839814
5.792511
5.742866
5.691275
5.638151
5.583920
5.529017
5.473882
5.418956
5.364680
5.311487
5.259805
5.210046
5.162611
5.117879
5.076208
5.037931
5.003357
4.972762
4.946390
4.924453
4.907127
4.894551
4.886826
4.884012
4.886134
4.893173
4.905073
4.921740
4.943039
4.968801
4.998817
5.032849
5.070623
5.111837
5.156161
5.203240
5.252696
5.304132
5.357139
5.411289
5.466151
5.521283
5.576245
5.630596
5.683901
5.735733
5.785676
5.833331
5.878315
5.920268
5.958855
5.993765
6.024720
6.051471
6.073804
6.091541
6.104538
6.112693
6.115938
6.114250
6.107640
6.096163
6.079910
6.059011
6.033633
6.003980
5.970290
5.932832
5.891907
5.847842
5.800991
5.751728
5.700449
5.647563
5.593495
5.538679
5.483552
5.428558
5.374135
5.320722
5.268744
5.218619
5.170748
5.125515
5.083282
5.044387
5.009143
4.977830
4.950701
4.927973
4.909827
4.896409
4.887827
4.884149
4.885405
4.891584
4.902637
4.918477
4.938974
4.963967
4.993254
5.026600
5.063738
5.104373
5.148176
5.194798
5.243865
5.294983
5.347744
5.401725
5.456494
5.511611
5.566635
5.621124
5.674644
5.726765
5.777069
5.825153
5.870632
5.913142
5.952343
5.987919
6.019587
6.047092
6.070214
6.088768
6.102606
6.111616
6.115726
6.114903
6.109154
6.098525
6.083101
6.063006
6.038401
6.009481
5.976481
5.939663
5.899324
5.855785
5.809396
5.760528
5.709573
5.656939
5.603047
5.548331
5.493227
5.438177
5.383623
5.330001
5.277740
5.227261
5.178967
5.133244
5.090459
5.050955
5.015049
4.983028
4.955148
4.931633
4.912672
4.898416
4.888979
4.884438
4.884828
4.890145
4.900349
4.915357
4.935048
4.959266
4.987815
5.020467
5.056962
5.097005
5.140277
5.186430
5.235096
5.285884
5.338387
5.392186
5.446847
5.501935
5.557007
5.611623
5.665344
5.717741
5.768393
5.816895
5.862858
5.905914
5.945719
5.981953
6.014326
6.042578
6.066483
6.085851
6.100525
6.110388
6.115361
6.115404
6.110518
6.100739
6.086149
6.066863
6.043036
6.014857
5.982555
5.946386
5.906642
5.863639
5.817724
5.769263
5.718646
5.666276
5.612574
5.557971
5.502903
5.447812
5.393138
5.339322
5.286792
5.235970
5.187263
5.141063
5.097737
5.057634
5.021075
4.988353
4.959730
4.935434
4.915662
4.900571
4.890283
4.884878
4.884402
4.888857
4.898209
4.912381
4.931261
4.954698
4.982502
5.014453
5.050293
5.089737
5.132467
5.178141
5.226394
5.276838
5.329071
5.382673
5.437214
5.492260
5.547366
5.602093
5.656003
5.708663
5.759651
5.808558
5.854994
5.898586
5.938985
5.975867
6.008937
6.037930
6.062613
6.082788
6.098296
6.109010
6.114844
6.115754
6.111730
6.102806
6.089052
6.070580
6.047536
6.020106
5.988509
5.952999
5.913859
5.871405
5.825974
5.777933
5.727664
5.675572
5.622073
5.567596
5.512578
5.457459
5.402681
5.348682
5.295896
5.244745
5.195638
5.148970
5.105114
5.064422
5.027219
4.993804
4.964444
4.939375
4.918797
4.902874
4.891736
4.885471
4.884129
4.887720
4.896217
4.909551
4.927615
4.950264
4.977318
5.008559
5.043736
5.082570
5.124747
5.169930
5.217759
5.267848
5.319796
5.373188
5.427597
5.482585
5.537713
5.592539
5.646623
5.699533
5.750844
5.800146
5.847043
5.891160
5.932143
5.969665
6.003423
6.033149
6.058603
6.079583
6.095919
6.107481
6.114176
6.115952
6.112792
6.104723
6.091810
6.074156
6.051902
6.025227
5.994343
5.959500
5.920975
5.879078
5.834144
5.786533
5.736627
5.684824
5.631542
5.577205
5.522250
5.467117
5.412247
5.358080
5.305050
5.253582
5.204088
5.156965
5.112589
5.071318
5.033480
4.999381
4.969291
4.943453
4.922074
4.905325
4.893340
4.886215
4.884007
4.886734
4.894374
4.906866
4.924109
4.945966
4.972262
5.002786
5.037292
5.075506
5.117120
5.161802
5.209193
5.258914
5.310566
5.363736
5.417997
5.472916
5.528051
5.582962
5.637208
5.690354
5.741976
5.791660
5.839006
5.883637
5.925195
5.963346
5.997785
6.028236
6.054456
6.076233
6.093395
6.105802
6.113357
6.115997
6.113703
6.106492
6.094422
6.077590
6.056131
6.030217
6.000055
5.965887
5.927987
5.886658
5.842231
5.795063
5.745531
5.694032
5.640978
5.586795
5.531917
5.476783
5.421835
5.367513
5.314253
5.262480
5.212611
5.165043
5.120160
5.078319
5.039856
5.005080
4.974269
4.947669
4.925494
4.907922
4.895093
4.887110
4.884037
4.885899
4.892680
4.904327
4.920746
4.941805
4.967337
4.997135
5.030962
5.068547
5.109588
5.153757
5.200699
5.250040
5.301383
5.354317
5.408418
5.463253
5.518382
5.573364
5.627758
5.681129
5.733048
5.783101
5.830886
5.876020
5.918141
5.956913
5.992024
6.023194
6.050172
6.072742
6.090724
6.103974
6.112385
6.115891
6.114462
6.108110
6.096887
6.080882
6.060224
6.035077
6.005644
5.972160
5.934893
5.894142
5.850234
5.803520
5.754375
5.703191
5.650380
5.596364
5.541575
5.486454
5.431442
5.376979
5.323501
5.271437
5.221204
5.173205
5.127824
5.085424
5.046346
5.010902
4.979376
4.952021
4.929056
4.910666
4.896996
4.888157
4.884220
4.885216
4.891137
4.901936
4.917526
4.937782
4.962543
4.991609
5.024748
5.061694
5.102152
5.145797
5.192279
5.241227
5.292248
5.344934
5.398861
5.453598
5.508708
5.563748
5.618277
5.671858
5.724063
5.774473
5.822684
5.868309
5.910985
5.950367
5.986142
6.018022
6.045752
6.069110
6.087908
6.101997
6.111263
6.115632
6.115069
6.109579
6.099205
6.084031
6.064178
6.039805
6.011107
5.978316
5.941692
5.901530
5.858150
5.811902
5.763155
5.712300
5.659744
5.605908
5.551224
5.496130
5.441066
5.386475
5.332793
5.280450
5.229867
5.181448
5.135580
5.092632
5.052948
5.016844
4.984612
4.956509
4.932759
4.913554
4.899047
4.889355
4.884554
4.884684
4.889743
4.899692
4.914449
4.933897
4.957881
4.986207
5.018651
5.054949
5.094814
5.137924
5.183935
5.232479
5.283165
5.335588
5.389329
5.443956
5.499032
5.554116
5.608767
5.662546
5.715023
5.765777
5.814402
5.860508
5.903727
5.943710
5.980140
6.012722
6.041197
6.065337
6.084947
6.099872
6.109990
6.115222
6.115525
6.110897
6.101375
6.087035
6.067993
6.044400
6.016445
5.984354
5.948382
5.908818
5.865979
5.820208
5.771871
5.721357
5.669069
5.615427
5.560860
5.505805
5.450705
5.395998
5.342126
5.289518
5.238596
5.189768
5.143426
5.099940
5.059659
5.022906
4.989975
4.961130
4.936602
4.916587
4.901247
4.890703
4.885040
4.884304
4.888500
4.897595
4.911517
4.930152
4.953353
4.980934
5.012672
5.048315
5.087576
5.130141
5.175669
5.223796
5.274135
5.326284
5.379824
5.434328
5.489357
5.544471
5.599230
5.653193
5.705929
5.757015
5.806043
5.852618
5.896369
5.936944
5.974019
6.007296
6.036510
6.061424
6.081842
6.097598
6.108567
6.114660
6.115829
6.112064
6.103397
6.089895
6.071667
6.048860
6.021656
5.990272
5.954961
5.916005
5.873716
5.828434
5.780520
5.730359
5.678352
5.624917
5.570481
5.515480
5.460355
5.405548
5.351498
5.298637
5.247389
5.198165
5.151360
5.107347
5.066480
5.029086
4.995464
4.965884
4.940584
4.919765
4.903594
4.892201
4.885678
4.884076
4.887408
4.895648
4.908730
4.926548
4.948960
4.975787
5.006814
5.041791
5.080440
5.122449
5.167483
5.215181
5.265161
5.317022
5.370349
5.424715
5.479684
5.534815
5.589668
5.643802
5.696784
5.748190
5.797608
5.844641
5.888913
5.930070
5.967781
6.001745
6.031689
6.057374
6.078593
6.095177
6.106993
6.113946
6.115981
6.113081
6.105269
6.092609
6.075201
6.053185
6.026737
5.996070
5.961428
5.923090
5.881362
5.836579
5.789100
5.739304
5.687592
5.634376
5.580084
5.525151
5.470016
5.415121
5.360907
5.307806
5.256245
5.206637
5.159379
5.114851
5.073407
5.035381
5.001078
4.970771
4.944704
4.923085
4.906089
4.893850
4.886467
4.884000
4.886467
4.893850
4.906089
4.923085
4.944704
4.970771
5.001078
5.035381
5.073407
5.114851
5.159379
5.206637
5.256245
5.307806
5.360907
5.415121
5.470016
5.525151
5.580084
5.634376
5.687592
5.739304
5.789100
5.836579
5.881362
5.923090
5.961428
5.996070
6.026737
6.053185
6.075201
6.092609
6.105269
6.113081
6.115981
6.113946
6.106993
6.095177
6.078593
6.057374
6.031689
6.001745
5.967781
5.930070
5.888913
5.844641
5.797608
5.748190
5.696784
5.643802
5.589668
5.534815
5.479684
5.424715
5.370349
5.317022
5.265161
5.215181
5.167483
5.122449
5.080440
5.041791
5.006814
4.975787
4.948960
4.926548
4.908730
4.895648
4.887408
4.884076
4.885678
4.892201
4.903594
4.919765
4.940584
4.965884
4.995464
5.029086
5.066480
5.107347
5.151360
5.198165
5.247389
5.298637
5.351498
5.405548
5.460355
5.515480
5.570481
5.624917
5.678352
5.730359
5.780520
5.828434
5.873716
5.916005
5.954961
5.990272
6.021656
6.048860
6.071667
6.089895
6.103397
6.112064
6.115829
6.114660
6.108567
6.097598
6.081842
6.061424
6.036510
6.007296
5.974019
5.936944
5.896369
5.852618
5.806043
5.757015
5.705929
5.653193
5.599230
5.544471
5.489357
5.434328
5.379824
5.326284
5.274135
5.223796
5.175669
5.130141
5.087576
5.048315
5.012672
4.980934
4.953353
4.930152
4.911517
4.897595
4.888500
4.884304
4.885040
4.890703
4.901247
4.916587
4.936602
4.961130
4.989975
5.022906
5.059659
5.099940
5.143426
5.189768
5.238596
5.289518
5.342126
5.395998
5.450705
5.505805
5.560860
5.615427
5.669069
5.721357
5.771871
5.820208
5.865979
5.908818
5.948382
5.984354
6.016445
6.044400
6.067993
6.087035
6.101375
6.110897
6.115525
6.115222
6.109990
6.099872
6.084947
6.065337
6.041197
6.012722
5.980140
5.943710
5.903727
5.860508
5.814402
5.765777
5.715023
5.662546
5.608767
5.554116
5.499032
5.443956
5.389329
5.335588
5.283165
5.232479
5.183935
5.137924
5.094814
5.054949
5.018651
4.986207
4.957881
4.933897
4.914449
4.899692
4.889743
4.884684
4.884554
4.889355
4.899047
4.913554
4.932759
4.956509
4.984612
5.016844
5.052948
5.092632
5.135580
5.181448
5.229867
5.280450
5.332793
5.386475
5.441066
5.496130
5.551224
5.605908
5.659744
5.712300
5.763155
5.811902
5.858150
5.901530
5.941692
5.978316
6.011107
6.039805
6.064178
6.084031
6.099205
6.109579
6.115069
6.115632
6.111263
6.101997
6.087908
6.069110
6.045752
6.018022
5.986142
5.950367
5.910985
5.868309
5.822684
5.774473
5.724063
5.671858
5.618277
5.563748
5.508708
5.453598
5.398861
5.344934
5.292248
5.241227
5.192279
5.145797
5.102152
5.061694
5.024748
4.991609
4.962543
4.937782
4.917526
4.901936
4.891137
4.885216
4.884220
4.888157
4.896996
4.910666
4.929056
4.952021
4.979376
5.010902
5.046346
5.085424
5.127824
5.173205
5.221204
5.271437
5.323501
5.376979
5.431442
5.486454
5.541575
5.596364
5.650380
5.703191
5.754375
5.803520
5.850234
5.894142
5.934893
5.972160
6.005644
6.035077
6.060224
6.080882
6.096887
6.108110
6.114462
6.115891
6.112385
6.103974
6.090724
6.072742
6.050172
6.023194
5.992024
5.956913
5.918141
5.876020
5.830886
5.783101
5.733048
5.681129
5.627758
5.573364
5.518382
5.463253
5.408418
5.354317
5.301383
5.250040
5.200699
5.153757
5.109588
5.068547
5.030962
4.997135
4.967337
4.941805
4.920746
4.904327
4.892680
4.885899
4.884037
4.887110
4.895093
4.907922
4.925494
4.947669
4.974269
5.005080
5.039856
5.078319
5.120160
5.165043
5.212611
5.262480
5.314253
5.367513
5.421835
5.476783
5.531917
5.586795
5.640978
5.694032
5.745531
5.795063
5.842231
5.886658
5.927987
5.965887
6.000055
6.030217
6.056131
6.077590
6.094422
6.106492
6.113703
6.115997
6.113357
6.105802
6.093395
6.076233
6.054456
6.028236
5.997785
5.963346
5.925195
5.883637
5.839006
5.791660
5.741976
5.690354
5.637208
5.582962
5.528051
5.472916
5.417997
5.363736
5.310566
5.258914
5.209193
5.161802
5.117120
5.075506
5.037292
5.002786
4.972262
4.945966
4.924109
4.906866
4.894374
4.886734
4.884007
4.886215
4.893340
4.905325
4.922074
4.943453
4.969291
4.999381
5.033480
5.071318
5.112589
5.156965
5.204088
5.253582
5.305050
5.358080
5.412247
5.467117
5.522250
5.577205
5.631542
5.684824
5.736627
5.786533
5.834144
5.879078
5.920975
5.959500
5.994343
6.025227
6.051902
6.074156
6.091810
6.104723
6.112792
6.115952
6.114176
6.107481
6.095919
6.079583
6.058603
6.033149
6.003423
5.969665
5.932143
5.891160
5.847043
5.800146
5.750844
5.699533
5.646623
5.592539
5.537713
5.482585
5.427597
5.373188
5.319796
5.267848
5.217759
5.169930
5.124747
5.082570
5.043736
5.008559
4.977318
4.950264
4.927615
4.909551
4.896217
4.887720
4.884129
4.885471
4.891736
4.902874
4.918797
4.939375
4.964444
4.993804
5.027219
5.064422
5.105114
5.148970
5.195638
5.244745
5.295896
5.348682
5.402681
5.457459
5.512578
5.567596
5.622073
5.675572
5.727664
5.777933
5.825974
5.871405
5.913859
5.952999
5.988509
6.020106
6.047536
6.070580
6.089052
6.102806
6.111730
6.115754
6.114844
6.109010
6.098296
6.082788
6.062613
6.037930
6.008937
5.975867
5.938985
5.898586
5.854994
5.808558
5.759651
5.708663
5.656003
5.602093
5.547366
5.492260
5.437214
5.382673
5.329071
5.276838
5.226394
5.178141
5.132467
5.089737
5.050293
5.014453
4.982502
4.954698
4.931261
4.912381
4.898209
4.888857
4.884402
4.884878
4.890283
4.900571
4.915662
4.935434
4.959730
4.988353
5.021075
5.057634
5.097737
5.141063
5.187263
5.235970
5.286792
5.339322
5.393138
5.447812
5.502903
5.557971
5.612574
5.666276
5.718646
5.769263
5.817724
5.863639
5.906642
5.946386
5.982555
6.014857
6.043036
6.066863
6.086149
6.100739
6.110518
6.115404
6.115361
6.110388
6.100525
6.085851
6.066483
6.042578
6.014326
5.981953
5.945719
5.905914
5.862858
5.816895
5.768393
5.717741
5.665344
5.611623
5.557007
5.501935
5.446847
5.392186
5.338387
5.285884
5.235096
5.186430
5.140277
5.097005
5.056962
5.020467
4.987815
4.959266
4.935048
4.915357
4.900349
4.890145
4.884828
4.884438
4.888979
4.898416
4.912672
4.931633
4.955148
4.983028
5.015049
5.050955
5.090459
5.133244
5.178967
5.227261
5.277740
5.330001
5.383623
5.438177
5.493227
5.548331
5.603047
5.656939
5.709573
5.760528
5.809396
5.855785
5.899324
5.939663
5.976481
6.009481
6.038401
6.063006
6.083101
6.098525
6.109154
6.114903
6.115726
6.111616
6.102606
6.088768
6.070214
6.047092
6.019587
5.987919
5.952343
5.913142
5.870632
5.825153
5.777069
5.726765
5.674644
5.621124
5.566635
5.511611
5.456494
5.401725
5.347744
5.294983
5.243865
5.194798
5.148176
5.104373
5.063738
5.026600
4.993254
4.963967
4.938974
4.918477
4.902637
4.891584
4.885405
4.884149
4.887827
4.896409
4.909827
4.927973
4.950701
4.977830
5.009143
5.044387
5.083282
5.125515
5.170748
5.218619
5.268744
5.320722
5.374135
5.428558
5.483552
5.538679
5.593495
5.647563
5.700449
5.751728
5.800991
5.847842
5.891907
5.932832
5.970290
6.003980
6.033633
6.059011
6.079910
6.096163
6.107640
6.114250
6.115938
6.112693
6.104538
6.091541
6.073804
6.051471
6.024720
5.993765
5.958855
5.920268
5.878315
5.833331
5.785676
5.735733
5.683901
5.630596
5.576245
5.521283
5.466151
5.411289
5.357139
5.304132
5.252696
5.203240
5.156161
5.111837
5.070623
5.032849
4.998817
4.968801
4.943039
4.921740
4.905073
4.893173
4.886134
4.884012
4.886826
4.894551
4.907127
4.924453
4.946390
4.972762
5.003357
5.037931
5.076208
5.117879
5.162611
5.210046
5.259805
5.311487
5.364680
5.418956
5.473882
5.529017
5.583920
5.638151
5.691275
5.742866
5.792511
5.839814
5.884394
5.925894
5.963983
5.998354
6.028734
6.054877
6.076575
6.093654
6.105977
6.113445
6.115999
6.113618
6.106321
6.094167
6.077253
6.055715
6.029724
5.999489
5.965254
5.927290
5.885904
5.841426
5.794213
5.744643
5.693113
5.640036
5.585837
5.530951
5.475816
5.420875
5.366568
5.313330
5.261588
5.211755
5.164232
5.119399
5.077614
5.039214
5.004505
4.973765
4.947241
4.925146
4.907656
4.894911
4.887014
4.884027
4.885976
4.892843
4.904574
4.921076
4.942215
4.967823
4.997694
5.031590
5.069238
5.110337
5.154557
5.201545
5.250924
5.302299
5.355257
5.409375
5.464219
5.519349
5.574325
5.628705
5.682054
5.733944
5.783960
5.831702
5.876786
5.918851
5.957561
5.992606
6.023704
6.050606
6.073098
6.090998
6.104164
6.112489
6.115908
6.114393
6.107955
6.096647
6.080559
6.059821
6.034597
6.005091
5.971538
5.934207
5.893398
5.849438
5.802678
5.753493
5.702277
5.649441
5.595408
5.540610
5.485487
5.430480
5.376031
5.322574
5.270539
5.220342
5.172385
5.127053
5.084709
5.045692
5.010314
4.978859
4.951580
4.928694
4.910385
4.896799
4.888045
4.884194
4.885277
4.891284
4.902168
4.917841
4.938178
4.963016
4.992156
5.025364
5.062375
5.102891
5.146589
5.193118
5.242105
5.293159
5.345870
5.399816
5.454564
5.509676
5.564710
5.619226
5.672788
5.724964
5.775339
5.823508
5.869085
5.911705
5.951027
5.986735
6.018545
6.046200
6.069479
6.088197
6.102201
6.111382
6.115665
6.115016
6.109439
6.098980
6.083723
6.063788
6.039338
6.010567
5.977705
5.941017
5.900795
5.857363
5.811068
5.762280
5.711391
5.658809
5.604955
5.550260
5.495162
5.440103
5.385524
5.331861
5.279546
5.228997
5.180620
5.134800
5.091907
5.052282
5.016245
4.984083
4.956054
4.932383
4.913259
4.898835
4.889228
4.884514
4.884730
4.889876
4.899909
4.914750
4.934279
4.958341
4.986742
5.019255
5.055619
5.095543
5.138708
5.184766
5.233350
5.284071
5.336521
5.390281
5.444920
5.500000
5.555080
5.609719
5.663479
5.715929
5.766650
5.815234
5.861292
5.904457
5.944381
5.980745
6.013258
6.041659
6.065721
6.085250
6.100091
6.110124
6.115270
6.115486
6.110772
6.101165
6.086741
6.067617
6.043946
6.015917
5.983755
5.947718
5.908093
5.865200
5.819380
5.771003
5.720454
5.668139
5.614476
5.559897
5.504838
5.449740
5.395045
5.341191
5.288609
5.237720
5.188932
5.142637
5.099205
5.058983
5.022295
4.989433
4.960662
4.936212
4.916277
4.901020
4.890561
4.884984
4.884335
4.888618
4.897799
4.911803
4.930521
4.953800
4.981455
5.013265
5.048973
5.088295
5.130915
5.176492
5.224661
5.275036
5.327212
5.380774
5.435290
5.490324
5.545436
5.600184
5.654130
5.706841
5.757895
5.806882
5.853411
5.897109
5.937625
5.974636
6.007844
6.036984
6.061822
6.082159
6.097832
6.108716
6.114723
6.115806
6.111955
6.103201
6.089615
6.071306
6.048420
6.021141
5.989686
5.954308
5.915291
5.872947
5.827615
5.779658
5.729461
5.677426
5.623969
5.569520
5.514513
5.459390
5.404592
5.350559
5.297723
5.246507
5.197322
5.150562
5.106602
5.065793
5.028462
4.994909
4.965403
4.940179
4.919441
4.903353
4.892045
4.885607
4.884092
4.887511
4.895836
4.909002
4.926902
4.949394
4.976296
5.007394
5.042439
5.081149
5.123214
5.168298
5.216040
5.266056
5.317946
5.371295
5.425675
5.480651
5.535781
5.590625
5.644743
5.697701
5.749076
5.798455
5.845443
5.889663
5.930762
5.968410
6.002306
6.032177
6.057785
6.078924
6.095426
6.107157
6.114024
6.115973
6.112986
6.105089
6.092344
6.074854
6.052759
6.026235
5.995495
5.960786
5.922386
5.880601
5.835768
5.788245
5.738412
5.686670
5.633432
5.579125
5.524184
5.469049
5.414163
5.359964
5.306887
5.255357
5.205787
5.158574
5.114096
5.072710
5.034746
5.000511
4.970276
4.944285
4.922747
4.905833
4.893679
4.886382
4.884001
4.886555
4.894023
4.906346
4.923425
4.945123
4.971266
5.001646
5.036017
5.074106
5.115606
5.160186
5.207489
5.257134
5.308725
5.361849
5.416080
5.470983
5.526118
5.581044
5.635320
5.688513
5.740195
5.789954
5.837389
5.882121
5.923792
5.962069
5.996643
6.027238
6.053610
6.075547
6.092873
6.105449
6.113174
6.115988
6.113866
6.106827
6.094927
6.078260
6.056961
6.031199
6.001183
5.967151
5.929377
5.888163
5.843839
5.796760
5.747304
5.695868
5.642861
5.588711
5.533849
5.478717
5.423755
5.369404
5.316099
5.264267
5.214324
5.166669
5.121685
5.079732
5.041145
5.006235
4.975280
4.948529
4.926196
4.908459
4.895462
4.887307
4.884062
4.885750
4.892360
4.903837
4.920090
4.940989
4.966367
4.996020
5.029710
5.067168
5.108093
5.152158
5.199009
5.248272
5.299551
5.352437
5.406505
5.461321
5.516448
5.571442
5.625865
5.679278
5.731256
5.781381
5.829252
5.874485
5.916718
5.955613
5.990857
6.022170
6.049299
6.072027
6.090173
6.103591
6.112173
6.115851
6.114595
6.108416
6.097363
6.081523
6.061026
6.036033
6.006746
5.973400
5.936262
5.895627
5.851824
5.805202
5.756135
5.705017
5.652256
5.598275
5.543506
5.488389
5.433365
5.378876
5.325356
5.273235
5.222931
5.174847
5.129368
5.086858
5.047657
5.012081
4.980413
4.952908
4.929786
4.911232
4.897394
4.888384
4.884274
4.885097
4.890846
4.901475
4.916899
4.936994
4.961599
4.990519
5.023519
5.060337
5.100676
5.144215
5.190604
5.239472
5.290427
5.343061
5.396953
5.451669
5.506773
5.561823
5.616377
5.669999
5.722260
5.772739
5.821033
5.866756
5.909541
5.949045
5.984951
6.016972
6.044852
6.068367
6.087328
6.101584
6.111021
6.115562
6.115172
6.109855
6.099651
6.084643
6.064952
6.040734
6.012185
5.979533
5.943038
5.902995
5.859723
5.813570
5.764904
5.714116
5.661613
5.607814
5.553153
5.498065
5.442993
5.388377
5.334656
5.282259
5.231607
5.183105
5.137142
5.094086
5.054281
5.018047
4.985674
4.957422
4.933517
4.914149
4.899475
4.889612
4.884639
4.884596
4.889482
4.899261
4.913851
4.933137
4.956964
4.985143
5.017445
5.053614
5.093358
5.136361
5.182276
5.230737
5.281354
5.333724
5.387426
5.442029
5.497097
5.552188
5.606862
5.660678
5.713208
5.764030
5.812737
5.858937
5.902263
5.942366
5.978925
6.011647
6.040270
6.064566
6.084338
6.099429
6.109717
6.115122
6.115598
6.111143
6.101791
6.087619
6.068739
6.045302
6.017498
5.985547
5.949707
5.910263
5.867533
5.821859
5.773606
5.723162
5.670929
5.617327
5.562786
5.507740
5.452634
5.397907
5.343997
5.291337
5.240349
5.191442
5.145006
5.101414
5.061015
5.024133
4.991063
4.962070
4.937387
4.917212
4.901704
4.890990
4.885156
4.884246
4.888270
4.897194
4.910948
4.929420
4.952464
4.979894
5.011491
5.047001
5.086141
5.128595
5.174026
5.222067
5.272336
5.324428
5.377927
5.432404
5.487422
5.542541
5.597319
5.651318
5.704104
5.755255
5.804362
5.851030
5.894886
5.935578
5.972781
6.006196
6.035556
6.060625
6.081203
6.097126
6.108264
6.114529
6.115871
6.112280
6.103783
6.090449
6.072385
6.049736
6.022682
5.991441
5.956264
5.917430
5.875253
5.830070
5.782241
5.732152
5.680204
5.626812
5.572403
5.517415
5.462287
5.407461
5.353377
5.300467
5.249156
5.199854
5.152957
5.108840
5.067857
5.030335
4.996577
4.966851
4.941397
4.920417
4.904081
4.892519
4.885824
4.884048
4.887208
4.895277
4.908190
4.925844
4.948098
4.974773
5.005657
5.040500
5.079025
5.120922
5.165856
5.213467
5.263373
5.315176
5.368458
5.422795
5.477750
5.532883
5.587753
5.641920
5.694950
5.746418
5.795912
5.843035
5.887411
5.928682
5.966520
6.000619
6.030709
6.056547
6.077926
6.094675
6.106660
6.113785
6.115993
6.113266
6.105626
6.093134
6.075891
6.054034
6.027738
5.997214
5.962708
5.924494
5.882880
5.838198
5.790807
5.741086
5.689434
5.636264
5.582003
5.527084
5.471949
5.417038
5.362792
5.309646
5.258024
5.208340
5.160994
5.116363
5.074805
5.036654
5.002215
4.971764
4.945544
4.923767
4.906605
4.894198
4.886643
4.884003
4.886297
4.893508
4.905578
4.922410
4.943869
4.969783
4.999945
5.034113
5.072013
5.113342
5.157769
5.204937
5.254469
5.305968
5.359022
5.413205
5.468083
5.523217
5.578165
5.632487
5.685747
5.737520
5.787389
5.834957
5.879840
5.921681
5.960144
5.994920
6.025731
6.052331
6.074506
6.092078
6.104907
6.112890
6.115963
6.114101
6.107320
6.095673
6.079254
6.058195
6.032663
6.002865
5.969038
5.931453
5.890412
5.846243
5.799301
5.749960
5.698617
5.645683
5.591582
5.536747
5.481618
5.426636
5.372242
5.318871
5.266952
5.216899
5.169114
5.123980
5.081859
5.043087
5.007976
4.976806
4.949828
4.927258
4.909276
4.896026
4.887615
4.884109
4.885538
4.891890
4.903113
4.919118
4.939776
4.964923
4.994356
5.027840
5.065107
5.105858
5.149766
5.196480
5.245625
5.296809
5.349620
5.403636
5.458425
5.513546
5.568558
5.623021
5.676499
5.728563
5.778796
5.826795
5.872176
5.914576
5.953654
5.989098
6.020624
6.047979
6.070944
6.089334
6.103004
6.111843
6.115780
6.114784
6.108863
6.098064
6.082474
6.062218
6.037457
6.008391
5.975252
5.938306
5.897848
5.854203
5.807721
5.758773
5.707752
5.655066
5.601139
5.546402
5.491292
5.436252
5.381723
5.328142
5.275937
5.225527
5.177316
5.131691
5.089015
5.049633
5.013858
4.981978
4.954248
4.930890
4.912092
4.898003
4.888737
4.884368
4.884931
4.890421
4.900795
4.915969
4.935822
4.960195
4.988893
5.021684
5.058308
5.098470
5.141850
5.188098
5.236845
5.287700
5.340256
5.394092
5.448776
5.503870
5.558934
5.613525
5.667207
5.719550
5.770133
5.818552
5.864420
5.907368
5.947052
5.983156
6.015388
6.043491
6.067241
6.086446
6.100953
6.110645
6.115446
6.115316
6.110257
6.100308
6.085551
6.066103
6.042119
6.013793
5.981349
5.945051
5.905186
5.862076
5.816065
5.767521
5.716835
5.664412
5.610671
5.556044
5.500968
5.445884
5.391233
5.337454
5.284977
5.234223
5.185598
5.139492
5.096273
5.056290
5.019860
4.987278
4.958803
4.934663
4.915053
4.900128
4.890010
4.884778
4.884475
4.889103
4.898625
4.912965
4.932007
4.955600
4.983555
5.015646
5.051618
5.091182
5.134021
5.179792
5.228129
5.278643
5.330931
5.384573
5.439140
5.494195
5.549295
5.604002
5.657874
5.710482
5.761404
5.810232
5.856574
5.900060
5.940341
5.977094
6.010025
6.038870
6.063398
6.083413
6.098753
6.109297
6.114960
6.115696
6.111500
6.102405
6.088483
6.069848
6.046647
6.019066
5.987328
5.951685
5.912424
5.869859
5.824331
5.776204
5.725865
5.673716
5.620176
5.565672
5.510643
5.455529
5.400770
5.346807
5.294071
5.242985
5.193957
5.147382
5.103631
5.063056
5.025981
4.992704
4.963490
4.938576
4.918158
4.902402
4.891433
4.885340
4.884171
4.887936
4.896603
4.910105
4.928333
4.951140
4.978344
5.009728
5.045039
5.083995
5.126284
5.171566
5.219480
5.269641
5.321648
5.375083
5.429519
5.484520
5.539645
5.594452
5.648502
5.701363
5.752611
5.801835
5.848640
5.892653
5.933520
5.970914
6.004536
6.034116
6.059416
6.080235
6.096406
6.107799
6.114322
6.115924
6.112592
6.104352
6.091270
6.073452
6.051040
6.024213
5.993186
5.958209
5.919560
5.877551
5.832517
5.784819
5.734839
5.682978
5.629651
5.575285
5.520316
5.465185
5.410332
5.356198
5.303216
5.251810
5.202392
5.155359
5.111087
5.069930
5.032219
4.998255
4.968311
4.942626
4.921407
4.904823
4.893007
4.886054
4.884019
4.886919
4.894731
4.907391
4.924799
4.946815
4.973263
5.003930
5.038572
5.076910
5.118638
5.163421
5.210900
5.260696
5.312408
5.365624
5.419916
5.474849
5.529984
5.584879
5.639093
5.692194
5.743755
5.793363
5.840621
5.885149
5.926593
5.964619
5.998922
6.029229
6.055296
6.076915
6.093911
6.106150
6.113533
6.116000
6.113533
6.106150
6.093911
6.076915
6.055296
6.029229
5.998922
5.964619
5.926593
5.885149
5.840621
5.793363
5.743755
5.692194
5.639093
5.584879
5.529984
5.474849
5.419916
5.365624
5.312408
5.260696
5.210900
5.163421
5.118638
5.076910
5.038572
5.003930
4.973263
4.946815
4.924799
4.907391
4.894731
4.886919
4.884019
4.886054
4.893007
4.904823
4.921407
4.942626
4.968311
4.998255
5.032219
5.069930
5.111087
5.155359
5.202392
5.251810
5.303216
5.356198
5.410332
5.465185
5.520316
5.575285
5.629651
5.682978
5.734839
5.784819
5.832517
5.877551
5.919560
5.958209
5.993186
6.024213
6.051040
6.073452
6.091270
6.104352
6.112592
6.115924
6.114322
6.107799
6.096406
6.080235
6.059416
6.034116
6.004536
5.970914
5.933520
5.892653
5.848640
5.801835
5.752611
5.701363
5.648502
5.594452
5.539645
5.484520
5.429519
5.375083
5.321648
5.269641
5.219480
5.171566
5.126284
5.083995
5.045039
5.009728
4.978344
4.951140
4.928333
4.910105
4.896603
4.887936
4.884171
4.885340
4.891433
4.902402
4.918158
4.938576
4.963490
4.992704
5.025981
5.063056
5.103631
5.147382
5.193957
5.242985
5.294071
5.346807
5.400770
5.455529
5.510643
5.565672
5.620176
5.673716
5.725865
5.776204
5.824331
5.869859
5.912424
5.951685
5.987328
6.019066
6.046647
6.069848
6.088483
6.102405
6.111500
6.115696
6.114960
6.109297
6.098753
6.083413
6.063398
6.038870
6.010025
5.977094
5.940341
5.900060
5.856574
5.810232
5.761404
5.710482
5.657874
5.604002
5.549295
5.494195
5.439140
5.384573
5.330931
5.278643
5.228129
5.179792
5.134021
5.091182
5.051618
5.015646
4.983555
4.955600
4.932007
4.912965
4.898625
4.889103
4.884475
4.884778
4.890010
4.900128
4.915053
4.934663
4.958803
4.987278
5.019860
5.056290
5.096273
5.139492
5.185598
5.234223
5.284977
5.337454
5.391233
5.445884
5.500968
5.556044
5.610671
5.664412
5.716835
5.767521
5.816065
5.862076
5.905186
5.945051
5.981349
6.013793
6.042119
6.066103
6.085551
6.100308
6.110257
6.115316
6.115446
6.110645
6.100953
6.086446
6.067241
6.043491
6.015388
5.983156
5.947052
5.907368
5.864420
5.818552
5.770133
5.719550
5.667207
5.613525
5.558934
5.503870
5.448776
5.394092
5.340256
5.287700
5.236845
5.188098
5.141850
5.098470
5.058308
5.021684
4.988893
4.960195
4.935822
4.915969
4.900795
4.890421
4.884931
4.884368
4.888737
4.898003
4.912092
4.930890
4.954248
4.981978
5.013858
5.049633
5.089015
5.131691
5.177316
5.225527
5.275937
5.328142
5.381723
5.436252
5.491292
5.546402
5.601139
5.655066
5.707752
5.758773
5.807721
5.854203
5.897848
5.938306
5.975252
6.008391
6.037457
6.062218
6.082474
6.098064
6.108863
6.114784
6.115780
6.111843
6.103004
6.089334
6.070944
6.047979
6.020624
5.989098
5.953654
5.914576
5.872176
5.826795
5.778796
5.728563
5.676499
5.623021
5.568558
5.513546
5.458425
5.403636
5.349620
5.296809
5.245625
5.196480
5.149766
5.105858
5.065107
5.027840
4.994356
4.964923
4.939776
4.919118
4.903113
4.891890
4.885538
4.884109
4.887615
4.896026
4.909276
4.927258
4.949828
4.976806
5.007976
5.043087
5.081859
5.123980
5.169114
5.216899
5.266952
5.318871
5.372242
5.426636
5.481618
5.536747
5.591582
5.645683
5.698617
5.749960
5.799301
5.846243
5.890412
5.931453
5.969038
6.002865
6.032663
6.058195
6.079254
6.095673
6.107320
6.114101
6.115963
6.112890
6.104907
6.092078
6.074506
6.052331
6.025731
5.994920
5.960144
5.921681
5.879840
5.834957
5.787389
5.737520
5.685747
5.632487
5.578165
5.523217
5.468083
5.413205
5.359022
5.305968
5.254469
5.204937
5.157769
5.113342
5.072013
5.034113
4.999945
4.969783
4.943869
4.922410
4.905578
4.893508
4.886297
4.884003
4.886643
4.894198
4.906605
4.923767
4.945544
4.971764
5.002215
5.036654
5.074805
5.116363
5.160994
5.208340
5.258024
5.309646
5.362792
5.417038
5.471949
5.527084
5.582003
5.636264
5.689434
5.741086
5.790807
5.838198
5.882880
5.924494
5.962708
5.997214
6.027738
6.054034
6.075891
6.093134
6.105626
6.113266
6.115993
6.113785
6.106660
6.094675
6.077926
6.056547
6.030709
6.000619
5.966520
5.928682
5.887411
5.843035
5.795912
5.746418
5.694950
5.641920
5.587753
5.532883
5.477750
5.422795
5.368458
5.315176
5.263373
5.213467
5.165856
5.120922
5.079025
5.040500
5.005657
4.974773
4.948098
4.925844
4.908190
4.895277
4.887208
4.884048
4.885824
4.892519
4.904081
4.920417
4.941397
4.966851
4.996577
5.030335
5.067857
5.108840
5.152957
5.199854
5.249156
5.300467
5.353377
5.407461
5.462287
5.517415
5.572403
5.626812
5.680204
5.732152
5.782241
5.830070
5.875253
5.917430
5.956264
5.991441
6.022682
6.049736
6.072385
6.090449
6.103783
6.112280
6.115871
6.114529
6.108264
6.097126
6.081203
6.060625
6.035556
6.006196
5.972781
5.935578
5.894886
5.851030
5.804362
5.755255
5.704104
5.651318
5.597319
5.542541
5.487422
5.432404
5.377927
5.324428
5.272336
5.222067
5.174026
5.128595
5.086141
5.047001
5.011491
4.979894
4.952464
4.929420
4.910948
4.897194
4.888270
4.884246
4.885156
4.890990
4.901704
4.917212
4.937387
4.962070
4.991063
5.024133
5.061015
5.101414
5.145006
5.191442
5.240349
5.291337
5.343997
5.397907
5.452634
5.507740
5.562786
5.617327
5.670929
5.723162
5.773606
5.821859
5.867533
5.910263
5.949707
5.985547
6.017498
6.045302
6.068739
6.087619
6.101791
6.111143
6.115598
6.115122
6.109717
6.099429
6.084338
6.064566
6.040270
6.011647
5.978925
5.942366
5.902263
5.858937
5.812737
5.764030
5.713208
5.660678
5.606862
5.552188
5.497097
5.442029
5.387426
5.333724
5.281354
5.230737
5.182276
5.136361
5.093358
5.053614
5.017445
4.985143
4.956964
4.933137
4.913851
4.899261
4.889482
4.884596
4.884639
4.889612
4.899475
4.914149
4.933517
4.957422
4.985674
5.018047
5.054281
5.094086
5.137142
5.183105
5.231607
5.282259
5.334656
5.388377
5.442993
5.498065
5.553153
5.607814
5.661613
5.714116
5.764904
5.813570
5.859723
5.902995
5.943038
5.979533
6.012185
6.040734
6.064952
6.084643
6.099651
6.109855
6.115172
6.115562
6.111021
6.101584
6.087328
6.068367
6.044852
6.016972
5.984951
5.949045
5.909541
5.866756
5.821033
5.772739
5.722260
5.669999
5.616377
5.561823
5.506773
5.451669
5.396953
5.343061
5.290427
5.239472
5.190604
5.144215
5.100676
5.060337
5.023519
4.990519
4.961599
4.936994
4.916899
4.901475
4.890846
4.885097
4.884274
4.888384
4.897394
4.911232
4.929786
4.952908
4.980413
5.012081
5.047657
5.086858
5.129368
5.174847
5.222931
5.273235
5.325356
5.378876
5.433365
5.488389
5.543506
5.598275
5.652256
5.705017
5.756135
5.805202
5.851824
5.895627
5.936262
5.973400
6.006746
6.036033
6.061026
6.081523
6.097363
6.108416
6.114595
6.115851
6.112173
6.103591
6.090173
6.072027
6.049299
6.022170
5.990857
5.955613
5.916718
5.874485
5.829252
5.781381
5.731256
5.679278
5.625865
5.571442
5.516448
5.461321
5.406505
5.352437
5.299551
5.248272
5.199009
5.152158
5.108093
5.067168
5.029710
4.996020
4.966367
4.940989
4.920090
4.903837
4.892360
4.885750
4.884062
4.887307
4.895462
4.908459
4.926196
4.948529
4.975280
5.006235
5.041145
5.079732
5.121685
5.166669
5.214324
5.264267
5.316099
5.369404
5.423755
5.478717
5.533849
5.588711
5.642861
5.695868
5.747304
5.796760
5.843839
5.888163
5.929377
5.967151
6.001183
6.031199
6.056961
6.078260
6.094927
6.106827
6.113866
6.115988
6.113174
6.105449
6.092873
6.075547
6.053610
6.027238
5.996643
5.962069
5.923792
5.882121
5.837389
5.789954
5.740195
5.688513
5.635320
5.581044
5.526118
5.470983
5.416080
5.361849
5.308725
5.257134
5.207489
5.160186
5.115606
5.074106
5.036017
5.001646
4.971266
4.945123
4.923425
4.906346
4.894023
4.886555
4.884001
4.886382
4.893679
4.905833
4.922747
4.944285
4.970276
5.000511
5.034746
5.072710
5.114096
5.158574
5.205787
5.255357
5.306887
5.359964
5.414163
5.469049
5.524184
5.579125
5.633432
5.686670
5.738412
5.788245
5.835768
5.880601
5.922386
5.960786
5.995495
6.026235
6.052759
6.074854
6.092344
6.105089
6.112986
6.115973
6.114024
6.107157
6.095426
6.078924
6.057785
6.032177
6.002306
5.968410
5.930762
5.889663
5.845443
5.798455
5.749076
5.697701
5.644743
5.590625
5.535781
5.480651
5.425675
5.371295
5.317946
5.266056
5.216040
5.168298
5.123214
5.081149
5.042439
5.007394
4.976296
4.949394
4.926902
4.909002
4.895836
4.887511
4.884092
4.885607
4.892045
4.903353
4.919441
4.940179
4.965403
4.994909
5.028462
5.065793
5.106602
5.150562
5.197322
5.246507
5.297723
5.350559
5.404592
5.459390
5.514513
5.569520
5.623969
5.677426
5.729461
5.779658
5.827615
5.872947
5.915291
5.954308
5.989686
6.021141
6.048420
6.071306
6.089615
6.103201
6.111955
6.115806
6.114723
6.108716
6.097832
6.082159
6.061822
6.036984
6.007844
5.974636
5.937625
5.897109
5.853411
5.806882
5.757895
5.706841
5.654130
5.600184
5.545436
5.490324
5.435290
5.380774
5.327212
5.275036
5.224661
5.176492
5.130915
5.088295
5.048973
5.013265
4.981455
4.953800
4.930521
4.911803
4.897799
4.888618
4.884335
4.884984
4.890561
4.901020
4.916277
4.936212
4.960662
4.989433
5.022295
5.058983
5.099205
5.142637
5.188932
5.237720
5.288609
5.341191
5.395045
5.449740
5.504838
5.559897
5.614476
5.668139
5.720454
5.771002
5.819380
5.865200
5.908093
5.947718
5.983755
6.015917
6.043946
6.067617
6.086741
6.101165
6.110772
6.115486
6.115270
6.110124
6.100091
6.085250
6.065721
6.041659
6.013258
5.980745
5.944381
5.904457
5.861292
5.815234
5.766650
5.715929
5.663479
5.609719
5.555080
5.500000
5.444920
5.390281
5.336521
5.284071
5.233350
5.184766
5.138708
5.095543
5.055619
5.019255
4.986742
4.958341
4.934279
4.914750
4.899909
4.889876
4.884730
4.884514
4.889228
4.898835
4.913259
4.932383
4.956054
4.984083
5.016245
5.052282
5.091907
5.134800
5.180620
5.228998
5.279546
5.331861
5.385524
5.440103
5.495162
5.550260
5.604955
5.658809
5.711391
5.762280
5.811068
5.857363
5.900795
5.941017
5.977705
6.010567
6.039338
6.063788
6.083723
6.098980
6.109439
6.115016
6.115665
6.111382
6.102201
6.088197
6.069479
6.046200
6.018545
5.986735
5.951027
5.911705
5.869085
5.823508
5.775339
5.724964
5.672788
5.619226
5.564710
5.509676
5.454564
5.399816
5.345870
5.293159
5.242105
5.193118
5.146589
5.102891
5.062375
5.025364
4.992156
4.963016
4.938178
4.917841
4.902168
4.891284
4.885277
4.884194
4.888045
4.896799
4.910385
4.928694
4.951580
4.978860
5.010314
5.045692
5.084709
5.127053
5.172385
5.220342
5.270539
5.322574
5.376031
5.430480
5.485487
5.540610
5.595408
5.649441
5.702277
5.753493
5.802678
5.849437
5.893398
5.934207
5.971537
6.005090
6.034596
6.059820
6.080559
6.096646
6.107954
6.114391
6.115907
6.112488
6.104162
6.090997
6.073096
6.050605
6.023702
5.992604
5.957560
5.918849
5.876784
5.831700
5.783958
5.733943
5.682052
5.628704
5.574324
5.519349
5.464219
5.409376
5.355259
5.302301
5.250928
5.201550
5.154563
5.110344
5.069247
5.031601
4.997707
4.967838
4.942233
4.921095
4.904596
4.892868
4.886003
4.884058
4.887047
4.894947
4.907694
4.925187
4.947284
4.973810
5.004551
5.039261
5.077662
5.119445
5.164277
5.211798
5.261626
5.313364
5.366594
5.420892
5.475821
5.530942
5.585813
5.639993
5.693048
5.744553
5.794094
5.841275
5.885716
5.927063
5.964982
5.999169
6.029352
6.055287
6.076766
6.093617
6.105707
6.112936
6.115249
6.112626
6.105090
6.092701
6.075561
6.053807
6.027616
5.997200
5.962805
5.924709
5.883222
5.838678
5.791440
5.741891
5.690434
5.637485
5.583477
5.528850
5.474048
5.419519
5.365709
5.313058
5.261998
5.212946
5.166306
5.122462
5.081773
5.044576
5.011175
4.981846
4.956830
4.936330
4.920513
4.909504
4.903387
4.902204
4.905951
4.914582
4.928006
4.946085
4.968641
4.995450
5.026249
5.060733
5.098559
5.139350
5.182697
5.228162
5.275280
5.323571
5.372534
5.421662
5.470441
5.518362
5.564920
5.609631
5.652029
5.691680
5.728186
5.761190
5.790389
5.815533
5.836433
5.852965
5.865072
5.872767
5.876131
5.875311
5.870521
5.862029
5.850157
5.835271
5.817771
5.798081
5.776640
5.753890
5.730266
5.706188
5.682050
5.658216
5.635011
5.612719
5.591578
5.571782
5.553479
5.536774
5.521729
5.508371
5.496690
5.486649
5.478186
5.471220
5.465651
5.461371
5.458265
5.456213
5.455091
5.454783
5.455173
5.456148
5.457608
5.459455
5.461603
5.463973
5.466493
5.469103
5.471749
5.474385
5.476974
5.479483
5.481888
5.484169
5.486313
5.488309
5.490150
5.491836
5.493365
5.494741
5.495968
5.497052
5.498001
5.498821
5.499524
5.500116
