0.00080110
0.00075230
0.00068647
0.00066003
0.00062345
0.00053086
0.00035206
0.00008247
-0.00025106
-0.00059026
-0.00085164
-0.00093846
-0.00075654
-0.00023147
0.00067569
0.00195704
0.00355300
0.00535496
0.00721563
0.00896543
0.01043294
0.01146611
0.01195136
0.01182756
0.01109290
0.00980353
0.00806426
0.00601252
0.00379787
0.00156005
-0.00059155
-0.00259382
-0.00443921
-0.00617683
-0.00790503
-0.00975643
-0.01187714
-0.01440294
-0.01743559
-0.02102256
-0.02514305
-0.02970241
-0.03453600
-0.03942222
-0.04410306
-0.04830962
-0.05178896
-0.05432865
-0.05577574
-0.05604724
-0.05513128
-0.05307875
-0.04998747
-0.04598152
-0.04118955
-0.03572578
-0.02967667
-0.02309545
-0.01600501
-0.00840809
-0.00030246
0.00830207
0.01736823
0.02682038
0.03654013
0.04636893
0.05611686
0.06557569
0.07453337
0.08278749
0.09015538
0.09647987
0.10163084
0.10550379
0.10801746
0.10911259
0.10875344
0.10693274
0.10367926
0.09906610
0.09321684
0.08630655
0.07855530
0.07021310
0.06153707
0.05276371
0.04408051
0.03560227
0.02735709
0.01928591
0.01125703
0.00309449
-0.00538373
-0.01432397
-0.02379895
-0.03378090
-0.04413114
-0.05460904
-0.06489936
-0.07465385
-0.08353998
-0.09128798
-0.09772782
-0.10280906
-0.10659984
-0.10926505
-0.11102769
-0.11212064
-0.11273788
-0.11299430
-0.11290179
-0.11236595
-0.11120397
-0.10918028
-0.10605297
-0.10162230
-0.09577221
-0.08849717
-0.07990974
-0.07022794
-0.05974519
-0.04878896
-0.03767600
-0.02667239
-0.01596539
-0.00565126
0.00425971
0.01382345
0.02313243
0.03228274
0.04134447
0.05034075
0.05923880
0.06795330
0.07635985
0.08431460
0.09167478
0.09831553
0.10413970
0.10907910
0.11308834
0.11613391
0.11818258
0.11919304
0.11911394
0.11788975
0.11547361
0.11184445
0.10702421
0.10109057
0.09418119
0.08648711
0.07823508
0.06966135
0.06098107
0.05235908
0.04388780
0.03557699
0.02735795
0.01910226
0.01065215
0.00185742
-0.00738764
-0.01711404
-0.02726030
-0.03767050
-0.04810887
-0.05828858
-0.06790983
-0.07670060
-0.08445300
-0.09104895
-0.09647071
-0.10079468
-0.10416961
-0.10678338
-0.10882406
-0.11044221
-0.11172098
-0.11265882
-0.11316778
-0.11308733
-0.11221104
-0.11032151
-0.10722728
-0.10279585
-0.09697722
-0.08981460
-0.08144080
-0.07206174
-0.06193010
-0.05131404
-0.04046624
-0.02959833
-0.01886433
-0.00835527
0.00189523
0.01189638
0.02168013
0.03127972
0.04071102
0.04995997
0.05897781
0.06768439
0.07597792
0.08374840
0.09089148
0.09731931
0.10296625
0.10778820
0.11175633
0.11484700
0.11703118
0.11826643
0.11849444
0.11764574
0.11565151
0.11246073
0.10805918
0.10248618
0.09584467
0.08830123
0.08007463
0.07141332
0.06256509
0.05374374
0.04509887
0.03669476
0.02850307
0.02041179
0.01225007
0.00382516
-0.00503439
-0.01443703
-0.02439564
-0.03481058
-0.04547205
-0.05608219
-0.06629353
-0.07575737
-0.08417363
-0.09133334
-0.09714580
-0.10164565
-0.10497820
-0.10736587
-0.10906164
-0.11029816
-0.11124189
-0.11196050
-0.11240945
-0.11243996
-0.11182663
-0.11030918
-0.10764055
-0.10363224
-0.09818890
-0.09132612
-0.08316899
-0.07393241
-0.06388797
-0.05332401
-0.04250693
-0.03165069
-0.02089973
-0.01032734
0.00005162
0.01025779
0.02031984
0.03024910
0.04002166
0.04957160
0.05879609
0.06757038
0.07576860
0.08328474
0.09004868
0.09603305
0.10124922
0.10573314
0.10952445
0.11264392
0.11507473
0.11675276
0.11756892
0.11738399
0.11605382
0.11346000
0.10953990
0.10430963
0.09787447
0.09042403
0.08221181
0.07352240
0.06463190
0.05576868
0.04708189
0.03862358
0.03034826
0.02213007
0.01379477
0.00516094
-0.00391716
-0.01351265
-0.02360177
-0.03405663
-0.04465625
-0.05511370
-0.06511470
-0.07436055
-0.08260808
-0.08969967
-0.09557847
-0.10028665
-0.10394755
-0.10673534
-0.10883792
-0.11041971
-0.11159077
-0.11238720
-0.11276576
-0.11261287
-0.11176578
-0.11004173
-0.10726963
-0.10331893
-0.09812106
-0.09168038
-0.08407373
-0.07543966
-0.06596013
-0.05583843
-0.04527747
-0.03446206
-0.02354750
-0.01265552
-0.00187694
0.00872089
0.01908440
0.02916468
0.03891116
0.04826945
0.05718336
0.06559998
0.07347594
0.08078237
0.08750666
0.09364946
0.09921695
0.10420955
0.10860915
0.11236822
0.11540348
0.11759688
0.11880497
0.11887624
0.11767418
0.11510257
0.11112837
0.10579762
0.09924072
0.09166491
0.08333406
0.07453823
0.06555745
0.05662553
0.04790018
0.03944468
0.03122500
0.02312321
0.01496558
0.00656089
-0.00225741
-0.01159240
-0.02145514
-0.03175133
-0.04228603
-0.05278555
-0.06293308
-0.07241183
-0.08094838
-0.08834856
-0.09451990
-0.09947675
-0.10332758
-0.10624685
-0.10843685
-0.11008636
-0.11133358
-0.11223975
-0.11277784
-0.11283787
-0.11224742
-0.11080310
-0.10830707
-0.10460206
-0.09959868
-0.09329093
-0.08575765
-0.07715087
-0.06767393
-0.05755417
-0.04701539
-0.03625513
-0.02543021
-0.01465221
-0.00399223
0.00650728
0.01681741
0.02690825
0.03673837
0.04625048
0.05537380
0.06403183
0.07215301
0.07968102
0.08658147
0.09284288
0.09847094
0.10347706
0.10786356
0.11160905
0.11465764
0.11691541
0.11825587
0.11853463
0.11761142
0.11537581
0.11177207
0.10681811
0.10061453
0.09334107
0.08524007
0.07658898
0.06766594
0.05871398
0.04990984
0.04134303
0.03300883
0.02481705
0.01661526
0.00822311
-0.00052803
-0.00975669
-0.01950064
-0.02969933
-0.04019257
-0.05073579
-0.06102964
-0.07075876
-0.07963362
-0.08742813
-0.09400688
-0.09933753
-0.10348625
-0.10659735
-0.10886070
-0.11047268
-0.11159762
-0.11233631
-0.11270708
-0.11264243
-0.11200166
-0.11059699
-0.10822826
-0.10472002
-0.09995431
-0.09389360
-0.08659004
-0.07817980
-0.06886425
-0.05888165
-0.04847510
-0.03786267
-0.02721496
-0.01664404
-0.00620471
0.00409276
0.01426215
0.02431775
0.03425315
0.04402688
0.05355788
0.06273144
0.07141387
0.07947236
0.08679509
0.09330694
0.09897680
0.10381463
0.10785882
0.11115644
0.11374117
0.11561398
0.11673171
0.11700677
0.11631914
0.11453885
0.11155494
0.10730493
0.10179857
0.09513012
0.08747587
0.07907616
0.07020447
0.06112888
0.05207304
0.04318414
0.03451443
0.02602024
0.01757929
0.00902342
0.00018093
-0.00907948
-0.01881149
-0.02896789
-0.03939592
-0.04985233
-0.06003563
-0.06962937
-0.07834871
-0.08598135
-0.09241536
-0.09764885
-0.10177992
-0.10497902
-0.10744928
-0.10938239
-0.11091846
-0.11211722
-0.11294571
-0.11328423
-0.11294906
-0.11172709
-0.10941557
-0.10585963
-0.10098050
-0.09479012
-0.08738981
-0.07895448
-0.06970603
-0.05988157
-0.04970276
-0.03935176
-0.02895762
-0.01859476
-0.00829240
0.00194803
0.01213207
0.02225268
0.03227620
0.04213633
0.05173700
0.06096265
0.06969314
0.07781963
0.08525745
0.09195328
0.09788482
0.10305333
0.10747089
0.11114522
0.11406597
0.11619550
0.11746694
0.11779018
0.11706530
0.11520105
0.11213508
0.10785196
0.10239536
0.09587179
0.08844449
0.08031810
0.07171617
0.06285490
0.05391751
0.04503324
0.03626483
0.02760648
0.01899315
0.01031980
0.00146780
-0.00766577
-0.01714045
-0.02695119
-0.03701698
-0.04718176
-0.05722758
-0.06689849
-0.07593135
-0.08408889
-0.09118964
-0.09712968
-0.10189251
-0.10554522
-0.10822120
-0.11009217
-0.11133411
-0.11209276
-0.11245480
-0.11242956
-0.11194500
-0.11085850
-0.10898116
-0.10611126
-0.10207125
-0.09674183
-0.09008692
-0.08216540
-0.07312737
-0.06319590
-0.05263760
-0.04172752
-0.03071486
-0.01979552
-0.00909630
0.00132685
0.01147708
0.02139430
0.03112752
0.04070763
0.05012656
0.05932683
0.06820345
0.07661729
0.08441648
0.09146087
0.09764378
0.10290600
0.10723880
0.11067532
0.11327221
0.11508597
0.11614963
0.11645558
0.11594922
0.11453559
0.11209851
0.10852867
0.10375486
0.09777161
0.09065668
0.08257385
0.07375907
0.06449171
0.05505565
0.04569741
0.03658941
0.02780576
0.01931588
0.01099783
0.00266934
-0.00586878
-0.01478502
-0.02417409
-0.03402689
-0.04421924
-0.05452175
-0.06462926
-0.07420435
-0.08292703
-0.09054124
-0.09688983
-0.10193159
-0.10573762
-0.10846805
-0.11033397
-0.11155185
-0.11229930
-0.11268017
-0.11270522
-0.11229160
-0.11128030
-0.10946797
-0.10664660
-0.10264348
-0.09735416
-0.09076285
-0.08294718
-0.07406744
-0.06434328
-0.05402286
-0.04335075
-0.03254021
-0.02175473
-0.01110097
-0.00063333
0.00963241
0.01969997
0.02957282
0.03923801
0.04865674
0.05776295
0.06646961
0.07468017
0.08230221
0.08925940
0.09549897
0.10099266
0.10573120
0.10971346
0.11293330
0.11536739
0.11696739
0.11765912
0.11734958
0.11594146
0.11335251
0.10953643
0.10450089
0.09831883
0.09112996
0.08313128
0.07455734
0.06565286
0.05664217
0.04770045
0.03893198
0.03035965
0.02192779
0.01351889
0.00498141
-0.00383525
-0.01304466
-0.02269232
-0.03273514
-0.04303536
-0.05337059
-0.06345852
-0.07299268
-0.08168326
-0.08929620
-0.09568385
-0.10080167
-0.10470808
-0.10754720
-0.10951741
-0.11083121
-0.11167325
-0.11216418
-0.11233661
-0.11212757
-0.11138885
-0.10991345
-0.10747322
-0.10386120
-0.09893078
-0.09262500
-0.08499077
-0.07617568
-0.06640857
-0.05596762
-0.04514213
-0.03419517
-0.02333370
-0.01269138
-0.00232627
0.00776697
0.01763392
0.02733160
0.03690038
0.04634238
0.05561044
0.06460957
0.07320949
0.08126510
0.08863946
0.09522404
0.10095136
0.10579731
0.10977282
0.11290723
0.11522756
0.11673920
0.11741315
0.11718357
0.11595711
0.11363264
0.11012764
0.10540527
0.09949622
0.09250954
0.08462917
0.07609566
0.06717552
0.05812370
0.04914621
0.04037021
0.03182794
0.02345804
0.01512474
0.00665176
-0.00213516
-0.01136496
-0.02108543
-0.03124169
-0.04167327
-0.05213037
-0.06230656
-0.07188182
-0.08056803
-0.08814868
-0.09450566
-0.09962853
-0.10360519
-0.10659598
-0.10879661
-0.11039705
-0.11154381
-0.11231246
-0.11269481
-0.11260233
-0.11188441
-0.11035733
-0.10783823
-0.10417778
-0.09928585
-0.09314650
-0.08582030
-0.07743514
-0.06816799
-0.05822194
-0.04780297
-0.03710045
-0.02627413
-0.01544888
-0.00471645
0.00585742
0.01622324
0.02633818
0.03615881
0.04563747
0.05472253
0.06336154
0.07150568
0.07911375
0.08615399
0.09260284
0.09844053
0.10364435
0.10818122
0.11200138
0.11503514
0.11719406
0.11837703
0.11848105
0.11741512
0.11511539
0.11155901
0.10677425
0.10084496
0.09390806
0.08614395
0.07776069
0.06897385
0.05998458
0.05095909
0.04201238
0.03319890
0.02451168
0.01589062
0.00723898
-0.00155394
-0.01058700
-0.01992212
-0.02956393
-0.03944730
-0.04943545
-0.05932925
-0.06888692
-0.07785149
-0.08598189
-0.09308279
-0.09902836
-0.10377566
-0.10736524
-0.10990841
-0.11156308
-0.11250198
-0.11287877
-0.11279779
-0.11229315
-0.11132074
-0.10976512
-0.10746018
-0.10422003
-0.09987468
-0.09430429
-0.08746558
-0.07940586
-0.07026213
-0.06024554
-0.04961422
-0.03863973
-0.02757309
-0.01661682
-0.00590760
0.00448777
0.01456313
0.02435320
0.03390788
0.04326620
0.05243540
0.06137903
0.07001621
0.07823117
0.08589046
0.09286336
0.09904049
0.10434638
0.10874328
0.11222572
0.11480747
0.11650485
0.11732071
0.11723394
0.11619752
0.11414657
0.11101511
0.10675795
0.10137290
0.09491760
0.08751646
0.07935481
0.07066022
0.06167366
0.05261571
0.04365424
0.03488034
0.02629769
0.01782836
0.00933469
0.00065366
-0.00836237
-0.01780623
-0.02768546
-0.03790675
-0.04827879
-0.05853329
-0.06836051
-0.07745298
-0.08554927
-0.09246996
-0.09813904
-0.10258717
-0.10593639
-0.10836943
-0.11008959
-0.11127883
-0.11206175
-0.11248200
-0.11249496
-0.11197751
-0.11075256
-0.10862307
-0.10540932
-0.10098214
-0.09528674
-0.08835318
-0.08029247
-0.07128010
-0.06153093
-0.05127042
-0.04070802
-0.03001708
-0.01932430
-0.00870965
0.00178475
0.01213950
0.02234073
0.03236460
0.04216692
0.05167958
0.06081399
0.06947027
0.07754932
0.08496494
0.09165279
0.09757430
0.10271454
0.10707461
0.11066057
0.11347137
0.11548888
0.11667257
0.11696039
0.11627635
0.11454354
0.11170047
0.10771761
0.10261088
0.09644915
0.08935397
0.08149077
0.07305279
0.06423976
0.05523496
0.04618418
0.03718048
0.02825733
0.01939158
0.01051623
0.00154101
-0.00762237
-0.01703448
-0.02670626
-0.03658478
-0.04654944
-0.05641949
-0.06597212
-0.07496837
-0.08318263
-0.09043106
-0.09659397
-0.10162827
-0.10556766
-0.10851042
-0.11059656
-0.11197833
-0.11278899
-0.11311552
-0.11298003
-0.11233340
-0.11106246
-0.10900956
-0.10600121
-0.10188093
-0.09654022
-0.08994240
-0.08213504
-0.07324871
-0.06348262
-0.05307968
-0.04229584
-0.03136918
-0.02049424
-0.00980615
0.00062324
0.01077726
0.02067663
0.03035623
0.03984157
0.04912990
0.05817967
0.06691022
0.07521111
0.08295857
0.09003475
0.09634524
0.10183035
0.10646777
0.11026562
0.11324791
0.11543577
0.11682950
0.11739612
0.11706629
0.11574240
0.11331704
0.10969860
0.10483877
0.09875596
0.09154883
0.08339601
0.07454061
0.06526128
0.05583451
0.04649485
0.03740076
0.02861303
0.02009048
0.01170480
0.00327223
-0.00540296
-0.01448134
-0.02404610
-0.03407409
-0.04442570
-0.05485618
-0.06504646
-0.07464842
-0.08333610
-0.09085375
-0.09705175
-0.10190379
-0.10550233
-0.10803317
-0.10973416
-0.11084583
-0.11156306
-0.11199700
-0.11215385
-0.11193435
-0.11115347
-0.10957638
-0.10696356
-0.10311640
-0.09791517
-0.09134230
-0.08348760
-0.07453501
-0.06473433
-0.05436387
-0.04369146
-0.03294119
-0.02227166
-0.01176904
-0.00145502
0.00869309
0.01871537
0.02864145
0.03846795
0.04814570
0.05757890
0.06663582
0.07516796
0.08303298
0.09011602
0.09634437
0.10169253
0.10617624
0.10983736
0.11272304
0.11486411
0.11625802
0.11686057
0.11658874
0.11533483
0.11298919
0.10946716
0.10473461
0.09882639
0.09185345
0.08399641
0.07548596
0.06657324
0.05749546
0.04844305
0.03953453
0.03080422
0.02220514
0.01362717
0.00492712
-0.00403440
-0.01335629
-0.02306698
-0.03310698
-0.04332702
-0.05350254
-0.06336179
-0.07262266
-0.08103159
-0.08839777
-0.09461636
-0.09967700
-0.10365615
-0.10669489
-0.10896648
-0.11063955
-0.11184368
-0.11264339
-0.11302495
-0.11289816
-0.11211232
-0.11048330
-0.10782659
-0.10399052
-0.09888379
-0.09249295
-0.08488725
-0.07621065
-0.06666317
-0.05647538
-0.04588082
-0.03509113
-0.02427799
-0.01356414
-0.00302406
0.00730698
0.01741837
0.02730756
0.03696521
0.04636480
0.05545852
0.06417941
0.07244867
0.08018559
0.08731735
0.09378608
0.09955130
0.10458710
0.10887498
0.11239403
0.11511136
0.11697553
0.11791531
0.11784498
0.11667603
0.11433348
0.11077402
0.10600218
0.10008119
0.09313553
0.08534372
0.07692182
0.06809962
0.05909323
0.05007866
0.04117101
0.03241316
0.02377645
0.01517353
0.00648186
-0.00242612
-0.01165096
-0.02123792
-0.03115743
-0.04129772
-0.05147146
-0.06143521
-0.07091889
-0.07966021
-0.08743837
-0.09410138
-0.09958222
-0.10390136
-0.10715504
-0.10949168
-0.11108030
-0.11207680
-0.11259368
-0.11267859
-0.11230531
-0.11137849
-0.10975122
-0.10725218
-0.10371734
-0.09902096
-0.09310016
-0.08596937
-0.07772224
-0.06852131
-0.05857757
-0.04812395
-0.03738769
-0.02656627
-0.01581096
-0.00522022
0.00515672
0.01530768
0.02524004
0.03496172
0.04446489
0.05371540
0.06264971
0.07117945
0.07920188
0.08661339
0.09332275
0.09926078
0.10438422
0.10867316
0.11212264
0.11473095
0.11648755
0.11736431
0.11731254
0.11626744
0.11415975
0.11093253
0.10655979
0.10106274
0.09451986
0.08706770
0.07889117
0.07020435
0.06122454
0.05214415
0.04310565
0.03418444
0.02538343
0.01664082
0.00785025
-0.00111001
-0.01034392
-0.01990662
-0.02978140
-0.03986915
-0.04999250
-0.05991434
-0.06936759
-0.07809106
-0.08586490
-0.09253952
-0.09805263
-0.10243150
-0.10578009
-0.10825362
-0.11002511
-0.11125013
-0.11203598
-0.11242078
-0.11236586
-0.11176259
-0.11045197
-0.10825323
-0.10499623
-0.10055186
-0.09485535
-0.08791908
-0.07983303
-0.07075384
-0.06088497
-0.05045200
-0.03967756
-0.02876006
-0.01785928
-0.00709033
0.00347409
0.01379492
0.02385406
0.03364086
0.04314044
0.05232605
0.06115608
0.06957556
0.07752079
0.08492535
0.09172545
0.09786330
0.10328756
0.10795111
0.11180717
0.11480519
0.11688821
0.11799330
0.11805559
0.11701604
0.11483179
0.11148732
0.10700425
0.10144756
0.09492643
0.08758889
0.07961037
0.07117741
0.06246884
0.05363719
0.04479331
0.03599679
0.02725407
0.01852465
0.00973506
0.00079844
-0.00836303
-0.01779621
-0.02749919
-0.03741027
-0.04740601
-0.05730856
-0.06690179
-0.07595380
-0.08424256
-0.09158090
-0.09783694
-0.10294677
-0.10691724
-0.10981847
-0.11176697
-0.11290216
-0.11335989
-0.11324739
-0.11262365
-0.11148862
-0.10978308
-0.10739928
-0.10420068
-0.10004751
-0.09482390
-0.08846205
-0.08095934
-0.07238558
-0.06287919
-0.05263317
-0.04187343
-0.03083316
-0.01972783
-0.00873489
0.00201856
0.01245856
0.02255773
0.03232131
0.04176886
0.05091578
0.05975804
0.06826299
0.07636765
0.08398422
0.09101077
0.09734460
0.10289477
0.10759100
0.11138725
0.11425926
0.11619751
0.11719759
0.11725117
0.11634044
0.11443797
0.11151298
0.10754282
0.10252735
0.09650285
0.08955150
0.08180349
0.07342998
0.06462699
0.05559256
0.04650090
0.03747879
0.02858877
0.01982348
0.01111280
0.00234355
-0.00661120
-0.01585843
-0.02545305
-0.03537370
-0.04551137
-0.05567357
-0.06560388
-0.07501382
-0.08362160
-0.09119083
-0.09756219
-0.10267233
-0.10655645
-0.10933410
-0.11118097
-0.11229170
-0.11284074
-0.11294837
-0.11265802
-0.11192878
-0.11064429
-0.10863592
-0.10571577
-0.10171321
-0.09650823
-0.09005586
-0.08239747
-0.07365770
-0.06402820
-0.05374187
-0.04304268
-0.03215692
-0.02127062
-0.01051675
0.00002646
0.01032714
0.02038403
0.03020737
0.03980074
0.04914753
0.05820431
0.06690168
0.07515162
0.08285875
0.08993230
0.09629589
0.10189263
0.10668470
0.11064775
0.11376217
0.11600373
0.11733663
0.11771130
0.11706836
0.11534839
0.11250602
0.10852544
0.10343376
0.09730912
0.09028085
0.08252078
0.07422640
0.06559828
0.05681548
0.04801333
0.03926782
0.03058966
0.02192975
0.01319546
0.00427541
-0.00493137
-0.01448686
-0.02439103
-0.03456861
-0.04486818
-0.05507417
-0.06493001
-0.07416878
-0.08254644
-0.08987215
-0.09603069
-0.10099317
-0.10481441
-0.10761729
-0.10956693
-0.11083871
-0.11158585
-0.11191156
-0.11185063
-0.11136314
-0.11034137
-0.10862849
-0.10604578
-0.10242375
-0.09763205
-0.09160324
-0.08434684
-0.07595164
-0.06657635
-0.05643069
-0.04575038
-0.03477049
-0.02370154
-0.01271214
-0.00192031
0.00860557
0.01883774
0.02877407
0.03842091
0.04777707
0.05682218
0.06551122
0.07377575
0.08153083
0.08868557
0.09515440
0.10086627
0.10576977
0.10983295
0.11303819
0.11537384
0.11682486
0.11736552
0.11695640
0.11554733
0.11308631
0.10953311
0.10487479
0.09913981
0.09240708
0.08480744
0.07651582
0.06773480
0.05867163
0.04951253
0.04039895
0.03141042
0.02255759
0.01378755
0.00500103
-0.00392097
-0.01308556
-0.02255709
-0.03233254
-0.04232812
-0.05237987
-0.06225864
-0.07169734
-0.08042576
-0.08820707
-0.09486951
-0.10032762
-0.10458911
-0.10774616
-0.10995256
-0.11139088
-0.11223536
-0.11261742
-0.11259972
-0.11216349
-0.11121139
-0.10958507
-0.10709442
-0.10355313
-0.09881419
-0.09279916
-0.08551624
-0.07706423
-0.06762205
-0.05742615
-0.04673999
-0.03582130
-0.02489268
-0.01412051
-0.00360524
0.00661601
0.01655597
0.02625606
0.03576211
0.04510180
0.05426795
0.06321047
0.07183791
0.08002761
0.08764173
0.09454561
0.10062442
0.10579485
0.11000972
0.11325501
0.11554068
0.11688762
0.11731431
0.11682646
0.11541230
0.11304490
0.10969131
0.10532646
0.09994902
0.09359524
0.08634752
0.07833496
0.06972501
0.06070701
0.05147017
0.04217979
0.03295647
0.02386216
0.01489647
0.00600432
-0.00290575
-0.01193556
-0.02116805
-0.03064003
-0.04032214
-0.05010997
-0.05982843
-0.06924904
-0.07811756
-0.08618721
-0.09325184
-0.09917305
-0.10389647
-0.10745421
-0.10995276
-0.11154864
-0.11241599
-0.11271181
-0.11254523
-0.11195618
-0.11090734
-0.10929069
-0.10694753
-0.10369826
-0.09937656
-0.09386195
-0.08710502
-0.07914116
-0.07009059
-0.06014519
-0.04954482
-0.03854770
-0.02740013
-0.01631080
-0.00543380
0.00513750
0.01536552
0.02525453
0.03483114
0.04412356
0.05314374
0.06187564
0.07027123
0.07825425
0.08572980
0.09259711
0.09876207
0.10414655
0.10869270
0.11236160
0.11512728
0.11696831
0.11785973
0.11776825
0.11665257
0.11446963
0.11118592
0.10679158
0.10131399
0.09482743
0.08745568
0.07936595
0.07075407
0.06182292
0.05275752
0.04370139
0.03473887
0.02588702
0.01709966
0.00828314
-0.00067799
-0.00989005
-0.01941917
-0.02926614
-0.03935181
-0.04951631
-0.05953275
-0.06913332
-0.07804382
-0.08602035
-0.09288208
-0.09853418
-0.10297665
-0.10629765
-0.10865220
-0.11023007
-0.11121839
-0.11176576
-0.11195379
-0.11178139
-0.11116420
-0.10994934
-0.10794252
-0.10494292
-0.10077954
-0.09534279
-0.08860608
-0.08063395
-0.07157584
-0.06164706
-0.05110083
-0.04019635
-0.02916896
-0.01820687
-0.00743849
0.00306859
0.01329763
0.02326466
0.03299641
0.04250909
0.05179195
0.06079895
0.06944932
0.07763645
0.08524248
0.09215500
0.09828191
0.10356110
0.10796283
0.11148452
0.11413939
0.11594188
0.11689369
0.11697418
0.11613793
0.11432089
0.11145441
0.10748447
0.10239237
0.09621200
0.08903944
0.08103190
0.07239498
0.06335958
0.05415215
0.04496358
0.03592262
0.02707935
0.01840254
0.00979216
0.00110565
-0.00780643
-0.01706160
-0.02671077
-0.03671437
-0.04693417
-0.05714309
-0.06705164
-0.07634689
-0.08473690
-0.09199274
-0.09798043
-0.10267661
-0.10616511
-0.10861483
-0.11024287
-0.11126975
-0.11187502
-0.11216139
-0.11213409
-0.11169912
-0.11068079
-0.10885481
-0.10599103
-0.10189757
-0.09645831
-0.08965703
-0.08158410
-0.07242511
-0.06243395
-0.05189620
-0.04108964
-0.03024951
-0.01954458
-0.00906771
0.00115821
0.01116152
0.02099471
0.03070536
0.04031118
0.04978405
0.05904589
0.06797652
0.07643077
0.08426077
0.09133794
0.09756968
0.10290737
0.10734400
0.11090255
0.11361819
0.11551887
0.11660906
0.11686093
0.11621530
0.11459263
0.11191190
0.10811341
0.10318051
0.09715523
0.09014403
0.08231173
0.07386422
0.06502282
0.05599484
0.04694605
0.03798019
0.02912971
0.02035952
0.01158328
0.00268929
-0.00642865
-0.01584127
-0.02555984
-0.03552288
-0.04559553
-0.05558175
-0.06524706
-0.07434765
-0.08266084
-0.09001159
-0.09629091
-0.10146316
-0.10556177
-0.10867436
-0.11092044
-0.11242554
-0.11329640
-0.11360112
-0.11335730
-0.11252968
-0.11103728
-0.10876831
-0.10560036
-0.10142233
-0.09615489
-0.08976630
-0.08228165
-0.07378444
-0.06441061
-0.05433626
-0.04376113
-0.03289022
-0.02191621
-0.01100493
-0.00028573
0.01015247
0.02025924
0.03001563
0.03942356
0.04849345
0.05723222
0.06563337
0.07367060
0.08129559
0.08843987
0.09502000
0.10094480
0.10612298
0.11046985
0.11391194
0.11638918
0.11785484
0.11827403
0.11762207
0.11588387
0.11305530
0.10914685
0.10418904
0.09823828
0.09138158
0.08373786
0.07545466
0.06669918
0.05764438
0.04845159
0.03925254
0.03013413
0.02112933
0.01221675
0.00333008
-0.00562333
-0.01473717
-0.02407853
-0.03366271
-0.04343558
-0.05326749
-0.06296051
-0.07226887
-0.08092942
-0.08869708
-0.09537907
-0.10086154
-0.10512326
-0.10823373
-0.11033537
-0.11161291
-0.11225541
-0.11241786
-0.11218968
-0.11157597
-0.11049532
-0.10879457
-0.10627793
-0.10274493
-0.09803023
-0.09203770
-0.08476263
-0.07629817
-0.06682505
-0.05658699
-0.04585680
-0.03489987
-0.02394177
-0.01314590
-0.00260468
0.00765504
0.01765443
0.02743763
0.03704469
0.04648860
0.05574070
0.06472710
0.07333602
0.08143354
0.08888362
0.09556740
0.10139746
0.10632378
0.11033073
0.11342618
0.11562613
0.11693907
0.11735448
0.11683880
0.11534029
0.11280224
0.10918151
0.10446820
0.09870159
0.09197793
0.08444770
0.07630160
0.06774754
0.05898263
0.05016564
0.04139560
0.03270094
0.02404206
0.01532708
0.00643833
-0.00273522
-0.01226579
-0.02216084
-0.03234841
-0.04267663
-0.05292767
-0.06284362
-0.07215970
-0.08063878
-0.08810116
-0.09444448
-0.09965043
-0.10377772
-0.10694279
-0.10929227
-0.11097225
-0.11209976
-0.11274135
-0.11290199
-0.11252558
-0.11150637
-0.10970863
-0.10699094
-0.10323068
-0.09834492
-0.09230474
-0.08514124
-0.07694331
-0.06784809
-0.05802660
-0.04766696
-0.03695793
-0.02607499
-0.01517037
-0.00436772
0.00623891
0.01658235
0.02661719
0.03631340
0.04564981
0.05460834
0.06316933
0.07130830
0.07899388
0.08618667
0.09283881
0.09889402
0.10428790
0.10894873
0.11279883
0.11575684
0.11774112
0.11867453
0.11849051
0.11714023
0.11460003
0.11087850
0.10602178
0.10011603
0.09328604
0.08568910
0.07750429
0.06891776
0.06010543
0.05121546
0.04235306
0.03357034
0.02486340
0.01617811
0.00742444
-0.00150200
-0.01069421
-0.02020771
-0.03003859
-0.04010988
-0.05026914
-0.06029875
-0.06993784
-0.07891316
-0.08697375
-0.09392398
-0.09964887
-0.10412722
-0.10742960
-0.10970124
-0.11113225
-0.11192041
-0.11223282
-0.11217336
-0.11176196
-0.11092961
-0.10953004
-0.10736632
-0.10422744
-0.09992841
-0.09434663
-0.08744787
-0.07929754
-0.07005523
-0.05995413
-0.04926924
-0.03828060
-0.02723840
-0.01633604
-0.00569579
0.00463139
0.01465266
0.02441053
0.03395575
0.04332165
0.05250517
0.06145812
0.07008956
0.07827803
0.08589018
0.09280097
0.09891077
0.10415549
0.10850760
0.11196851
0.11455437
0.11627941
0.11714134
0.11711271
0.11614109
0.11415856
0.11109875
0.10691794
0.10161534
0.09524769
0.08793425
0.07985016
0.07120854
0.06223419
0.05313354
0.04406658
0.03512641
0.02633059
0.01762640
0.00890948
0.00005259
-0.00906052
-0.01850254
-0.02827721
-0.03830599
-0.04842931
-0.05842228
-0.06802215
-0.07696266
-0.08500922
-0.09198886
-0.09780987
-0.10246793
-0.10603798
-0.10865370
-0.11047825
-0.11167163
-0.11236014
-0.11261304
-0.11243002
-0.11174125
-0.11041944
-0.10830181
-0.10521789
-0.10101883
-0.09560339
-0.08893710
-0.08106173
-0.07209424
-0.06221576
-0.05165276
-0.04065334
-0.02946229
-0.01829852
-0.00733761
0.00329821
0.01354204
0.02337639
0.03282102
0.04191661
0.05070715
0.05922362
0.06747140
0.07542303
0.08301692
0.09016174
0.09674529
0.10264596
0.10774474
0.11193577
0.11513381
0.11727807
0.11833226
0.11828186
0.11713004
0.11489363
0.11160068
0.10729031
0.10201478
0.09584302
0.08886399
0.08118823
0.07294580
0.06427986
0.05533581
0.04624739
0.03712202
0.02802828
0.01898877
0.00998057
0.00094456
-0.00819699
-0.01751701
-0.02705818
-0.03681029
-0.04669511
-0.05656257
-0.06619999
-0.07535393
-0.08376162
-0.09118663
-0.09745276
-0.10246938
-0.10624330
-0.10887425
-0.11053394
-0.11143220
-0.11177587
-0.11172787
-0.11137429
-0.11070559
-0.10961596
-0.10792114
-0.10539177
-0.10179623
-0.09694523
-0.09072976
-0.08314577
-0.07430082
-0.06440209
-0.05372804
-0.04258954
-0.03128777
-0.02007676
-0.00913735
0.00143351
0.01161685
0.02145172
0.03100611
0.04034530
0.04950440
0.05847057
0.06717782
0.07551477
0.08334242
0.09051743
0.09691493
0.10244563
0.10706352
0.11076266
0.11356458
0.11549980
0.11658866
0.11682659
0.11617810
0.11458145
0.11196350
0.10826163
0.10344757
0.09754744
0.09065261
0.08291813
0.07454766
0.06576739
0.05679351
0.04779989
0.03889264
0.03009727
0.02136169
0.01257523
0.00360037
-0.00568862
-0.01536772
-0.02543350
-0.03578778
-0.04624028
-0.05652892
-0.06635458
-0.07542367
-0.08349082
-0.09039351
-0.09607227
-0.10057268
-0.10402894
-0.10663223
-0.10859000
-0.11008359
-0.11123236
-0.11207034
-0.11253966
-0.11250120
-0.11176015
-0.11010124
-0.10732712
-0.10329281
-0.09793059
-0.09126143
-0.08339197
-0.07449864
-0.06480266
-0.05454113
-0.04393942
-0.03318965
-0.02243807
-0.01178237
-0.00127805
0.00904892
0.01918659
0.02912220
0.03883107
0.04827091
0.05738195
0.06609177
0.07432299
0.08200129
0.08906168
0.09545137
0.10112879
0.10605925
0.11020871
0.11353758
0.11599651
0.11752583
0.11805919
0.11753146
0.11588939
0.11310334
0.10917779
0.10415835
0.09813367
0.09123147
0.08360876
0.07543760
0.06688824
0.05811227
0.04922820
0.04031202
0.03139395
0.02246232
0.01347399
0.00436996
-0.00490620
-0.01438962
-0.02407823
-0.03392205
-0.04381949
-0.05362166
-0.06314412
-0.07218472
-0.08054500
-0.08805187
-0.09457640
-0.10004666
-0.10445234
-0.10784036
-0.11030183
-0.11195248
-0.11290935
-0.11326789
-0.11308307
-0.11235792
-0.11104153
-0.10903719
-0.10621917
-0.10245576
-0.09763436
-0.09168455
-0.08459502
-0.07642168
-0.06728533
-0.05735970
-0.04685201
-0.03597965
-0.02494711
-0.01392726
-0.00304996
0.00760047
0.01797923
0.02806834
0.03786052
0.04734335
0.05648718
0.06523923
0.07352484
0.08125508
0.08833865
0.09469469
0.10026329
0.10501091
0.10892907
0.11202673
0.11431790
0.11580786
0.11648149
0.11629730
0.11518936
0.11307781
0.10988640
0.10556385
0.10010455
0.09356377
0.08606335
0.07778551
0.06895473
0.05981017
0.05057327
0.04141643
0.03243909
0.02365625
0.01500228
0.00635049
-0.00245481
-0.01155905
-0.02105806
-0.03096618
-0.04119812
-0.05156839
-0.06180919
-0.07160399
-0.08063111
-0.08860964
-0.09533940
-0.10072782
-0.10479848
-0.10768007
-0.10957738
-0.11072970
-0.11136418
-0.11165249
-0.11167849
-0.11142276
-0.11076635
-0.10951303
-0.10742550
-0.10426919
-0.09985551
-0.09407710
-0.08692911
-0.07851337
-0.06902529
-0.05872663
-0.04790950
-0.03685826
-0.02581613
-0.01496179
-0.00439944
0.00583721
0.01576899
0.02544726
0.03492733
0.04424443
0.05339656
0.06233703
0.07097704
0.07919685
0.08686228
0.09384273
0.10002665
0.10533151
0.10970667
0.11312930
0.11559520
0.11710726
0.11766497
0.11725783
0.11586464
0.11345908
0.11002041
0.10554684
0.10006826
0.09365509
0.08642038
0.07851400
0.07010903
0.06138250
0.05249369
0.04356408
0.03466304
0.02580229
0.01694089
0.00800032
-0.00111253
-0.01047828
-0.02013872
-0.03007595
-0.04020120
-0.05035552
-0.06032289
-0.06985381
-0.07869555
-0.08662420
-0.09347286
-0.09915127
-0.10365332
-0.10705114
-0.10947675
-0.11109428
-0.11206768
-0.11252935
-0.11255515
-0.11215010
-0.11124705
-0.10971861
-0.10740002
-0.10411909
-0.09972790
-0.09413089
-0.08730473
-0.07930675
-0.07027083
-0.06039196
-0.04990248
-0.03904429
-0.02804199
-0.01708141
-0.00629677
0.00423207
0.01447256
0.02442494
0.03410363
0.04351868
0.05266078
0.06149277
0.06994874
0.07794025
0.08536780
0.09213441
0.09815806
0.10337999
0.10776710
0.11130795
0.11400354
0.11585533
0.11685373
0.11697033
0.11615620
0.11434766
0.11147888
0.10749914
0.10239135
0.09618773
0.08897884
0.08091325
0.07218673
0.06302214
0.05364287
0.04424447
0.03496955
0.02589088
0.01700636
0.00824720
-0.00050131
-0.00936996
-0.01847162
-0.02786931
-0.03755216
-0.04742396
-0.05730671
-0.06695897
-0.07610614
-0.08447734
-0.09184265
-0.09804395
-0.10301395
-0.10677989
-0.10945139
-0.11119452
-0.11219681
-0.11262964
-0.11261455
-0.11219978
-0.11135092
-0.10995737
-0.10785332
-0.10484918
-0.10076792
-0.09547971
-0.08892875
-0.08114789
-0.07225865
-0.06245720
-0.05198908
-0.04111768
-0.03009200
-0.01911948
-0.00834818
0.00213911
0.01231870
0.02220987
0.03185253
0.04128348
0.05051581
0.05952537
0.06824635
0.07657617
0.08438804
0.09154802
0.09793279
0.10344427
0.10801840
0.11162651
0.11426965
0.11596758
0.11674558
0.11662223
0.11560138
0.11367031
0.11080468
0.10697923
0.10218191
0.09642796
0.08977066
0.08230565
0.07416737
0.06551739
0.05652655
0.04735394
0.03812677
0.02892529
0.01977597
0.01065477
0.00150062
-0.00776319
-0.01720317
-0.02685020
-0.03667937
-0.04659910
-0.05645204
-0.06602833
-0.07508904
-0.08339623
-0.09074441
-0.09698776
-0.10205824
-0.10597118
-0.10881714
-0.11074116
-0.11191300
-0.11249345
-0.11260273
-0.11229649
-0.11155382
-0.11027949
-0.10832007
-0.10549132
-0.10161207
-0.09653863
-0.09019409
-0.08258712
-0.07381755
-0.06406754
-0.05358047
-0.04263098
-0.03149174
-0.02040239
-0.00954581
0.00096455
0.01108499
0.02083012
0.03025254
0.03941781
0.04837978
0.05716052
0.06573835
0.07404553
0.08197515
0.08939520
0.09616623
0.10215890
0.10726779
0.11141907
0.11457102
0.11670833
0.11783222
0.11794954
0.11706400
0.11517217
0.11226549
0.10833804
0.10339832
0.09748189
0.09066144
0.08305102
0.07480235
0.06609266
0.05710559
0.04800840
0.03892955
0.02994172
0.02105387
0.01221514
0.00333055
-0.00571335
-0.01501725
-0.02463782
-0.03456252
-0.04469541
-0.05485761
-0.06480287
-0.07424639
-0.08290203
-0.09052169
-0.09692968
-0.10204586
-0.10589311
-0.10858760
-0.11031329
-0.11128512
-0.11170753
-0.11173563
-0.11144618
-0.11082343
-0.10976240
-0.10808881
-0.10559200
-0.10206456
-0.09734164
-0.09133279
-0.08404094
-0.07556538
-0.06608906
-0.05585287
-0.04512240
-0.03415332
-0.02316204
-0.01230632
-0.00167892
0.00868583
0.01879484
0.02867300
0.03833915
0.04778657
0.05697181
0.06581381
0.07420278
0.08201630
0.08913829
0.09547637
0.10097332
0.10560998
0.10939900
0.11237100
0.11455651
0.11596830
0.11658854
0.11636443
0.11521402
0.11304166
0.10976028
0.10531598
0.09970964
0.09301040
0.08535769
0.07695011
0.06802269
0.05881614
0.04954364
0.04036146
0.03134928
0.02250423
0.01375040
0.00496242
-0.00400087
-0.01325879
-0.02287420
-0.03282842
-0.04301056
-0.05322357
-0.06320615
-0.07266683
-0.08132405
-0.08894532
-0.09537826
-0.10056816
-0.10455896
-0.10747769
-0.10950531
-0.11083937
-0.11165513
-0.11207227
-0.11213267
-0.11179320
-0.11093411
-0.10938148
-0.10693902
-0.10342379
-0.09869925
-0.09270036
-0.08544672
-0.07704214
-0.06766158
-0.05752843
-0.04688652
-0.03597205
-0.02499007
-0.01409895
-0.00340467
0.00703536
0.01720080
0.02709242
0.03671520
0.04606402
0.05511440
0.06381942
0.07211256
0.07991505
0.08714522
0.09372748
0.09959859
0.10470980
0.10902487
0.11251461
0.11514991
0.11689540
0.11770605
0.11752808
0.11630482
0.11398687
0.11054469
0.10598119
0.10034147
0.09371714
0.08624373
0.07809068
0.06944517
0.06049189
0.05139231
0.04226691
0.03318374
0.02415563
0.01514688
0.00608881
-0.00309845
-0.01248139
-0.02209003
-0.03190039
-0.04182590
-0.05171931
-0.06138528
-0.07060160
-0.07914576
-0.08682232
-0.09348654
-0.09906026
-0.10353727
-0.10697729
-0.10948948
-0.11120856
-0.11226741
-0.11277106
-0.11277636
-0.11228095
-0.11122320
-0.10949299
-0.10695155
-0.10345653
-0.09888832
-0.09317290
-0.08629768
-0.07831780
-0.06935240
-0.05957175
-0.04917807
-0.03838343
-0.02738864
-0.01636659
-0.00545227
0.00525950
0.01570934
0.02586322
0.03570001
0.04519929
0.05433223
0.06305688
0.07131852
0.07905423
0.08619984
0.09269722
0.09849948
0.10357270
0.10789350
0.11144302
0.11419900
0.11612822
0.11718174
0.11729500
0.11639376
0.11440559
0.11127514
0.10698051
0.10154718
0.09505630
0.08764466
0.07949538
0.07081998
0.06183414
0.05273121
0.04365790
0.03469697
0.02586020
0.01709376
0.00829562
-0.00065768
-0.00987895
-0.01943879
-0.02934003
-0.03950302
-0.04976481
-0.05989283
-0.06961121
-0.07863548
-0.08670990
-0.09364120
-0.09932266
-0.10374465
-0.10698955
-0.10921189
-0.11060721
-0.11137487
-0.11168125
-0.11162955
-0.11124144
-0.11045335
-0.10912810
-0.10707952
-0.10410584
-0.10002590
-0.09471233
-0.08811590
-0.08027759
-0.07132645
-0.06146434
-0.05094055
-0.04002077
-0.02895602
-0.01795647
-0.00717420
0.00330299
0.01344636
0.02327176
0.03281899
0.04212936
0.05122567
0.06009795
0.06869727
0.07693783
0.08470634
0.09187614
0.09832281
0.10393811
0.10863962
0.11237456
0.11511768
0.11686446
0.11762180
0.11739882
0.11620042
0.11402529
0.11086908
0.10673199
0.10162915
0.09560084
0.08871999
0.08109437
0.07286209
0.06418043
0.05520942
0.04609299
0.03694129
0.02781782
0.01873442
0.00965587
0.00051396
-0.00877078
-0.01826342
-0.02798946
-0.03791511
-0.04793702
-0.05788409
-0.06753177
-0.07662698
-0.08491989
-0.09219697
-0.09830974
-0.10319373
-0.10687411
-0.10945662
-0.11110490
-0.11200811
-0.11234445
-0.11224690
-0.11177742
-0.11091446
-0.10955593
-0.10753743
-0.10466248
-0.10073947
-0.09561870
-0.08922298
-0.08156635
-0.07275785
-0.06298975
-0.05251273
-0.04160274
-0.03052553
-0.01950541
-0.00870347
0.00179125
0.01195674
0.02182103
0.03143724
0.04085595
0.05010083
0.05915192
0.06793982
0.07635127
0.08424432
0.09146932
0.09789105
0.10340693
0.10795761
0.11152786
0.11413801
0.11582834
0.11664041
0.11659997
0.11570583
0.11392771
0.11121381
0.10750692
0.10276544
0.09698470
0.09021323
0.08255997
0.07418968
0.06530664
0.05612905
0.04685873
0.03765219
0.02859875
0.01971080
0.01092865
0.00213982
-0.00679034
-0.01598215
-0.02550617
-0.03535549
-0.04543164
-0.05554705
-0.06544425
-0.07482866
-0.08340930
-0.09094007
-0.09725402
-0.10228453
-0.10606920
-0.10873608
-0.11047449
-0.11149600
-0.11199262
-0.11209987
-0.11187123
-0.11126858
-0.11016987
-0.10839250
-0.10572781
-0.10198028
-0.09700437
-0.09073269
-0.08319073
-0.07449634
-0.06484460
-0.05448158
-0.04367212
-0.03266754
-0.02167893
-0.01086001
-0.00030184
0.00996108
0.01993548
0.02964881
0.03912787
0.04838094
0.05738641
0.06608950
0.07440666
0.08223586
0.08946977
0.09600862
0.10176982
0.10669260
0.11073699
0.11387827
0.11609878
0.11737977
0.11769584
0.11701396
0.11529774
0.11251655
0.10865743
0.10373734
0.09781259
0.09098277
0.08338765
0.07519647
0.06659108
0.05774538
0.04880459
0.03986823
0.03098016
0.02212793
0.01325215
0.00426485
-0.00492615
-0.01439061
-0.02415182
-0.03416920
-0.04433106
-0.05445912
-0.06432450
-0.07367291
-0.08225507
-0.08985761
-0.09632908
-0.10159701
-0.10567274
-0.10864335
-0.11065178
-0.11186840
-0.11245877
-0.11255301
-0.11222197
-0.11146413
-0.11020572
-0.10831378
-0.10562022
-0.10195263
-0.09716663
-0.09117433
-0.08396410
-0.07560840
-0.06625847
-0.05612705
-0.04546233
-0.03451767
-0.02352248
-0.01265905
-0.00204904
0.00824853
0.01822815
0.02791993
0.03736693
0.04660219
0.05563006
0.06441521
0.07288098
0.08091686
0.08839299
0.09517817
0.10115731
0.10624456
0.11038946
0.11357501
0.11580876
0.11710921
0.11749142
0.11695556
0.11548164
0.11303240
0.10956406
0.10504302
0.09946474
0.09287035
0.08535656
0.07707575
0.06822474
0.05902356
0.04968729
0.04039640
0.03127112
0.02235555
0.01361526
0.00494991
-0.00378075
-0.01272153
-0.02198354
-0.03161012
-0.04155374
-0.05166867
-0.06172163
-0.07141904
-0.08044642
-0.08851315
-0.09539438
-0.10096253
-0.10520240
-0.10820700
-0.11015475
-0.11127214
-0.11178867
-0.11189226
-0.11169343
-0.11120453
-0.11033784
-0.10892250
-0.10673708
-0.10355145
-0.09917038
-0.09347079
-0.08642634
-0.07811527
-0.06871090
-0.05845722
-0.04763463
-0.03652275
-0.02536685
-0.01435392
-0.00360180
0.00683789
0.01696483
0.02680741
0.03639769
0.04574951
0.05484394
0.06362456
0.07200277
0.07987075
0.08711869
0.09365151
0.09940120
0.10433176
0.10843585
0.11172412
0.11421029
0.11589570
0.11675780
0.11674565
0.11578444
0.11378865
0.11068152
0.10641690
0.10099877
0.09449378
0.08703354
0.07880520
0.07003130
0.06094193
0.05174431
0.04259511
0.03358115
0.02471225
0.01592811
0.00711840
-0.00184728
-0.01108472
-0.02066202
-0.03057413
-0.04072986
-0.05095404
-0.06100460
-0.07060210
-0.07946641
-0.08735451
-0.09409268
-0.09959752
-0.10388232
-0.10704747
-0.10925685
-0.11070423
-0.11157556
-0.11201374
-0.11209187
-0.11179950
-0.11104412
-0.10966748
-0.10747373
-0.10426449
-0.09987482
-0.09420392
-0.08723570
-0.07904587
-0.06979490
-0.05970831
-0.04904820
-0.03808098
-0.02704679
-0.01613575
-0.00547441
0.00487592
0.01490957
0.02465824
0.03416801
0.04347629
0.05259299
0.06148911
0.07009443
0.07830401
0.08599143
0.09302565
0.09928764
0.10468339
0.10915079
0.11265940
0.11520381
0.11679275
0.11743695
0.11713925
0.11588947
0.11366599
0.11044361
0.10620637
0.10096220
0.09475572
0.08767565
0.07985434
0.07145830
0.06267072
0.05366893
0.04460072
0.03556466
0.02659844
0.01767852
0.00873182
-0.00034188
-0.00964054
-0.01922891
-0.02911183
-0.03921734
-0.04939336
-0.05941928
-0.06903108
-0.07795575
-0.08594906
-0.09282976
-0.09850384
-0.10297414
-0.10633328
-0.10874114
-0.11039061
-0.11146811
-0.11211606
-0.11240416
-0.11231486
-0.11174567
-0.11052778
-0.10845736
-0.10533382
-0.10099785
-0.09536240
-0.08843101
-0.08030078
-0.07114979
-0.06121200
-0.05074464
-0.03999463
-0.02917003
-0.01842153
-0.00783676
0.00255272
0.01275402
0.02278974
0.03267413
0.04239389
0.05189738
0.06109408
0.06986389
0.07807357
0.08559632
0.09232988
0.09820896
0.10320931
0.10734266
0.11064375
0.11315283
0.11489744
0.11587824
0.11606208
0.11538450
0.11376140
0.11110778
0.10735976
0.10249527
0.09654886
0.08961717
0.08185343
0.07345140
0.06462146
0.05556305
0.04643859
0.03735368
0.02834762
0.01939603
0.01042541
0.00133714
-0.00796336
-0.01753750
-0.02738974
-0.03745344
-0.04758913
-0.05759550
-0.06723148
-0.07624563
-0.08440789
-0.09153839
-0.09752845
-0.10235032
-0.10605423
-0.10875323
-0.11059862
-0.11175014
-0.11234586
-0.11247693
-0.11217111
-0.11138782
-0.11002527
-0.10793842
-0.10496459
-0.10095242
-0.09578949
-0.08942410
-0.08187786
-0.07324725
-0.06369427
-0.05342804
-0.04268058
-0.03168106
-0.02063265
-0.00969562
0.00102081
0.01145731
0.02159477
0.03143862
0.04100060
0.05028165
0.05925922
0.06788134
0.07606815
0.08372014
0.09073091
0.09700134
0.10245192
0.10703041
0.11071316
0.11349989
0.11540345
0.11643701
0.11660228
0.11588193
0.11423862
0.11162175
0.10798098
0.10328400
0.09753473
0.09078766
0.08315425
0.07479917
0.06592553
0.05675120
0.04747987
0.03827245
0.02922436
0.02035394
0.01160500
0.00286409
-0.00600985
-0.01514854
-0.02463681
-0.03448178
-0.04459500
-0.05479185
-0.06480899
-0.07433748
-0.08306595
-0.09072601
-0.09713166
-0.10220506
-0.10598363
-0.10860697
-0.11028565
-0.11125763
-0.11174040
-0.11188778
-0.11175950
-0.11130924
-0.11039341
-0.10879879
-0.10628381
-0.10262552
-0.09766353
-0.09133267
-0.08367859
-0.07485389
-0.06509606
-0.05469191
-0.04393577
-0.03308944
-0.02235129
-0.01183981
-0.00159388
0.00841163
0.01823889
0.02795518
0.03760283
0.04717712
0.05661625
0.06580475
0.07458872
0.08279892
0.09027613
0.09689324
0.10256928
0.10727275
0.11101429
0.11383073
0.11576510
0.11684735
0.11708070
0.11643708
0.11486260
0.11229233
0.10867064
0.10397280
0.09822248
0.09150105
0.08394601
0.07573821
0.06708005
0.05816865
0.04916914
0.04019349
0.03128897
0.02243881
0.01357503
0.00460124
-0.00457899
-0.01403320
-0.02377607
-0.03375475
-0.04384607
-0.05386612
-0.06359030
-0.07278031
-0.08121335
-0.08870852
-0.09514613
-0.10047712
-0.10472135
-0.10795562
-0.11029392
-0.11186335
-0.11277989
-0.11312773
-0.11294534
-0.11221980
-0.11089007
-0.10885805
-0.10600553
-0.10221414
-0.09738558
-0.09145906
-0.08442390
-0.07632574
-0.06726577
-0.05739350
-0.04689405
-0.03597194
-0.02483354
-0.01367032
-0.00264524
0.00811629
0.01852986
0.02854977
0.03816159
0.04737113
0.05619153
0.06463074
0.07268120
0.08031348
0.08747438
0.09408975
0.10007086
0.10532310
0.10975505
0.11328628
0.11585253
0.11740782
0.11792367
0.11738640
0.11579398
0.11315382
0.10948281
0.10480981
0.09918030
0.09266163
0.08534728
0.07735773
0.06883663
0.05994150
0.05082952
0.04164051
0.03248008
0.02340642
0.01442426
0.00548824
-0.00348369
-0.01258798
-0.02190788
-0.03148515
-0.04129664
-0.05124075
-0.06113737
-0.07074245
-0.07977572
-0.08795728
-0.09504685
-0.10087864
-0.10538502
-0.10860428
-0.11067025
-0.11178522
-0.11218064
-0.11207241
-0.11161927
-0.11089165
-0.10985738
-0.10838666
-0.10627596
-0.10328618
-0.09918840
-0.09380842
-0.08706236
-0.07897654
-0.06968861
-0.05942997
-0.04849342
-0.03719229
-0.02581895
-0.01461038
-0.00372643
0.00675581
0.01683187
0.02654736
0.03596836
0.04515159
0.05412038
0.06285107
0.07127180
0.07927268
0.08672424
0.09349896
0.09949061
0.10462687
0.10887266
0.11222377
0.11469326
0.11629448
0.11702569
0.11686073
0.11574875
0.11362382
0.11042255
0.10610597
0.10068033
0.09421150
0.08682891
0.07871682
0.07009370
0.06118312
0.05218161
0.04322999
0.03439431
0.02566080
0.01694648
0.00812416
-0.00094272
-0.01036177
-0.02017752
-0.03034800
-0.04073723
-0.05112519
-0.06123399
-0.07076551
-0.07944371
-0.08705368
-0.09347036
-0.09867160
-0.10273331
-0.10580770
-0.10808891
-0.10977245
-0.11101597
-0.11190840
-0.11245290
-0.11256625
-0.11209433
-0.11084036
-0.10860052
-0.10520028
-0.10052526
-0.09454136
-0.08730151
-0.07893868
-0.06964725
-0.05965689
-0.04920389
-0.03850521
-0.02773902
-0.01703470
-0.00647240
0.00390867
0.01409629
0.02408878
0.03387983
0.04344713
0.05274680
0.06171359
0.07026624
0.07831584
0.08577498
0.09256552
0.09862323
0.10389872
0.10835471
0.11196100
0.11468868
0.11650540
0.11737337
0.11725099
0.11609804
0.11388390
0.11059703
0.10625385
0.10090509
0.09463776
0.08757192
0.07985228
0.07163531
0.06307389
0.05430170
0.04542005
0.03648933
0.02752688
0.01851192
0.00939719
0.00012566
-0.00935011
-0.01904903
-0.02894617
-0.03896379
-0.04897048
-0.05878913
-0.06821280
-0.07702636
-0.08503060
-0.09206513
-0.09802622
-0.10287649
-0.10664482
-0.10941610
-0.11131230
-0.11246810
-0.11300475
-0.11300693
-0.11250631
-0.11147499
-0.10982985
-0.10744728
-0.10418580
-0.09991279
-0.09453054
-0.08799733
-0.08033993
-0.07165534
-0.06210180
-0.05188092
-0.04121405
-0.03031745
-0.01938041
-0.00855010
0.00207483
0.01244124
0.02253067
0.03234331
0.04188074
0.05113088
0.06005831
0.06860170
0.07667815
0.08419323
0.09105357
0.09717914
0.10251179
0.10701825
0.11068667
0.11351781
0.11551317
0.11666330
0.11693960
0.11629244
0.11465675
0.11196480
0.10816393
0.10323561
0.09721159
0.09018312
0.08230025
0.07376023
0.06478616
0.05559912
0.04638862
0.03728706
0.02835321
0.01956844
0.01084726
0.00206081
-0.00693035
-0.01623997
-0.02592269
-0.03595015
-0.04620097
-0.05646720
-0.06647640
-0.07592594
-0.08452355
-0.09202720
-0.09827714
-0.10321458
-0.10688366
-0.10941638
-0.11100350
-0.11185635
-0.11216674
-0.11207186
-0.11163029
-0.11081324
-0.10951198
-0.10755987
-0.10476458
-0.10094457
-0.09596310
-0.08975419
-0.08233605
-0.07381055
-0.06434949
-0.05417089
-0.04351031
-0.03259256
-0.02160883
-0.01070292
0.00003191
0.01054600
0.02081891
0.03084135
0.04059794
0.05005429
0.05915137
0.06780762
0.07592792
0.08341680
0.09019232
0.09619709
0.10140349
0.10581165
0.10944059
0.11231424
0.11444591
0.11582494
0.11640903
0.11612488
0.11487779
0.11256902
0.10911788
0.10448423
0.09868672
0.09181241
0.08401527
0.07550260
0.06651123
0.05727721
0.04800428
0.03883692
0.02984313
0.02101062
0.01225765
0.00345699
-0.00553091
-0.01482133
-0.02447185
-0.03445841
-0.04466530
-0.05489149
-0.06487233
-0.07431327
-0.08292972
-0.09048613
-0.09682739
-0.10189708
-0.10573920
-0.10848330
-0.11031549
-0.11144075
-0.11204303
-0.11225039
-0.11211110
-0.11158491
-0.11055063
-0.10882861
-0.10621378
-0.10251338
-0.09758275
-0.09135305
-0.08384654
-0.07517716
-0.06553702
-0.05517168
-0.04434899
-0.03332698
-0.02232634
-0.01151162
-0.00098354
0.00921727
0.01909706
0.02868944
0.03803398
0.04715686
0.05605699
0.06469939
0.07301629
0.08091444
0.08828653
0.09502351
0.10102541
0.10620830
0.11050683
0.11387246
0.11626890
0.11766676
0.11803951
0.11736247
0.11561561
0.11278980
0.10889518
0.10396956
0.09808432
0.09134590
0.08389135
0.07587800
0.06746842
0.05881281
0.05003215
0.04120508
0.03236149
0.02348427
0.01451974
0.00539524
-0.00395873
-0.01358556
-0.02348272
-0.03358873
-0.04377951
-0.05387514
-0.06365623
-0.07288763
-0.08134569
-0.08884466
-0.09525807
-0.10053135
-0.10468370
-0.10779885
-0.11000607
-0.11145458
-0.11228558
-0.11260631
-0.11247049
-0.11186827
-0.11072727
-0.10892447
-0.10630714
-0.10271914
-0.09802866
-0.09215269
-0.08507462
-0.07685220
-0.06761487
-0.05755107
-0.04688785
-0.03586617
-0.02471585
-0.01363411
-0.00277071
0.00777834
0.01796819
0.02779480
0.03727923
0.04644968
0.05532455
0.06389955
0.07214052
0.07998295
0.08733748
0.09409976
0.10016235
0.10542609
0.10980878
0.11324986
0.11571060
0.11717057
0.11762198
0.11706377
0.11549745
0.11292612
0.10935709
0.10480767
0.09931268
0.09293139
0.08575185
0.07789057
0.06948671
0.06069086
0.05165012
0.04249187
0.03330941
0.02415269
0.01502641
0.00589651
-0.00329523
-0.01261083
-0.02209350
-0.03174673
-0.04151943
-0.05130020
-0.06092233
-0.07017934
-0.07884856
-0.08671887
-0.09361777
-0.09943283
-0.10412348
-0.10772105
-0.11031667
-0.11203943
-0.11302846
-0.11340426
-0.11324436
-0.11256788
-0.11133167
-0.10943875
-0.10675725
-0.10314642
-0.09848483
-0.09269560
-0.08576431
-0.07774661
-0.06876448
-0.05899251
-0.04863695
-0.03791174
-0.02701593
-0.01611629
-0.00533779
0.00523740
0.01556310
0.02561693
0.03538605
0.04485395
0.05399123
0.06275177
0.07107446
0.07888926
0.08612545
0.09271939
0.09861956
0.10378749
0.10819422
0.11181352
0.11461389
0.11655182
0.11756902
0.11759505
0.11655586
0.11438718
0.11105048
0.10654799
0.10093356
0.09431621
0.08685491
0.07874431
0.07019341
0.06140056
0.05252889
0.04368700
0.03491847
0.02620249
0.01746611
0.00860612
-0.00048300
-0.00987991
-0.01961117
-0.02963456
-0.03983397
-0.05002706
-0.05998425
-0.06945618
-0.07820463
-0.08603188
-0.09280346
-0.09846054
-0.10302019
-0.10656356
-0.10921445
-0.11111208
-0.11238281
-0.11311568
-0.11334571
-0.11304760
-0.11214046
-0.11050252
-0.10799296
-0.10447718
-0.09985116
-0.09406116
-0.08711574
-0.07908869
-0.07011276
-0.06036572
-0.05005136
-0.03937848
-0.02854133
-0.01770423
-0.00699222
0.00351125
0.01376020
0.02373670
0.03343836
0.04286516
0.05200772
0.06083910
0.06931093
0.07735425
0.08488442
0.09180867
0.09803480
0.10347923
0.10807290
0.11176426
0.11451896
0.11631690
0.11714768
0.11700574
0.11588691
0.11378729
0.11070514
0.10664566
0.10162768
0.09569074
0.08890077
0.08135252
0.07316748
0.06448676
0.05545944
0.04622799
0.03691317
0.02760109
0.01833537
0.00911622
-0.00009237
-0.00934803
-0.01871004
-0.02821698
-0.03786628
-0.04759945
-0.05729622
-0.06677961
-0.07583157
-0.08421742
-0.09171508
-0.09814435
-0.10339087
-0.10742035
-0.11028008
-0.11208702
-0.11300408
-0.11320852
-0.11285796
-0.11206012
-0.11085170
-0.10919060
-0.10696306
-0.10400467
-0.10013164
-0.09517690
-0.08902445
-0.08163594
-0.07306461
-0.06345425
-0.05302351
-0.04203850
-0.03077886
-0.01950342
-0.00842152
0.00232511
0.01266729
0.02260006
0.03216345
0.04141692
0.05041269
0.05917345
0.06767853
0.07586071
0.08361348
0.09080648
0.09730512
0.10298980
0.10777042
0.11159339
0.11443991
0.11631683
0.11724287
0.11723411
0.11629301
0.11440406
0.11153764
0.10766166
0.10275826
0.09684168
0.08997259
0.08226461
0.07388059
0.06501794
0.05588509
0.04667330
0.03752917
0.02853388
0.01969380
0.01094538
0.00217415
-0.00675478
-0.01596047
-0.02551059
-0.03539393
-0.04550639
-0.05565404
-0.06557319
-0.07496443
-0.08353454
-0.09103886
-0.09731599
-0.10230851
-0.10606561
-0.10872700
-0.11049109
-0.11157332
-0.11216237
-0.11238243
-0.11226858
-0.11175958
-0.11070954
-0.10891576
-0.10615773
-0.10223971
-0.09702909
-0.09048375
-0.08266359
-0.07372476
-0.06389817
-0.05345686
-0.04267860
-0.03181065
-0.02104298
-0.01049416
-0.00021164
0.00981484
0.01963030
0.02928728
0.03882012
0.04822567
0.05745387
0.06640936
0.07496296
0.08296973
0.09028945
0.09680486
0.10243402
0.10713436
0.11089833
0.11374210
0.11569050
0.11676212
0.11695804
0.11625735
0.11462030
0.11199877
0.10835170
0.10366196
0.09795098
0.09128752
0.08378822
0.07560935
0.06693078
0.05793487
0.04878426
0.03960252
0.03046154
0.02137809
0.01232039
0.00322376
-0.00598742
-0.01537529
-0.02496584
-0.03473230
-0.04458730
-0.05438550
-0.06393617
-0.07302382
-0.08143333
-0.08897551
-0.09550879
-0.10095372
-0.10529776
-0.10858995
-0.11092636
-0.11242885
-0.11322080
-0.11340373
-0.11303859
-0.11213480
-0.11064856
-0.10849074
-0.10554282
-0.10167834
-0.09678634
-0.09079314
-0.08367888
-0.07548667
-0.06632274
-0.05634805
-0.04576276
-0.03478612
-0.02363521
-0.01250547
-0.00155608
0.00909806
0.01938706
0.02928013
0.03877448
0.04788167
0.05661381
0.06497207
0.07293930
0.08047731
0.08752879
0.09402251
0.09988038
0.10502426
0.10938127
0.11288661
0.11548379
0.11712327
0.11776059
0.11735569
0.11587462
0.11329421
0.10960933
0.10484149
0.09904666
0.09231996
0.08479511
0.07663725
0.06802925
0.05915283
0.05016741
0.04119039
0.03228289
0.02344435
0.01461802
0.00570747
-0.00339794
-0.01279266
-0.02252497
-0.03257307
-0.04283225
-0.05311634
-0.06317417
-0.07271897
-0.08146594
-0.08917170
-0.09566844
-0.10088632
-0.10485977
-0.10771594
-0.10964722
-0.11087219
-0.11159236
-0.11195230
-0.11201071
-0.11172781
-0.11097150
-0.10954127
-0.10720547
-0.10374513
-0.09899618
-0.09288247
-0.08543367
-0.07678494
-0.06715904
-0.05683443
-0.04610579
-0.03524434
-0.02446532
-0.01390825
-0.00363288
0.00636949
0.01615242
0.02578413
0.03531723
0.04476452
0.05408558
0.06318622
0.07193020
0.08015982
0.08772053
0.09448367
0.10036250
0.10531815
0.10935454
0.11250395
0.11480701
0.11629218
0.11695983
0.11677502
0.11567104
0.11356349
0.11037185
0.10604412
0.10057886
0.09403952
0.08655739
0.07832159
0.06955749
0.06049718
0.05134742
0.04226129
0.03331908
0.02452233
0.01580260
0.00704353
-0.00188770
-0.01110513
-0.02067155
-0.03057473
-0.04071685
-0.05091892
-0.06093969
-0.07050552
-0.07934602
-0.08722937
-0.09399107
-0.09955158
-0.10392013
-0.10718428
-0.10948769
-0.11100007
-0.11188453
-0.11226813
-0.11221996
-0.11174040
-0.11076255
-0.10916519
-0.10679473
-0.10349204
-0.09912000
-0.09358735
-0.08686536
-0.07899540
-0.07008672
-0.06030542
-0.04985690
-0.03896464
-0.02784876
-0.01670729
-0.00570250
0.00504628
0.01546306
0.02550966
0.03517561
0.04446587
0.05338817
0.06194231
0.07011262
0.07786446
0.08514452
0.09188457
0.09800710
0.10343167
0.10808069
0.11188360
0.11477911
0.11671565
0.11765083
0.11755079
0.11639041
0.11415539
0.11084599
0.10648239
0.10111019
0.09480475
0.08767262
0.07984857
0.07148774
0.06275297
0.05379894
0.04475541
0.03571249
0.02671120
0.01774167
0.00875041
-0.00034366
-0.00962636
-0.01916214
-0.02896929
-0.03900106
-0.04913692
-0.05918641
-0.06890581
-0.07802573
-0.08628539
-0.09346765
-0.09942892
-0.10411790
-0.10757971
-0.10994384
-0.11139769
-0.11214993
-0.11239026
-0.11225258
-0.11178845
-0.11095593
-0.10962592
-0.10760525
-0.10467230
-0.10061905
-0.09529163
-0.08862240
-0.08064762
-0.07150766
-0.06143017
-0.05069933
-0.03961712
-0.02846381
-0.01746475
-0.00676903
0.00355651
0.01351807
0.02317278
0.03259916
0.04186600
0.05100611
0.05999969
0.06877005
0.07719165
0.08510803
0.09235521
0.09878538
0.10428584
0.10878950
0.11227558
0.11476080
0.11628414
0.11688907
0.11660779
0.11545124
0.11340738
0.11044790
0.10654177
0.10167231
0.09585337
0.08914077
0.08163560
0.07347821
0.06483367
0.05587110
0.04674128
0.03755696
0.02838022
0.01921971
0.01003867
0.00077255
-0.00864699
-0.01826631
-0.02808724
-0.03805222
-0.04804007
-0.05787370
-0.06733827
-0.07620690
-0.08426919
-0.09135766
-0.09736735
-0.10226527
-0.10608813
-0.10892904
-0.11091558
-0.11218325
-0.11284896
-0.11298907
-0.11262554
-0.11172232
-0.11019222
-0.10791285
-0.10474867
-0.10057543
-0.09530294
-0.08889272
-0.08136798
-0.07281477
-0.06337461
-0.05323018
-0.04258660
-0.03165144
-0.02061641
-0.00964324
0.00114454
0.01166333
0.02186519
0.03172889
0.04124834
0.05042048
0.05923487
0.06766640
0.07567206
0.08319184
0.09015294
0.09647621
0.10208306
0.10690159
0.11087054
0.11394085
0.11607467
0.11724277
0.11742165
0.11659143
0.11473594
0.11184546
0.10792208
0.10298664
0.09708580
0.09029726
0.08273117
0.07452649
0.06584188
0.05684166
0.04767901
0.03847883
0.02932384
0.02024665
0.01123016
0.00221708
-0.00687235
-0.01611696
-0.02556941
-0.03523371
-0.04504986
-0.05488898
-0.06456050
-0.07383094
-0.08245140
-0.09018940
-0.09685931
-0.10234610
-0.10661786
-0.10972460
-0.11178339
-0.11295240
-0.11339843
-0.11326401
-0.11263999
-0.11154879
-0.10994127
-0.10770772
-0.10470088
-0.10076629
-0.09577451
-0.08964893
-0.08238426
-0.07405251
-0.06479591
-0.05480850
-0.04431054
-0.03352085
-0.02263247
-0.01179588
-0.00111250
0.00936134
0.01960192
0.02960064
0.03934599
0.04880929
0.05793713
0.06665208
0.07486069
0.08246649
0.08938428
0.09555175
0.10093548
0.10552926
0.10934533
0.11240028
0.11469945
0.11622373
0.11692265
0.11671620
0.11550605
0.11319435
0.10970682
0.10501519
0.09915416
0.09222857
0.08440864
0.07591300
0.06698226
0.05784736
0.04869873
0.03966179
0.03078379
0.02203463
0.01332182
0.00451706
-0.00451025
-0.01385868
-0.02356577
-0.03358963
-0.04380445
-0.05401060
-0.06395740
-0.07337466
-0.08200707
-0.08964588
-0.09615246
-0.10147012
-0.10562280
-0.10870143
-0.11084094
-0.11219216
-0.11289359
-0.11304758
-0.11270446
-0.11185666
-0.11044295
-0.10836132
-0.10548809
-0.10169948
-0.09689274
-0.09100342
-0.08401714
-0.07597446
-0.06696927
-0.05714128
-0.04666436
-0.03573251
-0.02454514
-0.01329347
-0.00214908
0.00874433
0.01927586
0.02936865
0.03897791
0.04808609
0.05669592
0.06482211
0.07248247
0.07968956
0.08644338
0.09272606
0.09849883
0.10370168
0.10825552
0.11206670
0.11503342
0.11705333
0.11803194
0.11789092
0.11657596
0.11406343
0.11036534
0.10553212
0.09965253
0.09285042
0.08527792
0.07710534
0.06850816
0.05965224
0.05067895
0.04169213
0.03274910
0.02385765
0.01498028
0.00604600
-0.00303135
-0.01233036
-0.02189844
-0.03173105
-0.04175771
-0.05183805
-0.06176920
-0.07130467
-0.08018203
-0.08815554
-0.09502826
-0.10067802
-0.10507256
-0.10827044
-0.11040704
-0.11166769
-0.11225205
-0.11233603
-0.11203796
-0.11139526
-0.11035604
-0.10878741
-0.10649935
-0.10327988
-0.09893538
-0.09332874
-0.08640845
-0.07822351
-0.06892152
-0.05873059
-0.04792872
-0.03680635
-0.02562925
-0.01460828
-0.00388122
0.00649063
0.01651141
0.02622853
0.03570414
0.04498683
0.05408896
0.06297412
0.07155652
0.07971167
0.08729522
0.09416524
0.10020289
0.10532663
0.10949743
0.11271404
0.11500019
0.11638736
0.11689761
0.11653114
0.11526200
0.11304335
0.10982140
0.10555504
0.10023638
0.09390734
0.08666776
0.07867225
0.07011549
0.06120819
0.05214800
0.04309117
0.03413076
0.02528628
0.01650736
0.00769144
-0.00128741
-0.01054373
-0.02014647
-0.03009201
-0.04028976
-0.05056339
-0.06066797
-0.07032004
-0.07923554
-0.08716863
-0.09394464
-0.09948112
-0.10379351
-0.10698437
-0.10921847
-0.11068835
-0.11157649
-0.11202097
-0.11209043
-0.11177247
-0.11097709
-0.10955413
-0.10732114
-0.10409657
-0.09973247
-0.09414114
-0.08731167
-0.07931420
-0.07029184
-0.06044256
-0.04999466
-0.03918031
-0.02821162
-0.01726295
-0.00646154
0.00411290
0.01442068
0.02444917
0.03419742
0.04366150
0.05282335
0.06164471
0.07006673
0.07801453
0.08540512
0.09215642
0.09819531
0.10346289
0.10791585
0.11152424
0.11426620
0.11612156
0.11706616
0.11706873
0.11609160
0.11409576
0.11104961
0.10693984
0.10178235
0.09563059
0.08857913
0.08076109
0.07233880
0.06348884
0.05438339
0.04517092
0.03595982
0.02680791
0.01772030
0.00865658
-0.00045343
-0.00968762
-0.01910678
-0.02873153
-0.03852512
-0.04838560
-0.05814926
-0.06760535
-0.07651991
-0.08466494
-0.09184788
-0.09793642
-0.10287382
-0.10668211
-0.10945219
-0.11132252
-0.11244993
-0.11297781
-0.11300733
-0.11257701
-0.11165426
-0.11014062
-0.10788974
-0.10473493
-0.10052124
-0.09513644
-0.08853517
-0.08075231
-0.07190315
-0.06217080
-0.05178326
-0.04098481
-0.03000670
-0.01904270
-0.00823333
0.00233878
0.01264249
0.02268275
0.03247999
0.04204879
0.05138037
0.06043224
0.06912672
0.07735808
0.08500624
0.09195357
0.09810090
0.10337902
0.10775340
0.11122100
0.11380044
0.11551791
0.11639245
0.11642428
0.11558927
0.11384135
0.11112265
0.10737965
0.10258193
0.09673942
0.08991407
0.08222306
0.07383178
0.06493741
0.05574552
0.04644377
0.03717761
0.02803262
0.01902723
0.01011752
0.00121386
-0.00779347
-0.01700381
-0.02647645
-0.03620696
-0.04611414
-0.05604024
-0.06576458
-0.07502883
-0.08356953
-0.09115254
-0.09760344
-0.10282879
-0.10682445
-0.10966961
-0.11150749
-0.11251608
-0.11287385
-0.11272648
-0.11216002
-0.11118532
-0.10973611
-0.10768115
-0.10484817
-0.10105564
-0.09614681
-0.09002042
-0.08265289
-0.07410856
-0.06453633
-0.05415362
-0.04322058
-0.03200901
-0.02077125
-0.00971404
0.00101845
0.01135043
0.02126854
0.03080618
0.04002138
0.04897259
0.05769676
0.06619360
0.07441828
0.08228321
0.08966800
0.09643483
0.10244594
0.10757973
0.11174250
0.11487402
0.11694672
0.11795939
0.11792799
0.11687594
0.11482687
0.11180154
0.10781972
0.10290626
0.09709965
0.09046022
0.08307541
0.07505981
0.06654904
0.05768779
0.04861412
0.03944291
0.03025216
0.02107541
0.01190255
0.00268969
-0.00662321
-0.01608978
-0.02573415
-0.03553178
-0.04539843
-0.05518991
-0.06471335
-0.07374838
-0.08207465
-0.08950078
-0.09588931
-0.10117285
-0.10535836
-0.10851853
-0.11077194
-0.11225560
-0.11309510
-0.11337819
-0.11313653
-0.11233930
-0.11089948
-0.10869160
-0.10557737
-0.10143405
-0.09618040
-0.08979514
-0.08232497
-0.07388100
-0.06462477
-0.05474726
-0.04444509
-0.03389868
-0.02325637
-0.01262693
-0.00208106
0.00833950
0.01860814
0.02869846
0.03857200
0.04817130
0.05741954
0.06622655
0.07449898
0.08215197
0.08911889
0.09535664
0.10084481
0.10557898
0.10955952
0.11277891
0.11521087
0.11680446
0.11748520
0.11716394
0.11575220
0.11318116
0.10942067
0.10449397
0.09848480
0.09153469
0.08383015
0.07558156
0.06699714
0.05825660
0.04948917
0.04076016
0.03206865
0.02335691
0.01453012
0.00548295
-0.00387155
-0.01357580
-0.02360874
-0.03387755
-0.04422120
-0.05442540
-0.06424635
-0.07343939
-0.08178784
-0.08912748
-0.09536283
-0.10047308
-0.10450677
-0.10756660
-0.10978698
-0.11130791
-0.11224945
-0.11269066
-0.11265600
-0.11211118
-0.11096879
-0.10910271
-0.10636898
-0.10262978
-0.09777719
-0.09175295
-0.08456157
-0.07627498
-0.06702799
-0.05700571
-0.04642464
-0.03551060
-0.02447670
-0.01350472
-0.00273252
0.00775096
0.01790263
0.02771535
0.03720320
0.04638488
0.05526838
0.06383958
0.07205679
0.07985163
0.08713574
0.09381141
0.09978341
0.10496946
0.10930685
0.11275396
0.11528667
0.11689094
0.11755386
0.11725605
0.11596812
0.11365289
0.11027371
0.10580786
0.10026202
0.09368635
0.08618326
0.07790761
0.06905690
0.05985171
0.05050925
0.04121425
0.03209303
0.02319609
0.01449346
0.00588520
-0.00277411
-0.01164020
-0.02083948
-0.03043221
-0.04038576
-0.05056369
-0.06073356
-0.07059309
-0.07981044
-0.08807190
-0.09512810
-0.10083046
-0.10515065
-0.10817927
-0.11010364
-0.11116868
-0.11162793
-0.11169388
-0.11149687
-0.11106012
-0.11029558
-0.10902126
-0.10699643
-0.10396815
-0.09972009
-0.09411482
-0.08712162
-0.07882542
-0.06941567
-0.05915809
-0.04835525
-0.03730391
-0.02625708
-0.01539763
-0.00482752
0.00542656
0.01539373
0.02513075
0.03469163
0.04410168
0.05334106
0.06234054
0.07098938
0.07915254
0.08669256
0.09349054
0.09946149
0.10456056
0.10877918
0.11213273
0.11464304
0.11632071
0.11715185
0.11709305
0.11607631
0.11402327
0.11086582
0.10656853
0.10114762
0.09468180
0.08731194
0.07922852
0.07064896
0.06178853
0.05283055
0.04390159
0.03505684
0.02627872
0.01748941
0.00857528
-0.00058131
-0.01006844
-0.01991587
-0.03007620
-0.04041980
-0.05074432
-0.06079746
-0.07030867
-0.07902459
-0.08674168
-0.09333079
-0.09874938
-0.10303960
-0.10631293
-0.10872428
-0.11044017
-0.11160655
-0.11232169
-0.11261833
-0.11245805
-0.11173815
-0.11030965
-0.10800315
-0.10465807
-0.10015058
-0.09441585
-0.08746130
-0.07936923
-0.07028890
-0.06041967
-0.04998831
-0.03922414
-0.02833606
-0.01749464
-0.00682190
0.00361047
0.01377461
0.02367361
0.03332494
0.04274327
0.05192579
0.06084257
0.06943313
0.07760972
0.08526585
0.09228835
0.09857011
0.10402104
0.10857503
0.11219171
0.11485316
0.11655663
0.11730543
0.11710051
0.11593521
0.11379483
0.11066163
0.10652448
0.10139113
0.09530016
0.08832938
0.08059806
0.07226125
0.06349612
0.05448228
0.04537907
0.03630437
0.02731919
0.01842193
0.00955414
0.00061803
-0.00849699
-0.01788292
-0.02758274
-0.03756688
-0.04772143
-0.05785129
-0.06769850
-0.07697310
-0.08539175
-0.09271714
-0.09879120
-0.10355589
-0.10705745
-0.10943311
-0.11088228
-0.11162728
-0.11187068
-0.11175687
-0.11134488
-0.11059732
-0.10938739
-0.10752250
-0.10478015
-0.10094949
-0.09587101
-0.08946742
-0.08176054
-0.07287170
-0.06300635
-0.05242615
-0.04141424
-0.03024009
-0.01913001
-0.00824808
0.00231018
0.01251155
0.02236877
0.03191849
0.04119821
0.05022702
0.05899345
0.06745191
0.07552732
0.08312575
0.09014778
0.09650113
0.10210958
0.10691635
0.11088193
0.11397749
0.11617638
0.11744669
0.11774730
0.11702939
0.11524345
0.11235086
0.10833754
0.10322650
0.09708618
0.09003197
0.08221993
0.07383277
0.06506038
0.05607794
0.04702560
0.03799341
0.02901457
0.02006843
0.01109302
0.00200527
-0.00727461
-0.01679856
-0.02657032
-0.03653266
-0.04656464
-0.05648943
-0.06609145
-0.07514026
-0.08341726
-0.09074093
-0.09698683
-0.10209895
-0.10609098
-0.10903725
-0.11105502
-0.11228098
-0.11284566
-0.11285004
-0.11234786
-0.11133645
-0.10975757
-0.10750789
-0.10445761
-0.10047410
-0.09544677
-0.08930927
-0.08205544
-0.07374650
-0.06450837
-0.05451967
-0.04399239
-0.03314847
-0.02219622
-0.01131031
-0.00061861
0.00980224
0.01992230
0.02974581
0.03929376
0.04858468
0.05761761
0.06636044
0.07474558
0.08267359
0.09002379
0.09666920
0.10249273
0.10740110
0.11133356
0.11426392
0.11619564
0.11715156
0.11716102
0.11624761
0.11442102
0.11167505
0.10799281
0.10335806
0.09777032
0.09125980
0.08389850
0.07580392
0.06713345
0.05806950
0.04879759
0.03948124
0.03023888
0.02112768
0.01213847
0.00320371
-0.00578211
-0.01493268
-0.02433614
-0.03402378
-0.04394761
-0.05397176
-0.06388016
-0.07340004
-0.08223731
-0.09011799
-0.09682781
-0.10224273
-0.10634441
-0.10921747
-0.11102880
-0.11199252
-0.11232709
-0.11221250
-0.11175555
-0.11096966
-0.10977298
-0.10800498
-0.10545829
-0.10191972
-0.09721261
-0.09123278
-0.08397153
-0.07552173
-0.06606655
-0.05585337
-0.04515836
-0.03424868
-0.02334929
-0.01262036
-0.00214869
0.00804614
0.01799325
0.02774422
0.03734483
0.04681085
0.05611246
0.06517001
0.07386120
0.08203742
0.08954518
0.09624778
0.10204237
0.10686926
0.11071177
0.11358738
0.11553276
0.11658660
0.11677445
0.11609926
0.11453993
0.11205823
0.10861242
0.10417456
0.09874732
0.09237631
0.08515475
0.07721886
0.06873458
0.05987761
0.05081083
0.04166335
0.03251552
0.02339307
0.01427173
0.00509193
-0.00421918
-0.01372224
-0.02344164
-0.03334726
-0.04334576
-0.05328313
-0.06295831
-0.07214561
-0.08062219
-0.08819582
-0.09472816
-0.10014953
-0.10446275
-0.10773550
-0.11008251
-0.11164094
-0.11254302
-0.11289079
-0.11273716
-0.11207627
-0.11084487
-0.10893392
-0.10620862
-0.10253310
-0.09779569
-0.09193055
-0.08493224
-0.07686114
-0.06783907
-0.05803641
-0.04765315
-0.03689733
-0.02596441
-0.01502104
-0.00419534
0.00642520
0.01678877
0.02686886
0.03665115
0.04612046
0.05525047
0.06399807
0.07230296
0.08009209
0.08728735
0.09381436
0.09960994
0.10462644
0.10883173
0.11220517
0.11473047
0.11638783
0.11714748
0.11696714
0.11579472
0.11357656
0.11027011
0.10585866
0.10036505
0.09386088
0.08646859
0.07835481
0.06971512
0.06075221
0.05165095
0.04255484
0.03354842
0.02464945
0.01581299
0.00694735
-0.00206031
-0.01131312
-0.02087373
-0.03073961
-0.04082900
-0.05098085
-0.06096902
-0.07052883
-0.07939140
-0.08731976
-0.09414029
-0.09976389
-0.10419282
-0.10751228
-0.10986803
-0.11143438
-0.11237837
-0.11282675
-0.11284159
-0.11240903
-0.11144266
-0.10980082
-0.10731422
-0.10381853
-0.09918606
-0.09335076
-0.08632238
-0.07818792
-0.06910064
-0.05925957
-0.04888371
-0.03818598
-0.02735167
-0.01652478
-0.00580393
0.00475257
0.01511462
0.02526479
0.03518286
0.04483419
0.05416394
0.06309791
0.07154931
0.07942897
0.08665641
0.09316864
0.09892441
0.10390312
0.10809831
0.11150787
0.11412317
0.11592025
0.11685560
0.11686792
0.11588632
0.11384360
0.11069214
0.10641931
0.10105892
0.09469620
0.08746454
0.07953426
0.07109460
0.06233204
0.05340855
0.04444349
0.03550244
0.02659509
0.01768268
0.00869388
-0.00045342
-0.00982797
-0.01946281
-0.02933823
-0.03937312
-0.04942605
-0.05930614
-0.06879205
-0.07765615
-0.08569024
-0.09272883
-0.09866644
-0.10346630
-0.10715920
-0.10983265
-0.11161208
-0.11263696
-0.11303558
-0.11290228
-0.11228080
-0.11115622
-0.10945694
-0.10706637
-0.10384271
-0.09964377
-0.09435293
-0.08790244
-0.08029010
-0.07158692
-0.06193428
-0.05153124
-0.04061369
-0.02942896
-0.01820959
-0.00715059
0.00360636
0.01397946
0.02394349
0.03351744
0.04274572
0.05167652
0.06034119
0.06873825
0.07682486
0.08451667
0.09169587
0.09822544
0.10396649
0.10879541
0.11261750
0.11537483
0.11704718
0.11764681
0.11720853
0.11577801
0.11340117
0.11011717
0.10595657
0.10094482
0.09510997
0.08849228
0.08115277
0.07317819
0.06468014
0.05578798
0.04663619
0.03734859
0.02802279
0.01871834
0.00945179
0.00020048
-0.00908486
-0.01846041
-0.02796610
-0.03760321
-0.04731764
-0.05699261
-0.06645289
-0.07548088
-0.08384195
-0.09131509
-0.09772317
-0.10295729
-0.10699046
-0.10987762
-0.11174167
-0.11274773
-0.11307007
-0.11285771
-0.11220506
-0.11113298
-0.10958392
-0.10743220
-0.10450751
-0.10062762
-0.09563420
-0.08942536
-0.08197923
-0.07336425
-0.06373488
-0.05331349
-0.04236235
-0.03115067
-0.01992287
-0.00887340
0.00186770
0.01223689
0.02222728
0.03186971
0.04120926
0.05028178
0.05909545
0.06762019
0.07578664
0.08349385
0.09062328
0.09705556
0.10268608
0.10743595
0.11125649
0.11412662
0.11604465
0.11701716
0.11704811
0.11613167
0.11425072
0.11138201
0.10750699
0.10262565
0.09677012
0.09001408
0.08247512
0.07430826
0.06569100
0.05680208
0.04779782
0.03879071
0.02983503
0.02092282
0.01199218
0.00294690
-0.00631551
-0.01587231
-0.02574661
-0.03588675
-0.04615845
-0.05635205
-0.06620423
-0.07543098
-0.08376610
-0.09099854
-0.09700169
-0.10174909
-0.10531341
-0.10784857
-0.10955801
-0.11065460
-0.11131935
-0.11166641
-0.11172058
-0.11141146
-0.11058516
-0.10903155
-0.10652191
-0.10285039
-0.09787171
-0.09152877
-0.08386547
-0.07502300
-0.06522094
-0.05472697
-0.04382128
-0.03276197
-0.02175765
-0.01095148
-0.00041852
0.00982419
0.01979810
0.02953881
0.03907225
0.04839632
0.05747117
0.06621960
0.07453643
0.08230412
0.08941053
0.09576447
0.10130546
0.10600572
0.10986401
0.11289338
0.11510581
0.11649806
0.11704233
0.11668466
0.11535194
0.11296671
0.10946674
0.10482547
0.09906846
0.09228221
0.08461240
0.07625128
0.06741576
0.05831980
0.04914628
0.04002339
0.03101045
0.02209595
0.01320878
0.00424087
-0.00492259
-0.01437072
-0.02413818
-0.03418543
-0.04439169
-0.05456234
-0.06444940
-0.07378207
-0.08230182
-0.08979621
-0.09612570
-0.10123869
-0.10517255
-0.10804033
-0.11000575
-0.11125067
-0.11194063
-0.11219442
-0.11206247
-0.11151782
-0.11046079
-0.10873640
-0.10616159
-0.10255747
-0.09778131
-0.09175325
-0.08447335
-0.07602673
-0.06657614
-0.05634365
-0.04558459
-0.03455819
-0.02349953
-0.01259720
-0.00197976
0.00828741
0.01819496
0.02777408
0.03707582
0.04614895
0.05502037
0.06368117
0.07208047
0.08012746
0.08770077
0.09466295
0.10087705
0.10622199
0.11060418
0.11396336
0.11627229
0.11753092
0.11775720
0.11697680
0.11521471
0.11249061
0.10881939
0.10421651
0.09870683
0.09233460
0.08517148
0.07732019
0.06891183
0.06009633
0.05102729
0.04184363
0.03265171
0.02351185
0.01443260
0.00537486
-0.00373388
-0.01297704
-0.02242190
-0.03209301
-0.04195131
-0.05188364
-0.06170544
-0.07117724
-0.08003284
-0.08801460
-0.09490968
-0.10058070
-0.10498469
-0.10817660
-0.11029580
-0.11153786
-0.11211600
-0.11221934
-0.11197536
-0.11142371
-0.11050628
-0.10907586
-0.10692183
-0.10380864
-0.09952009
-0.09390152
-0.08689231
-0.07854298
-0.06901390
-0.05855618
-0.04747833
-0.03610504
-0.02473545
-0.01360819
-0.00287915
0.00738500
0.01719729
0.02662772
0.03577253
0.04472173
0.05353112
0.06220375
0.07068359
0.07886154
0.08659139
0.09371184
0.10006929
0.10553693
0.11002653
0.11349126
0.11592017
0.11732668
0.11773455
0.11716540
0.11563088
0.11313157
0.10966264
0.10522466
0.09983657
0.09354720
0.08644185
0.07864179
0.07029569
0.06156443
0.05260177
0.04353493
0.03444912
0.02537944
0.01631237
0.00719689
-0.00203637
-0.01145143
-0.02108305
-0.03091736
-0.04088047
-0.05083778
-0.06060401
-0.06996259
-0.07869086
-0.08658687
-0.09349305
-0.09931285
-0.10401762
-0.10764287
-0.11027483
-0.11203001
-0.11303129
-0.11338482
-0.11316144
-0.11238539
-0.11103190
-0.10903347
-0.10629343
-0.10270417
-0.09816704
-0.09261063
-0.08600510
-0.07837043
-0.06977817
-0.06034680
-0.05023192
-0.03961301
-0.02867878
-0.01761304
-0.00658261
0.00427146
0.01483892
0.02504152
0.03483078
0.04418297
0.05309228
0.06156288
0.06960096
0.07720718
0.08437040
0.09106302
0.09723821
0.10282947
0.10775225
0.11190805
0.11519039
0.11749259
0.11871675
0.11878315
0.11763929
0.11526762
0.11169079
0.10697378
0.10122198
0.09457515
0.08719734
0.07926352
0.07094435
0.06239066
0.05371993
0.04500656
0.03627779
0.02751636
0.01866991
0.00966648
0.00043394
-0.00907913
-0.01888453
-0.02894050
-0.03914548
-0.04934103
-0.05932397
-0.06886644
-0.07774080
-0.08574579
-0.09272953
-0.09860551
-0.10335878
-0.10704113
-0.10975582
-0.11163450
-0.11281012
-0.11339066
-0.11343825
-0.11295734
-0.11189410
-0.11014698
-0.10758662
-0.10408125
-0.09952308
-0.09385079
-0.08706429
-0.07922914
-0.07047041
-0.06095726
-0.05088181
-0.04043625
-0.02979272
-0.01908947
-0.00842546
0.00213630
0.01255828
0.02281375
0.03287174
0.04268511
0.05218472
0.06128065
0.06987025
0.07785074
0.08513312
0.09165393
0.09738169
0.10231614
0.10648012
0.10990573
0.11261769
0.11461802
0.11587562
0.11632397
0.11586798
0.11439959
0.11181937
0.10806001
0.10310702
0.09701213
0.08989607
0.08193959
0.07336346
0.06440090
0.05526697
0.04613057
0.03709423
0.02818551
0.01936182
0.01052808
0.00156405
-0.00764334
-0.01716846
-0.02702184
-0.03713597
-0.04736440
-0.05749442
-0.06727103
-0.07642814
-0.08472163
-0.09195879
-0.09801950
-0.10286579
-0.10653884
-0.10914414
-0.11082785
-0.11174847
-0.11204849
-0.11183054
-0.11114152
-0.10996690
-0.10823530
-0.10583242
-0.10262155
-0.09846738
-0.09325941
-0.08693170
-0.07947641
-0.07094951
-0.06146851
-0.05120277
-0.04035829
-0.02915923
-0.01782855
-0.00657048
0.00444325
0.01508198
0.02525870
0.03492681
0.04407179
0.05269938
0.06082184
0.06844460
0.07555489
0.08211414
0.08805511
0.09328402
0.09768745
0.10114301
0.10353208
0.10475319
0.10473380
0.10343938
0.10087821
0.09710189
0.09220136
0.08629937
0.07954066
0.07208118
0.06407788
0.05568037
0.04702508
0.03823257
0.02940759
0.02064155
0.01201647
0.00360956
-0.00450263
-0.01224102
-0.01952252
-0.02626030
-0.03236596
-0.03775327
-0.04234300
-0.04606852
-0.04888136
-0.05075620
-0.05169474
-0.05172777
-0.05091522
-0.04934377
-0.04712213
-0.04437431
-0.04123141
-0.03782278
-0.03426769
-0.03066841
-0.02710559
-0.02363676
-0.02029776
-0.01710702
-0.01407169
-0.01119458
-0.00848042
-0.00594038
-0.00359396
-0.00146783
0.00040805
0.00200604
0.00330711
0.00430620
0.00501541
0.00546421
0.00569632
0.00576397
0.00572030
0.00561171
0.00547157
0.00531667
0.00514716
0.00495009
0.00470569
0.00439506
0.00400764
0.00354655
0.00303070
0.00249290
0.00197437
0.00151665
0.00130792
