0.00066067
0.00085658
0.00102139
0.00114479
0.00122246
0.00125645
0.00125443
0.00122793
0.00119002
0.00115288
0.00112571
0.00111346
0.00111652
0.00113137
0.00115201
0.00117180
0.00118523
0.00118922
0.00118376
0.00117162
0.00115739
0.00114605
0.00114151
0.00114540
0.00115659
0.00117148
0.00118498
0.00119202
0.00118920
0.00117600
0.00115536
0.00113329
0.00111746
0.00111512
0.00113059
0.00116303
0.00120485
0.00124134
0.00125168
0.00121125
0.00109491
0.00088089
0.00055429
0.00010988
-0.00044651
-0.00109826
-0.00181985
-0.00257999
-0.00334563
-0.00408590
-0.00477557
-0.00539726
-0.00594225
-0.00640968
-0.00680457
-0.00713496
-0.00740888
-0.00763172
-0.00780438
-0.00792269
-0.00797792
-0.00795831
-0.00785121
-0.00764534
-0.00733273
-0.00690998
-0.00637861
-0.00574465
-0.00501749
-0.00420843
-0.00332927
-0.00239124
-0.00140452
-0.00037831
0.00067853
0.00175654
0.00284487
0.00393064
0.00499893
0.00603335
0.00701716
0.00793467
0.00877278
0.00952213
0.01017777
0.01073911
0.01120914
0.01159308
0.01189663
0.01212436
0.01227832
0.01235727
0.01235674
0.01226971
0.01208799
0.01180385
0.01141168
0.01090938
0.01029908
0.00958729
0.00878426
0.00790287
0.00695711
0.00596062
0.00492541
0.00386104
0.00277444
0.00167021
0.00055151
-0.00057891
-0.00171749
-0.00285894
-0.00399557
-0.00511716
-0.00621125
-0.00726383
-0.00826032
-0.00918664
-0.01003011
-0.01078028
-0.01142936
-0.01197230
-0.01240665
-0.01273210
-0.01294993
-0.01306245
-0.01307241
-0.01298264
-0.01279578
-0.01251417
-0.01213986
-0.01167483
-0.01112110
-0.01048100
-0.00975738
-0.00895383
-0.00807479
-0.00712572
-0.00611317
-0.00504477
-0.00392928
-0.00277646
-0.00159697
-0.00040221
0.00079588
0.00198516
0.00315349
0.00428913
0.00538100
0.00641901
0.00739430
0.00829947
0.00912864
0.00987754
0.01054329
0.01112430
0.01161982
0.01202964
0.01235356
0.01259109
0.01274104
0.01280146
0.01276964
0.01264241
0.01241660
0.01208964
0.01166026
0.01112905
0.01049900
0.00977563
0.00896692
0.00808288
0.00713486
0.00613471
0.00509388
0.00402263
0.00292954
0.00182133
0.00070302
-0.00042151
-0.00154873
-0.00267458
-0.00379365
-0.00489863
-0.00598000
-0.00702623
-0.00802428
-0.00896049
-0.00982152
-0.01059539
-0.01127230
-0.01184512
-0.01230960
-0.01266417
-0.01290940
-0.01304735
-0.01308084
-0.01301278
-0.01284574
-0.01258180
-0.01222260
-0.01176966
-0.01122478
-0.01059042
-0.00987011
-0.00906857
-0.00819172
-0.00724653
-0.00624073
-0.00518256
-0.00408053
-0.00294328
-0.00177964
-0.00059874
0.00058975
0.00177548
0.00294736
0.00409360
0.00520210
0.00626089
0.00725877
0.00818600
0.00903478
0.00979967
0.01047763
0.01106777
0.01157081
0.01198831
0.01232187
0.01257231
0.01273916
0.01282034
0.01281231
0.01271052
0.01251016
0.01220711
0.01179881
0.01128511
0.01066871
0.00995536
0.00915356
0.00827399
0.00732868
0.00632999
0.00528971
0.00421830
0.00312442
0.00201479
0.00089448
-0.00023258
-0.00136282
-0.00249222
-0.00361554
-0.00472575
-0.00581378
-0.00686855
-0.00787744
-0.00882690
-0.00970341
-0.01049438
-0.01118899
-0.01177894
-0.01225877
-0.01262597
-0.01288072
-0.01302536
-0.01306369
-0.01300018
-0.01283932
-0.01258502
-0.01224032
-0.01180737
-0.01128762
-0.01068226
-0.00999271
-0.00922122
-0.00837126
-0.00744783
-0.00645758
-0.00540867
-0.00431050
-0.00317338
-0.00200811
-0.00082564
0.00036313
0.00154752
0.00271706
0.00386148
0.00497062
0.00603452
0.00704351
0.00798845
0.00886109
0.00965444
0.01036311
0.01098345
0.01151360
0.01195326
0.01230316
0.01256451
0.01273827
0.01282460
0.01282244
0.01272944
0.01254223
0.01225702
0.01187050
0.01138072
0.01078807
0.01009589
0.00931074
0.00844221
0.00750233
0.00650454
0.00546250
0.00438894
0.00329466
0.00218794
0.00107450
-0.00004217
-0.00115989
-0.00227673
-0.00338979
-0.00449421
-0.00558246
-0.00664421
-0.00766659
-0.00863508
-0.00953461
-0.01035085
-0.01107144
-0.01168690
-0.01219121
-0.01258179
-0.01285916
-0.01302612
-0.01308681
-0.01304577
-0.01290709
-0.01267390
-0.01234825
-0.01193126
-0.01142362
-0.01082620
-0.01014073
-0.00937031
-0.00851973
-0.00759555
-0.00660588
-0.00556003
-0.00446798
-0.00333999
-0.00218617
-0.00101629
0.00016020
0.00133411
0.00249624
0.00363721
0.00474732
0.00581658
0.00683490
0.00779252
0.00868040
0.00949076
0.01021747
0.01085628
0.01140480
0.01186230
0.01222915
0.01250631
0.01269457
0.01279410
0.01280403
0.01272241
0.01254647
0.01227307
0.01189951
0.01142433
0.01084803
0.01017365
0.00940705
0.00855678
0.00763362
0.00664980
0.00561808
0.00455073
0.00345869
0.00235099
0.00123447
0.00011405
-0.00100681
-0.00212523
-0.00323797
-0.00434052
-0.00542632
-0.00648647
-0.00750969
-0.00848283
-0.00939168
-0.01022205
-0.01096091
-0.01159747
-0.01212393
-0.01253592
-0.01283242
-0.01301539
-0.01308892
-0.01305832
-0.01292914
-0.01270631
-0.01239359
-0.01199338
-0.01150685
-0.01093446
-0.01027660
-0.00953436
-0.00871021
-0.00780849
-0.00683561
-0.00579995
-0.00471154
-0.00358153
-0.00242158
-0.00124332
-0.00005792
0.00112412
0.00229302
0.00343958
0.00455495
0.00563044
0.00665742
0.00762726
0.00853160
0.00936258
0.01011330
0.01077812
0.01135295
0.01183528
0.01222407
0.01251932
0.01272165
0.01283170
0.01284964
0.01277494
0.01260625
0.01234172
0.01197949
0.01151836
0.01095855
0.01030231
0.00955433
0.00872187
0.00781443
0.00684320
0.00582022
0.00475744
0.00366591
0.00255513
0.00143272
0.00030455
-0.00082487
-0.00195164
-0.00307165
-0.00417975
-0.00526911
-0.00633089
-0.00735436
-0.00832725
-0.00923654
-0.01006941
-0.01081415
-0.01146102
-0.01200286
-0.01243530
-0.01275669
-0.01296771
-0.01307067
-0.01306889
-0.01296591
-0.01276504
-0.01246903
-0.01208001
-0.01159972
-0.01102984
-0.01037249
-0.00963064
-0.00880846
-0.00791151
-0.00694677
-0.00592244
-0.00484767
-0.00373226
-0.00258629
-0.00141992
-0.00024318
0.00093404
0.00210198
0.00325094
0.00437124
0.00545324
0.00648745
0.00746473
0.00837659
0.00921551
0.00997518
0.01065074
0.01123879
0.01173724
0.01214508
0.01246196
0.01268770
0.01282196
0.01286385
0.01281192
0.01266420
0.01241858
0.01207331
0.01162760
0.01108220
0.01043990
0.00970577
0.00888715
0.00799338
0.00703522
0.00602416
0.00497159
0.00388812
0.00278305
0.00166404
0.00053722
-0.00059249
-0.00172081
-0.00284332
-0.00395479
-0.00504857
-0.00611622
-0.00714754
-0.00813080
-0.00905341
-0.00990268
-0.01066674
-0.01133534
-0.01190055
-0.01235708
-0.01270236
-0.01293628
-0.01306068
-0.01307870
-0.01299407
-0.01281053
-0.01253140
-0.01215938
-0.01169662
-0.01114499
-0.01050648
-0.00978364
-0.00898001
-0.00810039
-0.00715095
-0.00613922
-0.00507386
-0.00396441
-0.00282095
-0.00165382
-0.00047343
0.00070989
0.00188588
0.00304437
0.00417528
0.00526862
0.00631467
0.00730414
0.00822848
0.00908022
0.00985318
0.01054267
0.01114552
0.01165987
0.01208485
0.01242011
0.01266534
0.01281980
0.01288202
0.01284978
0.01272028
0.01249060
0.01215834
0.01172234
0.01118338
0.01054465
0.00981202
0.00899390
0.00810083
0.00714469
0.00613782
0.00509209
0.00401805
0.00292438
0.00181772
0.00070283
-0.00041687
-0.00153846
-0.00265858
-0.00377259
-0.00487385
-0.00595342
-0.00700007
-0.00800079
-0.00894159
-0.00980851
-0.01058872
-0.01127148
-0.01184885
-0.01231605
-0.01267138
-0.01291585
-0.01305238
-0.01308503
-0.01301804
-0.01285517
-0.01259922
-0.01225189
-0.01181395
-0.01128577
-0.01066789
-0.00996174
-0.00917022
-0.00829808
-0.00735209
-0.00634089
-0.00527459
-0.00416427
-0.00302132
-0.00185698
-0.00068188
0.00049411
0.00166190
0.00281295
0.00393905
0.00503197
0.00608329
0.00708435
0.00802636
0.00890076
0.00969962
0.01041609
0.01104478
0.01158196
0.01202556
0.01237489
0.01263018
0.01279202
0.01286082
0.01283631
0.01271742
0.01250234
0.01218899
0.01177565
0.01126176
0.01064870
0.00994040
0.00914357
0.00826757
0.00732392
0.00632535
0.00528477
0.00421416
0.00312367
0.00202105
0.00091158
-0.00020154
-0.00131635
-0.00243100
-0.00354257
-0.00464604
-0.00573354
-0.00679422
-0.00781454
-0.00877919
-0.00967229
-0.01047881
-0.01118595
-0.01178415
-0.01226775
-0.01263501
-0.01288767
-0.01303001
-0.01306771
-0.01300663
-0.01285181
-0.01260678
-0.01227333
-0.01185176
-0.01134148
-0.01074187
-0.01005323
-0.00927754
-0.00841902
-0.00748430
-0.00648219
-0.00542322
-0.00431891
-0.00318104
-0.00202101
-0.00084936
0.00032434
0.00149138
0.00264367
0.00377327
0.00487206
0.00593147
0.00694246
0.00789576
0.00878223
0.00959344
0.01032217
0.01096283
0.01151170
0.01196684
0.01232778
0.01259502
0.01276939
0.01285147
0.01284116
0.01273747
0.01253872
0.01224288
0.01184827
0.01135426
0.01076199
0.01007491
0.00929899
0.00844260
0.00751609
0.00653103
0.00549933
0.00443238
0.00334027
0.00223136
0.00111218
-0.00001236
-0.00113833
-0.00226205
-0.00337921
-0.00448411
-0.00556915
-0.00662465
-0.00763901
-0.00859929
-0.00949203
-0.01030422
-0.01102427
-0.01164287
-0.01215345
-0.01255249
-0.01283927
-0.01301543
-0.01308425
-0.01304985
-0.01291642
-0.01268765
-0.01236634
-0.01195441
-0.01145311
-0.01086350
-0.01018700
-0.00942600
-0.00858434
-0.00766762
-0.00668319
-0.00564004
-0.00454837
-0.00341910
-0.00226337
-0.00109209
0.00008437
0.00125633
0.00241470
0.00355086
0.00465641
0.00572296
0.00674204
0.00770512
0.00860380
0.00943016
0.01017714
0.01083886
0.01141093
0.01189047
0.01227602
0.01256716
0.01276406
0.01286696
0.01287571
0.01278950
0.01260687
0.01232600
0.01194520
0.01146366
0.01088217
0.01020379
0.00943418
0.00858169
0.00765699
0.00667231
0.00564056
0.00457421
0.00348435
0.00238002
0.00126787
0.00015238
-0.00096359
-0.00207782
-0.00318769
-0.00428906
-0.00537551
-0.00643792
-0.00746458
-0.00844174
-0.00935463
-0.01018866
-0.01093068
-0.01157010
-0.01209959
-0.01251542
-0.01281720
-0.01300727
-0.01308982
-0.01306981
-0.01295205
-0.01274043
-0.01243763
-0.01204503
-0.01156316
-0.01099227
-0.01033307
-0.00958738
-0.00875872
-0.00785249
-0.00687604
-0.00583835
-0.00474960
-0.00362068
-0.00246270
-0.00128661
-0.00010300
0.00107793
0.00224634
0.00339259
0.00450715
0.00558064
0.00660388
0.00756821
0.00846575
0.00928975
0.01003485
0.01069720
0.01127432
0.01176484
0.01216801
0.01248323
0.01270948
0.01284499
0.01288711
0.01283244
0.01267730
0.01241835
0.01205336
0.01158199
0.01100636
0.01033137
0.00956468
0.00871629
0.00779789
0.00682189
0.00580049
0.00474481
0.00366423
0.00256611
0.00145586
0.00033741
-0.00078609
-0.00191138
-0.00303422
-0.00414869
-0.00524676
-0.00631820
-0.00735092
-0.00833157
-0.00924643
-0.01008240
-0.01082789
-0.01147361
-0.01201302
-0.01244246
-0.01276097
-0.01296983
-0.01307186
-0.01307067
-0.01297005
-0.01277336
-0.01248325
-0.01210166
-0.01162994
-0.01106931
-0.01042127
-0.00968819
-0.00887362
-0.00798264
-0.00702188
-0.00599942
-0.00492457
-0.00380744
-0.00265861
-0.00148873
-0.00030835
0.00087228
0.00204320
0.00319469
0.00431721
0.00540132
0.00643772
0.00741741
0.00833194
0.00917367
0.00993617
0.01061441
0.01120493
0.01170576
0.01211617
0.01243625
0.01266634
0.01280656
0.01285628
0.01281397
0.01267719
0.01244295
0.01210831
0.01167119
0.01113114
0.01049015
0.00975304
0.00892760
0.00802428
0.00705553
0.00603478
0.00497535
0.00388936
0.00278691
0.00167563
0.00056065
-0.00055491
-0.00166903
-0.00277972
-0.00388388
-0.00497631
-0.00604909
-0.00709146
-0.00809020
-0.00903048
-0.00989702
-0.01067547
-0.01135361
-0.01192237
-0.01237636
-0.01271394
-0.01293680
-0.01304910
-0.01305646
-0.01296481
-0.01277945
-0.01250437
-0.01214201
-0.01169336
-0.01115848
-0.01053720
-0.00982993
-0.00903841
-0.00816630
-0.00721937
-0.00620555
-0.00513457
-0.00401745
-0.00286598
-0.00169205
-0.00050728
0.00067733
0.00185146
0.00300549
0.00413029
0.00521713
0.00625755
0.00724333
0.00816666
0.00902031
0.00979786
0.01049400
0.01110462
0.01162687
0.01205897
0.01239995
0.01264927
0.01280638
0.01287042
0.01284002
0.01271333
0.01248826
0.01216294
0.01173634
0.01120885
0.01058282
0.00986297
0.00905645
0.00817259
0.00722244
0.00621799
0.00517136
0.00409390
0.00299556
0.00188441
0.00076660
-0.00035338
-0.00147213
-0.00258655
-0.00369293
-0.00478616
-0.00585914
-0.00690254
-0.00790490
-0.00885314
-0.00973341
-0.01053204
-0.01123668
-0.01183717
-0.01232627
-0.01269993
-0.01295730
-0.01310022
-0.01313259
-0.01305941
-0.01288598
-0.01261715
-0.01225681
-0.01180775
-0.01127186
-0.01065048
-0.00994509
-0.00915795
-0.00829263
-0.00735449
-0.00635077
-0.00529046
-0.00418399
-0.00304267
-0.00187813
-0.00070177
0.00047558
0.00164393
0.00279411
0.00391763
0.00500647
0.00605281
0.00704886
0.00798684
0.00885910
0.00965832
0.01037790
0.01101227
0.01155709
0.01200939
0.01236749
0.01263066
0.01279878
0.01287188
0.01284976
0.01273177
0.01251686
0.01220377
0.01179159
0.01128032
0.01067159
0.00996909
0.00917896
0.00830967
0.00737170
0.00637686
0.00533736
0.00426494
0.00317002
0.00206113
0.00094472
-0.00017458
-0.00129343
-0.00240888
-0.00351740
-0.00461401
-0.00569160
-0.00674067
-0.00774950
-0.00870472
-0.00959226
-0.01039845
-0.01111116
-0.01172068
-0.01222043
-0.01260709
-0.01288041
-0.01304263
-0.01309768
-0.01305022
-0.01290481
-0.01266528
-0.01233444
-0.01191399
-0.01140491
-0.01080795
-0.01012426
-0.00935600
-0.00850683
-0.00758217
-0.00658922
-0.00553681
-0.00443502
-0.00329478
-0.00212737
-0.00094409
0.00024400
0.00142625
0.00259244
0.00373274
0.00483772
0.00589832
0.00690591
0.00785248
0.00873080
0.00953460
0.01025878
0.01089939
0.01145363
0.01191961
0.01229603
0.01258186
0.01277594
0.01287675
0.01288232
0.01279035
0.01259846
0.01230474
0.01190825
0.01140963
0.01081152
0.01011885
0.00933882
0.00848065
0.00755499
0.00657325
0.00554681
0.00448621
0.00340066
0.00229766
0.00118303
0.00006121
-0.00106410
-0.00218925
-0.00330980
-0.00441984
-0.00551149
-0.00657478
-0.00759782
-0.00856736
-0.00946958
-0.01029103
-0.01101967
-0.01164565
-0.01216193
-0.01256457
-0.01285260
-0.01302762
-0.01309313
-0.01305376
-0.01291442
-0.01267967
-0.01235327
-0.01193799
-0.01143577
-0.01084805
-0.01017629
-0.00942254
-0.00858997
-0.00768322
-0.00670861
-0.00567404
-0.00458884
-0.00346332
-0.00230838
-0.00113512
0.00004555
0.00122304
0.00238724
0.00352848
0.00463747
0.00570524
0.00672314
0.00768290
0.00857681
0.00939793
0.01014033
0.01079922
0.01137109
0.01185356
0.01224523
0.01254526
0.01275302
0.01286769
0.01288801
0.01281222
0.01263816
0.01236374
0.01198744
0.01150899
0.01092995
0.01025419
0.00948807
0.00864029
0.00772146
0.00674339
0.00571817
0.00465727
0.00357083
0.00246716
0.00135256
0.00023168
-0.00089197
-0.00201514
-0.00313390
-0.00424290
-0.00533470
-0.00639962
-0.00742591
-0.00840034
-0.00930908
-0.01013877
-0.01087751
-0.01151574
-0.01204681
-0.01246713
-0.01277596
-0.01297487
-0.01306699
-0.01305618
-0.01294628
-0.01274058
-0.01244154
-0.01205079
-0.01156950
-0.01099880
-0.01034035
-0.00959686
-0.00877245
-0.00787283
-0.00690526
-0.00587825
-0.00480129
-0.00368434
-0.00253754
-0.00137092
-0.00019428
0.00098279
0.00215080
0.00330020
0.00442130
0.00550426
0.00653921
0.00751657
0.00842742
0.00926390
0.01001960
0.01068980
0.01127146
0.01176309
0.01216432
0.01247532
0.01269625
0.01282673
0.01286548
0.01281024
0.01265804
0.01240569
0.01205051
0.01159118
0.01102849
0.01036588
0.00960974
0.00876921
0.00785563
0.00688176
0.00586064
0.00480460
0.00372430
0.00262818
0.00152229
0.00041054
-0.00070456
-0.00182093
-0.00293583
-0.00404486
-0.00514119
-0.00621527
-0.00725494
-0.00824614
-0.00917387
-0.01002343
-0.01078169
-0.01143814
-0.01198560
-0.01242049
-0.01274256
-0.01295429
-0.01305987
-0.01306419
-0.01297184
-0.01278633
-0.01250980
-0.01214299
-0.01168567
-0.01113737
-0.01049820
-0.00976958
-0.00895493
-0.00805988
-0.00709230
-0.00606193
-0.00497979
-0.00385748
-0.00270657
-0.00153807
-0.00036212
0.00081195
0.00197551
0.00312026
0.00423790
0.00531987
0.00635728
0.00734105
0.00826222
0.00911250
0.00988466
0.01057306
0.01117376
0.01168456
0.01210463
0.01243400
0.01267289
0.01282113
0.01287766
0.01284038
0.01270631
0.01247210
0.01213480
0.01169275
0.01114643
0.01049908
0.00975698
0.00892931
0.00802756
0.00706459
0.00605354
0.00500670
0.00393460
0.00284541
0.00174487
0.00063662
-0.00047703
-0.00159406
-0.00271165
-0.00382522
-0.00492775
-0.00600953
-0.00705844
-0.00806058
-0.00900128
-0.00986623
-0.01064261
-0.01131999
-0.01189090
-0.01235104
-0.01269905
-0.01293596
-0.01306449
-0.01308825
-0.01301098
-0.01283608
-0.01256632
-0.01220381
-0.01175024
-0.01120729
-0.01057701
-0.00986223
-0.00906689
-0.00819613
-0.00725631
-0.00625488
-0.00520013
-0.00410101
-0.00296686
-0.00180731
-0.00063221
0.00054840
0.00172430
0.00288508
0.00402024
0.00511936
0.00617233
0.00716967
0.00810285
0.00896457
0.00974895
0.01045157
0.01106936
0.01160029
0.01204306
0.01239659
0.01265966
0.01283062
0.01290726
0.01288687
0.01276657
0.01254378
0.01221675
0.01178517
0.01125066
0.01061711
0.00989071
0.00907983
0.00819452
0.00724589
0.00624538
0.00520400
0.00413171
0.00303699
0.00192674
0.00080638
-0.00031968
-0.00144741
-0.00257249
-0.00368957
-0.00479180
-0.00587048
-0.00691514
-0.00791385
-0.00885384
-0.00972231
-0.01050731
-0.01119851
-0.01178785
-0.01226989
-0.01264189
-0.01290348
-0.01305624
-0.01310299
-0.01304712
-0.01289201
-0.01264060
-0.01229519
-0.01185755
-0.01132921
-0.01071185
-0.01000785
-0.00922068
-0.00835521
-0.00741783
-0.00641638
-0.00535987
-0.00425816
-0.00312153
-0.00196037
-0.00078492
0.00039486
0.00156924
0.00272863
0.00386348
0.00496420
0.00602116
0.00702491
0.00796641
0.00883746
0.00963108
0.01034184
0.01096598
0.01150142
0.01194744
0.01230422
0.01257224
0.01275166
0.01284181
0.01284095
0.01274627
0.01255428
0.01226139
0.01186481
0.01136336
0.01075827
0.01005370
0.00925684
0.00837769
0.00742834
0.00642211
0.00537237
0.00429158
0.00319040
0.00207720
0.00095804
-0.00016295
-0.00128290
-0.00239914
-0.00350826
-0.00460523
-0.00568277
-0.00673124
-0.00773882
-0.00869223
-0.00957760
-0.01038162
-0.01109252
-0.01170097
-0.01220059
-0.01258811
-0.01286315
-0.01302769
-0.01308527
-0.01304024
-0.01289695
-0.01265922
-0.01232999
-0.01191133
-0.01140468
-0.01081123
-0.01013247
-0.00937071
-0.00852950
-0.00761390
-0.00663057
-0.00558769
-0.00449466
-0.00336187
-0.00220024
-0.00102094
0.00016489
0.00134632
0.00251278
0.00365409
0.00476051
0.00582284
0.00683243
0.00778135
0.00866254
0.00946991
0.01019847
0.01084435
0.01140468
0.01187744
0.01226121
0.01255477
0.01275685
0.01286588
0.01287984
0.01279638
0.01261301
0.01232756
0.01193871
0.01144654
0.01085303
0.01016247
0.00938152
0.00851910
0.00758595
0.00659398
0.00555549
0.00448234
0.00338521
0.00227309
0.00115311
0.00003059
-0.00109043
-0.00220658
-0.00331427
-0.00440890
-0.00548423
-0.00653194
-0.00754162
-0.00850117
-0.00939742
-0.01021710
-0.01094783
-0.01157912
-0.01210309
-0.01251495
-0.01281301
-0.01299839
-0.01307441
-0.01304569
-0.01291732
-0.01269408
-0.01237980
-0.01197720
-0.01148783
-0.01091253
-0.01025198
-0.00950738
-0.00868109
-0.00777719
-0.00680176
-0.00576287
-0.00467044
-0.00353574
-0.00237087
-0.00118821
0.00000011
0.00118260
0.00234860
0.00348836
0.00459300
0.00565436
0.00666491
0.00761765
0.00850608
0.00932426
0.01006692
0.01072951
0.01130833
0.01180045
0.01220359
0.01251595
0.01273593
0.01286191
0.01289206
0.01282435
0.01265666
0.01238716
0.01201474
0.01153956
0.01096355
0.01029081
0.00952775
0.00868300
0.00776697
0.00679122
0.00576767
0.00470775
0.00362166
0.00251788
0.00140302
0.00028193
-0.00084172
-0.00196469
-0.00308331
-0.00419260
-0.00528563
-0.00635320
-0.00738386
-0.00836443
-0.00928078
-0.01011888
-0.01086590
-0.01151121
-0.01204717
-0.01246948
-0.01277714
-0.01297205
-0.01305823
-0.01304090
-0.01292549
-0.01271686
-0.01241869
-0.01203330
-0.01156175
-0.01100430
-0.01036108
-0.00963287
-0.00882174
-0.00793167
-0.00696872
-0.00594107
-0.00485871
-0.00373294
-0.00257573
-0.00139917
-0.00021493
0.00096606
0.00213373
0.00327883
0.00439275
0.00546730
0.00649449
0.00746650
0.00837565
0.00921468
0.00997695
0.01065678
0.01124973
0.01175265
0.01216371
0.01248207
0.01270756
0.01284014
0.01287951
0.01282478
0.01267441
0.01242636
0.01207858
0.01162967
0.01107958
0.01043034
0.00968654
0.00885550
0.00794709
0.00697312
0.00594652
0.00488028
0.00378643
0.00267521
0.00155465
0.00043044
-0.00069358
-0.00181464
-0.00293007
-0.00403614
-0.00512722
-0.00619516
-0.00722924
-0.00821653
-0.00914273
-0.00999337
-0.01075501
-0.01141647
-0.01196966
-0.01241006
-0.01273665
-0.01295138
-0.01305830
-0.01306251
-0.01296910
-0.01278233
-0.01250508
-0.01213883
-0.01168391
-0.01114015
-0.01050764
-0.00978753
-0.00898268
-0.00809801
-0.00714056
-0.00611922
-0.00504426
-0.00392672
-0.00277783
-0.00160850
-0.00042914
0.00075046
0.00192096
0.00307322
0.00419806
0.00528614
0.00632793
0.00731399
0.00823531
0.00908385
0.00985292
0.01053762
0.01113485
0.01164324
0.01206268
0.01239373
0.01263689
0.01279200
0.01285780
0.01283178
0.01271043
0.01248980
0.01216632
0.01173769
0.01120382
0.01056736
0.00983409
0.00901270
0.00811432
0.00715157
0.00613754
0.00508476
0.00400421
0.00290483
0.00179334
0.00067448
-0.00044833
-0.00157214
-0.00269348
-0.00380751
-0.00490742
-0.00598412
-0.00702647
-0.00802172
-0.00895635
-0.00981702
-0.01059156
-0.01126977
-0.01184404
-0.01230952
-0.01266412
-0.01290809
-0.01304348
-0.01307342
-0.01300154
-0.01283136
-0.01256599
-0.01220798
-0.01175942
-0.01122214
-0.01059812
-0.00988984
-0.00910064
-0.00823501
-0.00729865
-0.00629860
-0.00524303
-0.00414114
-0.00300285
-0.00183865
-0.00065928
0.00052439
0.00170155
0.00286160
0.00399420
0.00508946
0.00613803
0.00713124
0.00806130
0.00892136
0.00970572
0.01040976
0.01102998
0.01156379
0.01200935
0.01236525
0.01263023
0.01280291
0.01288160
0.01286431
0.01274882
0.01253298
0.01221515
0.01179469
0.01127245
0.01065122
0.00993595
0.00913383
0.00825404
0.00730729
0.00630516
0.00525939
0.00418109
0.00308013
0.00196480
0.00084165
-0.00028423
-0.00140874
-0.00252807
-0.00363792
-0.00473278
-0.00580542
-0.00684665
-0.00784544
-0.00878935
-0.00966532
-0.01046055
-0.01116344
-0.01176443
-0.01225658
-0.01263587
-0.01290115
-0.01305369
-0.01309664
-0.01303428
-0.01287125
-0.01261201
-0.01226039
-0.01181954
-0.01129194
-0.01067978
-0.00998537
-0.00921157
-0.00836217
-0.00744217
-0.00645784
-0.00541671
-0.00432735
-0.00319917
-0.00204215
-0.00086665
0.00031676
0.00149742
0.00266457
0.00380750
0.00491560
0.00597856
0.00698666
0.00793103
0.00880401
0.00959938
0.01031254
0.01094044
0.01148140
0.01193472
0.01230014
0.01257736
0.01276552
0.01286293
0.01286700
0.01277451
0.01258200
0.01228653
0.01188639
0.01138179
0.01077543
0.01007267
0.00928150
0.00841206
0.00747594
0.00648529
0.00545189
0.00438641
0.00329781
0.00219321
0.00107799
-0.00004368
-0.00116816
-0.00229150
-0.00340867
-0.00451301
-0.00559591
-0.00664689
-0.00765397
-0.00860437
-0.00948532
-0.01028495
-0.01099305
-0.01160166
-0.01210533
-0.01250118
-0.01278854
-0.01296848
-0.01304326
-0.01301565
-0.01288848
-0.01266427
-0.01234510
-0.01193269
-0.01142864
-0.01083479
-0.01015358
-0.00938841
-0.00854390
-0.00762600
-0.00664198
-0.00560025
-0.00451016
-0.00338170
-0.00222526
-0.00105136
0.00012949
0.00130689
0.00247062
0.00361070
0.00471736
0.00578120
0.00679329
0.00774534
0.00862990
0.00944057
0.01017213
0.01082059
0.01138312
0.01185786
0.01224363
0.01253955
0.01274470
0.01285779
0.01287706
0.01280024
0.01262479
0.01234836
0.01196927
0.01148717
0.01090356
0.01022224
0.00944944
0.00859376
0.00766576
0.00667731
0.00564079
0.00456825
0.00347063
0.00235723
0.00123543
0.00011078
-0.00101256
-0.00213118
-0.00324157
-0.00433933
-0.00541844
-0.00647088
-0.00748658
-0.00845367
-0.00935912
-0.01018966
-0.01093269
-0.01157726
-0.01211482
-0.01253968
-0.01284917
-0.01304340
-0.01312479
-0.01309735
-0.01296595
-0.01273561
-0.01241096
-0.01199591
-0.01149363
-0.01090670
-0.01023749
-0.00948862
-0.00866335
-0.00776606
-0.00680236
-0.00577928
-0.00470510
-0.00358920
-0.00244173
-0.00127334
-0.00009490
0.00108276
0.00224899
0.00339346
0.00450619
0.00557772
0.00659910
0.00756210
0.00845931
0.00928430
0.01003168
0.01069720
0.01127767
0.01177079
0.01217492
0.01248879
0.01271116
0.01284064
0.01287548
0.01281364
0.01265299
0.01239160
0.01202827
0.01156302
0.01099751
0.01033543
0.00958261
0.00874694
0.00783804
0.00686674
0.00584441
0.00478226
0.00369072
0.00257897
0.00145474
0.00032432
-0.00080711
-0.00193498
-0.00305468
-0.00416094
-0.00524723
-0.00630547
-0.00732592
-0.00829744
-0.00920790
-0.01004500
-0.01079698
-0.01145349
-0.01200624
-0.01244948
-0.01278017
-0.01299787
-0.01310434
-0.01310293
-0.01299795
-0.01279395
-0.01249518
-0.01210525
-0.01162702
-0.01106274
-0.01041439
-0.00968415
-0.00887487
-0.00799055
-0.00703665
-0.00602017
-0.00494958
-0.00383463
-0.00268593
-0.00151455
-0.00033168
0.00085172
0.00202508
0.00317830
0.00430173
0.00538615
0.00642266
0.00740278
0.00831849
0.00916244
0.00992816
0.01061033
0.01120489
0.01170913
0.01212156
0.01244162
0.01266931
0.01280473
0.01284769
0.01279740
0.01265245
0.01241095
0.01207101
0.01163129
0.01109177
0.01045429
0.00972313
0.00890507
0.00800932
0.00704691
0.00603000
0.00497089
0.00388114
0.00277079
0.00164800
0.00051897
-0.00061172
-0.00174033
-0.00286317
-0.00397559
-0.00507128
-0.00614176
-0.00717640
-0.00816277
-0.00908742
-0.00993693
-0.01069895
-0.01136324
-0.01192234
-0.01237190
-0.01271055
-0.01293944
-0.01306141
-0.01308017
-0.01299939
-0.01282210
-0.01255038
-0.01218536
-0.01172759
-0.01117762
-0.01053666
-0.00980721
-0.00899348
-0.00810161
-0.00713956
-0.00611676
-0.00504359
-0.00393085
-0.00278921
-0.00162886
-0.00045942
0.00071008
0.00187096
0.00301464
0.00413237
0.00521513
0.00625366
0.00723873
0.00816150
0.00901398
0.00978946
0.01048279
0.01109051
0.01161063
0.01204231
0.01238526
0.01263916
0.01280316
0.01287550
0.01285348
0.01273372
0.01251265
0.01218730
0.01175608
0.01121951
0.01058077
0.00984591
0.00902366
0.00812495
0.00716210
0.00614783
0.00509438
0.00401262
0.00291158
0.00179826
0.00067780
-0.00044594
-0.00156964
-0.00268968
-0.00380133
-0.00489814
-0.00597168
-0.00701149
-0.00800557
-0.00894095
-0.00980458
-0.01058423
-0.01126930
-0.01185146
-0.01232502
-0.01268703
-0.01293703
-0.01307662
-0.01310888
-0.01303771
-0.01286723
-0.01260129
-0.01224325
-0.01179586
-0.01126138
-0.01064189
-0.00993965
-0.00915750
-0.00829922
-0.00736978
-0.00637552
-0.00532412
-0.00422449
-0.00308654
-0.00192093
-0.00073878
0.00044861
0.00162998
0.00279433
0.00393103
0.00503000
0.00608178
0.00707770
0.00800999
0.00887190
0.00965782
0.01036329
0.01098499
0.01152062
0.01196862
0.01232791
0.01259753
0.01277631
0.01286267
0.01285450
0.01274930
0.01254445
0.01223772
0.01182782
0.01131502
0.01070167
0.00999254
0.00919484
0.00831805
0.00737330
0.00637271
0.00532844
0.00425189
0.00315296
0.00203969
0.00091815
-0.00020721
-0.00133292
-0.00245570
-0.00357147
-0.00467459
-0.00575730
-0.00680954
-0.00781917
-0.00877260
-0.00965576
-0.01045511
-0.01115884
-0.01175766
-0.01224546
-0.01261944
-0.01287989
-0.01302956
-0.01307287
-0.01301490
-0.01286056
-0.01261390
-0.01227780
-0.01185391
-0.01134297
-0.01074540
-0.01006193
-0.00929430
-0.00844581
-0.00752162
-0.00652884
-0.00547638
-0.00437452
-0.00323451
-0.00206796
-0.00088647
0.00029875
0.00147704
0.00263835
0.00377316
0.00487246
0.00592758
0.00693027
0.00787273
0.00874775
0.00954894
0.01027088
0.01090927
0.01146093
0.01192371
0.01229619
0.01257742
0.01276654
0.01286247
0.01286376
0.01276860
0.01257501
0.01228124
0.01188626
0.01139037
0.01079563
0.01010623
0.00932859
0.00847118
0.00754409
0.00655842
0.00552552
0.00445623
0.00336031
0.00224603
0.00112014
-0.00001198
-0.00114577
-0.00227682
-0.00340017
-0.00450958
-0.00559715
-0.00665312
-0.00766602
-0.00862321
-0.00951164
-0.01031873
-0.01103328
-0.01164630
-0.01215151
-0.01254553
-0.01282781
-0.01300011
-0.01306585
-0.01302933
-0.01289497
-0.01266665
-0.01234739
-0.01193924
-0.01144347
-0.01086100
-0.01019295
-0.00944122
-0.00860904
-0.00770126
-0.00672449
-0.00568701
-0.00459848
-0.00346955
-0.00231135
-0.00113514
0.00004802
0.00122749
0.00239311
0.00353512
0.00464415
0.00571113
0.00672732
0.00768443
0.00857477
0.00939153
0.01012898
0.01078267
0.01134945
0.01182735
0.01221531
0.01251279
0.01271931
0.01283408
0.01285575
0.01278237
0.01261156
0.01234097
0.01196889
0.01149485
0.01092032
0.01024903
0.00948723
0.00864344
0.00772800
0.00675235
0.00572816
0.00466652
0.00357724
0.00246846
0.00134660
0.00021670
-0.00091704
-0.00205045
-0.00317860
-0.00429511
-0.00539174
-0.00645829
-0.00748290
-0.00845263
-0.00935428
-0.01017534
-0.01090482
-0.01153395
-0.01205657
-0.01246924
-0.01277102
-0.01296300
-0.01304772
-0.01302856
-0.01290915
-0.01269300
-0.01238325
-0.01198270
-0.01149387
-0.01091930
-0.01026175
-0.00952451
-0.00871151
-0.00782752
-0.00687810
-0.00586962
-0.00480927
-0.00370496
-0.00256539
-0.00139999
-0.00021897
0.00096676
0.00214573
0.00330607
0.00443591
0.00552372
0.00655876
0.00753156
0.00843418
0.00926046
0.01000604
0.01066812
0.01124518
0.01173646
0.01214146
0.01245944
0.01268908
0.01282829
0.01287427
0.01282372
0.01267334
0.01242036
0.01206309
0.01160155
0.01103777
0.01037606
0.00962294
0.00878693
0.00787803
0.00690719
0.00588564
0.00482425
0.00373306
0.00262091
0.00149530
0.00036254
-0.00077198
-0.00190332
-0.00302642
-0.00413554
-0.00522383
-0.00628301
-0.00730333
-0.00827373
-0.00918234
-0.01001708
-0.01076642
-0.01142018
-0.01197022
-0.01241088
-0.01273927
-0.01295512
-0.01306049
-0.01305912
-0.01295569
-0.01275514
-0.01246196
-0.01207978
-0.01161121
-0.01105796
-0.01042120
-0.00970217
-0.00890276
-0.00802611
-0.00707706
-0.00606239
-0.00499071
-0.00387229
-0.00271850
-0.00154137
-0.00035301
0.00083485
0.00201109
0.00316541
0.00428825
0.00537072
0.00640446
0.00738155
0.00829452
0.00913645
0.00990118
0.01058353
0.01117948
0.01168626
0.01210227
0.01242688
0.01265995
0.01280148
0.01285110
0.01280778
0.01266979
0.01243486
0.01210062
0.01166534
0.01112862
0.01049214
0.00976017
0.00893978
0.00804064
0.00707445
0.00605411
0.00499261
0.00390207
0.00279287
0.00167320
0.00054898
-0.00057576
-0.00169804
-0.00281501
-0.00392285
-0.00501594
-0.00608630
-0.00712347
-0.00811490
-0.00904675
-0.00990490
-0.01067621
-0.01134953
-0.01191654
-0.01237217
-0.01271460
-0.01294481
-0.01306589
-0.01308211
-0.01299808
-0.01281800
-0.01254522
-0.01218208
-0.01173010
-0.01119039
-0.01056415
-0.00985327
-0.00906076
-0.00819105
-0.00725009
-0.00624526
-0.00518511
-0.00407909
-0.00293723
-0.00176990
-0.00058762
0.00059896
0.00177915
0.00294220
0.00407740
0.00517421
0.00622251
0.00721290
0.00813706
0.00898805
0.00976048
0.01045057
0.01105599
0.01157554
0.01200868
0.01235500
0.01261377
0.01278355
0.01286209
0.01284638
0.01273304
0.01251882
0.01220126
0.01177935
0.01125408
0.01062877
0.00990918
0.00910329
0.00822087
0.00727281
0.00627042
0.00522466
0.00414562
0.00304207
0.00192138
0.00078965
-0.00034789
-0.00148635
-0.00262060
-0.00374463
-0.00485118
-0.00593146
-0.00697521
-0.00797094
-0.00890647
-0.00976960
-0.01054880
-0.01123395
-0.01181695
-0.01229204
-0.01265603
-0.01290816
-0.01304977
-0.01308380
-0.01301421
-0.01284534
-0.01258144
-0.01222626
-0.01178291
-0.01125384
-0.01064110
-0.00994671
-0.00917304
-0.00832330
-0.00740184
-0.00641445
-0.00536838
-0.00427231
-0.00313614
-0.00197071
-0.00078740
0.00040214
0.00158633
0.00275389
0.00389405
0.00499663
0.00605214
0.00705193
0.00798818
0.00885407
0.00964382
0.01035276
0.01097731
0.01151492
0.01196387
0.01232303
0.01259156
0.01276858
0.01285295
0.01284311
0.01273717
0.01253307
0.01222899
0.01182387
0.01131793
0.01071321
0.01001385
0.00922627
0.00835900
0.00742227
0.00642739
0.00538604
0.00430946
0.00320783
0.00208989
0.00096275
-0.00016792
-0.00129743
-0.00242143
-0.00353522
-0.00463306
-0.00570771
-0.00675020
-0.00774995
-0.00869517
-0.00957351
-0.01037286
-0.01108217
-0.01169220
-0.01219601
-0.01258926
-0.01287015
-0.01303915
-0.01309852
-0.01305171
-0.01290277
-0.01265585
-0.01231481
-0.01188309
-0.01136366
-0.01075926
-0.01007262
-0.00930682
-0.00846560
-0.00755360
-0.00657658
-0.00554145
-0.00445623
-0.00333000
-0.00217273
-0.00099503
0.00019194
0.00137680
0.00254810
0.00369457
0.00480536
0.00587027
0.00687999
0.00782635
0.00870243
0.00950266
0.01022285
0.01086001
0.01141218
0.01187807
0.01225672
0.01254715
0.01274804
0.01285758
0.01287340
0.01279274
0.01261280
0.01233112
0.01194620
0.01145796
0.01086826
0.01018117
0.00940303
0.00854232
0.00760926
0.00661519
0.00557192
0.00449098
0.00338299
0.00225726
0.00112156
-0.00001775
-0.00115537
-0.00228654
-0.00340633
-0.00450899
-0.00558750
-0.00663323
-0.00763600
-0.00858437
-0.00946629
-0.01026983
-0.01098406
-0.01159985
-0.01211041
-0.01251165
-0.01280218
-0.01298294
-0.01305671
-0.01302732
-0.01289899
-0.01267566
-0.01236059
-0.01195619
-0.01146413
-0.01088567
-0.01022217
-0.00947560
-0.00864907
-0.00774710
-0.00677585
-0.00574306
-0.00465778
-0.00353013
-0.00237085
-0.00119101
-0.00000175
0.00118593
0.00236120
0.00351341
0.00463219
0.00570747
0.00672963
0.00768979
0.00858007
0.00939392
0.01012634
0.01077393
0.01133486
0.01180849
0.01219492
0.01249443
0.01270688
0.01283124
0.01286541
0.01280626
0.01264997
0.01239272
0.01203149
0.01156486
0.01099376
0.01032192
0.00955599
0.00870526
0.00778102
0.00679569
0.00576186
0.00469134
0.00359448
0.00247976
0.00135381
0.00022174
-0.00091217
-0.00204371
-0.00316797
-0.00427867
-0.00536784
-0.00642577
-0.00744130
-0.00840243
-0.00929704
-0.01011369
-0.01084233
-0.01147480
-0.01200513
-0.01242954
-0.01274627
-0.01295517
-0.01305733
-0.01305462
-0.01294934
-0.01274402
-0.01244128
-0.01204386
-0.01155470
-0.01097700
-0.01031439
-0.00957099
-0.00875143
-0.00786095
-0.00690535
-0.00589111
-0.00482541
-0.00371618
-0.00257224
-0.00140326
-0.00021977
0.00096697
0.00214522
0.00330310
0.00442897
0.00551188
0.00654197
0.00751072
0.00841119
0.00923793
0.00998691
0.01065519
0.01124057
0.01174118
0.01215523
0.01248067
0.01271515
0.01285607
0.01290067
0.01284640
0.01269117
0.01243371
0.01207390
0.01161297
0.01105370
0.01040043
0.00965903
0.00883678
0.00794208
0.00698420
0.00597291
0.00491810
0.00382946
0.00271612
0.00158647
0.00044802
-0.00069254
-0.00182912
-0.00295593
-0.00406707
-0.00515604
-0.00621537
-0.00723639
-0.00820915
-0.00912263
-0.00996521
-0.01072527
-0.01139205
-0.01195635
-0.01241125
-0.01275254
-0.01297888
-0.01309162
-0.01309428
-0.01299185
-0.01279000
-0.01249424
-0.01210935
-0.01163898
-0.01108565
-0.01045100
-0.00973633
-0.00894325
-0.00807436
-0.00713380
-0.00612760
-0.00506376
-0.00395204
-0.00280354
-0.00163019
-0.00044415
0.00074269
0.00191907
0.00307454
0.00419950
0.00528509
0.00632304
0.00730558
0.00822535
0.00907549
0.00984981
0.01054292
0.01115049
0.01166931
0.01209728
0.01243320
0.01267647
0.01282667
0.01288323
0.01284513
0.01271083
0.01247845
0.01214619
0.01171289
0.01117872
0.01054576
0.00981849
0.00900388
0.00811122
0.00715161
0.00613716
0.00508007
0.00399175
0.00288214
0.00175931
0.00062944
-0.00050273
-0.00163331
-0.00275831
-0.00387282
-0.00497030
-0.00604219
-0.00707792
-0.00806528
-0.00899119
-0.00984265
-0.01060773
-0.01127646
-0.01184151
-0.01229841
-0.01264550
-0.01288348
-0.01301476
-0.01304265
-0.01297068
-0.01280197
-0.01253897
-0.01218337
-0.01173633
-0.01119893
-0.01057265
-0.00985987
-0.00906426
-0.00819101
-0.00724684
-0.00623985
-0.00517922
-0.00407489
-0.00293718
-0.00177648
-0.00060314
0.00057273
0.00174120
0.00289250
0.00401704
0.00510538
0.00614839
0.00713734
0.00806420
0.00892182
0.00970417
0.01040642
0.01102496
0.01155725
0.01200159
0.01235674
0.01262164
0.01279502
0.01287529
0.01286040
0.01274805
0.01253596
0.01222234
0.01180632
0.01128855
0.01067152
0.00995985
0.00916030
0.00828157
0.00733388
0.00632842
0.00527667
0.00418975
0.00307788
0.00195001
0.00081368
-0.00032484
-0.00146021
-0.00258749
-0.00370154
-0.00479645
-0.00586508
-0.00689881
-0.00788758
-0.00882019
-0.00968484
-0.01046987
-0.01116451
-0.01175966
-0.01224841
-0.01262646
-0.01289207
-0.01304592
-0.01309055
-0.01302978
-0.01286803
-0.01260969
-0.01225867
-0.01181822
-0.01129089
-0.01067884
-0.00998422
-0.00920968
-0.00835879
-0.00743644
-0.00644901
-0.00540435
-0.00431163
-0.00318096
-0.00202304
-0.00084876
0.00033108
0.00150604
0.00266606
0.00380150
0.00490304
0.00596167
0.00696862
0.00791553
0.00879452
0.00959853
0.01032151
0.01095867
0.01150659
0.01196315
0.01232736
0.01259897
0.01277809
0.01286469
0.01285832
0.01275786
0.01256168
0.01226785
0.01187473
0.01138155
0.01078912
0.01010033
0.00932054
0.00845756
0.00752141
0.00652368
0.00547680
0.00439309
0.00328398
0.00215936
0.00102727
-0.00010611
-0.00123605
-0.00235865
-0.00347003
-0.00456551
-0.00563895
-0.00668231
-0.00768559
-0.00863715
-0.00952431
-0.01033419
-0.01105469
-0.01167541
-0.01218835
-0.01258836
-0.01287329
-0.01304373
-0.01310250
-0.01305400
-0.01290340
-0.01265591
-0.01231628
-0.01188841
-0.01137530
-0.01077918
-0.01010193
-0.00934554
-0.00851262
-0.00760689
-0.00663349
-0.00559919
-0.00451238
-0.00338287
-0.00222161
-0.00104032
0.00014899
0.00133435
0.00250419
0.00364763
0.00475459
0.00581596
0.00682359
0.00777031
0.00864987
0.00945693
0.01018693
0.01083608
0.01140121
0.01187964
0.01226909
0.01256749
0.01277289
0.01288333
0.01289687
0.01281167
0.01262611
0.01233913
0.01195052
0.01146127
0.01087393
0.01019280
0.00942403
0.00857549
0.00765653
0.00667750
0.00564915
0.00458211
0.00348629
0.00237047
0.00124218
0.00010769
-0.00102768
-0.00215901
-0.00328123
-0.00438849
-0.00547364
-0.00652796
-0.00754114
-0.00850156
-0.00939689
-0.01021484
-0.01094402
-0.01157474
-0.01209967
-0.01251421
-0.01281658
-0.01300748
-0.01308962
-0.01306698
-0.01294404
-0.01272510
-0.01241378
-0.01201278
-0.01152392
-0.01094844
-0.01028752
-0.00954284
-0.00871717
-0.00781478
-0.00684176
-0.00580599
-0.00471697
-0.00358548
-0.00242309
-0.00124173
-0.00005319
0.00113112
0.00230044
0.00344471
0.00455457
0.00562133
0.00663693
0.00759395
0.00848563
0.00930604
0.01005008
0.01071361
0.01129343
0.01178713
0.01219290
0.01250924
0.01273464
0.01286730
0.01290500
0.01284513
0.01268489
0.01242177
0.01205405
0.01158148
0.01100579
0.01033112
0.00956415
0.00871393
0.00779144
0.00680883
0.00577857
0.00471258
0.00362142
0.00251382
0.00139651
0.00027438
-0.00084892
-0.00197024
-0.00308604
-0.00419151
-0.00527993
-0.00634240
-0.00736782
-0.00834343
-0.00925554
-0.01009058
-0.01083612
-0.01148184
-0.01202024
-0.01244699
-0.01276089
-0.01296343
-0.01305815
-0.01304970
-0.01294299
-0.01274241
-0.01245130
-0.01207179
-0.01160489
-0.01105092
-0.01041012
-0.00968341
-0.00887299
-0.00798286
-0.00701912
-0.00598998
-0.00490546
-0.00377694
-0.00261664
-0.00143695
-0.00024996
0.00093296
0.00210137
0.00324577
0.00435753
0.00542871
0.00645184
0.00741984
0.00832590
0.00916356
0.00992685
0.01061045
0.01120984
0.01172145
0.01214261
0.01247144
0.01270663
0.01284718
0.01289214
0.01284042
0.01269073
0.01244178
0.01209257
0.01164281
0.01109351
0.01044738
0.00970922
0.00888601
0.00798679
0.00702217
0.00600379
0.00494345
0.00385239
0.00274066
0.00161665
0.00048708
-0.00064286
-0.00176887
-0.00288692
-0.00399240
-0.00507942
-0.00614038
-0.00716578
-0.00814442
-0.00906393
-0.00991160
-0.01067529
-0.01134433
-0.01191027
-0.01236738
-0.01271272
-0.01294602
-0.01306910
-0.01308525
-0.01299846
-0.01281280
-0.01253185
-0.01215856
-0.01169516
-0.01114351
-0.01050546
-0.00978333
-0.00898039
-0.00810117
-0.00715166
-0.00613931
-0.00507284
-0.00396199
-0.00281720
-0.00164925
-0.00046902
0.00071273
0.00188544
0.00303888
0.00416313
0.00524868
0.00628653
0.00726831
0.00818645
0.00903436
0.00980653
0.01049858
0.01110721
0.01162996
0.01206499
0.01241075
0.01266564
0.01282785
0.01289521
0.01286529
0.01273567
0.01250432
0.01217009
0.01173318
0.01119551
0.01056102
0.00983568
0.00902726
0.00814500
0.00719907
0.00619991
0.00515772
0.00408195
0.00298103
0.00186227
0.00073201
-0.00040408
-0.00154053
-0.00267163
-0.00379097
-0.00489110
-0.00596339
-0.00699804
-0.00798434
-0.00891104
-0.00976689
-0.01054119
-0.01122434
-0.01180835
-0.01228714
-0.01265675
-0.01291533
-0.01306297
-0.01310138
-0.01303351
-0.01286308
-0.01259412
-0.01223068
-0.01177651
-0.01123502
-0.01060928
-0.00990226
-0.00911707
-0.00825738
-0.00732774
-0.00633386
-0.00528285
-0.00418320
-0.00304476
-0.00187842
-0.00069579
0.00049119
0.00167072
0.00283145
0.00396285
0.00505530
0.00610024
0.00709008
0.00801816
0.00887860
0.00966618
0.01037628
0.01100476
0.01154800
0.01200286
0.01236667
0.01263722
0.01281268
0.01289157
0.01287267
0.01275497
0.01253773
0.01222055
0.01180363
0.01128805
0.01067606
0.00997147
0.00917980
0.00830844
0.00736648
0.00636440
0.00531355
0.00422551
0.00311144
0.00198146
0.00084423
-0.00029315
-0.00142506
-0.00254686
-0.00365429
-0.00474270
-0.00580634
-0.00683786
-0.00782803
-0.00876591
-0.00963927
-0.01043545
-0.01114227
-0.01174904
-0.01224748
-0.01263224
-0.01290124
-0.01305538
-0.01309813
-0.01303463
-0.01287082
-0.01261250
-0.01226466
-0.01183101
-0.01131393
-0.01071473
-0.01003420
-0.00927330
-0.00843389
-0.00751938
-0.00653515
-0.00548867
-0.00438941
-0.00324847
-0.00207801
-0.00089068
0.00030094
0.00148482
0.00264981
0.00378573
0.00488342
0.00593466
0.00693200
0.00786871
0.00873866
0.00953635
0.01025695
0.01089633
0.01145111
0.01191859
0.01229666
0.01258362
0.01277795
0.01287812
0.01288248
0.01278919
0.01259648
0.01230282
0.01190746
0.01141084
0.01081506
0.01012421
0.00934451
0.00848417
0.00755310
0.00656231
0.00552321
0.00444694
0.00334374
0.00222250
0.00109065
-0.00004572
-0.00118149
-0.00231187
-0.00343176
-0.00453513
-0.00561453
-0.00666095
-0.00766383
-0.00861154
-0.00949198
-0.01029342
-0.01100522
-0.01161865
-0.01212728
-0.01252727
-0.01281728
-0.01299808
-0.01307202
-0.01304238
-0.01291274
-0.01268646
-0.01236639
-0.01195475
-0.01145331
-0.01086373
-0.01018797
-0.00942877
-0.00859001
-0.00767702
-0.00669662
-0.00565704
-0.00456770
-0.00343885
-0.00228124
-0.00110576
0.00007681
0.00125595
0.00242148
0.00356356
0.00467269
0.00573966
0.00675566
0.00771234
0.00860205
0.00941804
0.01015463
0.01080740
0.01137317
0.01184990
0.01223646
0.01253224
0.01273673
0.01284923
0.01286851
0.01279278
0.01261985
0.01234744
0.01197378
0.01149817
0.01092168
0.01024752
0.00948140
0.00863143
0.00770778
0.00672210
0.00568665
0.00461349
0.00351368
0.00239666
0.00127006
0.00013968
-0.00098999
-0.00211515
-0.00323184
-0.00433510
-0.00541838
-0.00647306
-0.00748858
-0.00845269
-0.00935227
-0.01017419
-0.01090639
-0.01153876
-0.01206389
-0.01247745
-0.01277816
-0.01296743
-0.01304872
-0.01302664
-0.01290615
-0.01269177
-0.01238705
-0.01199440
-0.01151514
-0.01094992
-0.01029930
-0.00956439
-0.00874749
-0.00785257
-0.00688552
-0.00585416
-0.00476807
-0.00363814
-0.00247613
-0.00129409
-0.00010401
0.00108261
0.00225488
0.00340267
0.00451651
0.00558760
0.00660771
0.00756920
0.00846508
0.00928909
0.01003585
0.01070099
0.01128112
0.01177383
0.01217750
0.01249100
0.01271338
0.01284353
0.01288002
0.01282093
0.01266405
0.01240715
0.01204852
0.01158749
0.01102511
0.01036453
0.00961134
0.00877355
0.00786123
0.00688596
0.00586005
0.00479561
0.00370380
0.00259418
0.00147440
0.00035022
-0.00077406
-0.00189497
-0.00300902
-0.00411178
-0.00519726
-0.00625733
-0.00728178
-0.00825851
-0.00917430
-0.01001567
-0.01076998
-0.01142638
-0.01197663
-0.01241552
-0.01274099
-0.01295380
-0.01305690
-0.01305461
-0.01295176
-0.01275292
-0.01246184
-0.01208120
-0.01161270
-0.01105738
-0.01041621
-0.00969069
-0.00888345
-0.00799871
-0.00704246
-0.00602248
-0.00494808
-0.00382971
-0.00267850
-0.00150576
-0.00032269
0.00085993
0.00203179
0.00318302
0.00430416
0.00538604
0.00641979
0.00739692
0.00830950
0.00915042
0.00991364
0.01059440
0.01118934
0.01169635
0.01211438
0.01244300
0.01268190
0.01283049
0.01288749
0.01285083
0.01271777
0.01248528
0.01215068
0.01171234
0.01117042
0.01052750
0.00978884
0.00896243
0.00805861
0.00708934
0.00606737
0.00500522
0.00391431
0.00280432
0.00168288
0.00055565
-0.00057318
-0.00170018
-0.00282178
-0.00393337
-0.00502865
-0.00609919
-0.00713446
-0.00812221
-0.00904921
-0.00990217
-0.01066876
-0.01133852
-0.01190355
-0.01235890
-0.01270250
-0.01293490
-0.01305858
-0.01307728
-0.01299517
-0.01281621
-0.01254373
-0.01218021
-0.01172737
-0.01118649
-0.01055885
-0.00984623
-0.00905145
-0.00817866
-0.00723355
-0.00622342
-0.00515698
-0.00404408
-0.00289543
-0.00172221
-0.00053578
0.00065258
0.00183183
0.00299131
0.00412079
0.00521060
0.00625168
0.00723572
0.00815529
0.00900400
0.00977653
0.01046874
0.01107754
0.01160074
0.01203680
0.01238447
0.01264251
0.01280936
0.01288302
0.01286105
0.01274072
0.01251943
0.01219515
0.01176705
0.01123600
0.01060499
0.00987939
0.00906690
0.00817721
0.00722153
0.00621179
0.00515992
0.00407701
0.00297279
0.00185527
0.00073068
-0.00039617
-0.00152140
-0.00264125
-0.00375135
-0.00484595
-0.00591748
-0.00695634
-0.00795108
-0.00888890
-0.00975647
-0.01054090
-0.01123067
-0.01181654
-0.01229210
-0.01265405
-0.01290210
-0.01303848
-0.01306727
-0.01299353
-0.01282248
-0.01255879
-0.01220614
-0.01176706
-0.01124308
-0.01063518
-0.00994432
-0.00917212
-0.00832140
-0.00739665
-0.00640420
-0.00535218
-0.00425032
-0.00310950
-0.00194129
-0.00075748
0.00043028
0.00161081
0.00277353
0.00390846
0.00500626
0.00605814
0.00705584
0.00799171
0.00885878
0.00965095
0.01036307
0.01099108
0.01153202
0.01198385
0.01234528
0.01261539
0.01279332
0.01287797
0.01286781
0.01276092
0.01255520
0.01224878
0.01184058
0.01133090
0.01072193
0.01001814
0.00922631
0.00835539
0.00741600
0.00641971
0.00537827
0.00430276
0.00320302
0.00208725
0.00096193
-0.00016783
-0.00129776
-0.00242369
-0.00354078
-0.00464282
-0.00572185
-0.00676804
-0.00776990
-0.00871491
-0.00959027
-0.01038383
-0.01108493
-0.01168514
-0.01217861
-0.01256224
-0.01283542
-0.01299955
-0.01305742
-0.01301251
-0.01286839
-0.01262825
-0.01229474
-0.01186994
-0.01135560
-0.01075355
-0.01006607
-0.00929632
-0.00844865
-0.00752873
-0.00654353
-0.00550124
-0.00441096
-0.00328248
-0.00212599
-0.00095189
0.00022938
0.00140743
0.00257191
0.00371259
0.00481942
0.00588266
0.00689305
0.00784207
0.00872221
0.00952713
0.01025184
0.01089272
0.01144731
0.01191414
0.01229225
0.01258086
0.01277896
0.01288503
0.01289700
0.01281231
0.01262830
0.01234264
0.01195395
0.01146235
0.01086997
0.01018120
0.00940277
0.00854345
0.00761362
0.00662461
0.00558794
0.00451460
0.00341452
0.00229619
0.00116661
0.00003153
-0.00110415
-0.00223570
-0.00335799
-0.00446482
-0.00554858
-0.00660005
-0.00760857
-0.00856242
-0.00944946
-0.01025786
-0.01097690
-0.01159763
-0.01211337
-0.01251992
-0.01281557
-0.01300081
-0.01307783
-0.01304996
-0.01292106
-0.01269500
-0.01237528
-0.01196483
-0.01146608
-0.01088110
-0.01021196
-0.00946115
-0.00863195
-0.00772875
-0.00675734
-0.00572490
-0.00464003
-0.00351250
-0.00235306
-0.00117305
0.00001589
0.00120211
0.00237428
0.00352157
0.00463383
0.00570172
0.00671682
0.00767166
0.00855977
0.00937567
0.01011478
0.01077340
0.01134850
0.01183756
0.01223837
0.01254885
0.01276688
0.01289024
0.01291663
0.01284379
0.01266979
0.01239332
0.01201410
0.01153323
0.01095347
0.01027944
0.00951761
0.00867606
0.00776422
0.00679230
0.00577076
0.00470980
0.00361882
0.00250621
0.00137919
0.00024395
-0.00089402
-0.00202949
-0.00315690
-0.00426992
-0.00536099
-0.00642114
-0.00744003
-0.00840623
-0.00930771
-0.01013253
-0.01086955
-0.01150913
-0.01204377
-0.01246841
-0.01278060
-0.01298037
-0.01306983
-0.01305262
-0.01293331
-0.01271674
-0.01240750
-0.01200954
-0.01152605
-0.01095945
-0.01031168
-0.00958460
-0.00878042
-0.00790216
-0.00695410
-0.00594200
-0.00487325
-0.00375682
-0.00260307
-0.00142346
-0.00023015
0.00096435
0.00214767
0.00330785
0.00443372
0.00551508
0.00654289
0.00750937
0.00840800
0.00923351
0.00998178
0.01064964
0.01123469
0.01173503
0.01214897
0.01247481
0.01271057
0.01285395
0.01290231
0.01285279
0.01270266
0.01244968
0.01209258
0.01163157
0.01106865
0.01040797
0.00965579
0.00882039
0.00791164
0.00694047
0.00591820
0.00485587
0.00376372
0.00265072
0.00152446
0.00039123
-0.00074364
-0.00187523
-0.00299849
-0.00410758
-0.00519549
-0.00625372
-0.00727234
-0.00824030
-0.00914587
-0.00997740
-0.01072403
-0.01137633
-0.01192692
-0.01237071
-0.01270501
-0.01292932
-0.01304493
-0.01305444
-0.01296116
-0.01276863
-0.01248023
-0.01209898
-0.01162755
-0.01106837
-0.01042392
-0.00969709
-0.00889149
-0.00801171
-0.00706354
-0.00605393
-0.00499100
-0.00388382
-0.00274224
-0.00157662
-0.00039760
0.00078405
0.00195761
0.00311251
0.00423845
0.00532549
0.00636418
0.00734576
0.00826230
0.00910690
0.00987381
0.01055855
0.01115783
0.01166945
0.01209207
0.01242482
0.01266701
0.01281777
0.01287583
0.01283941
0.01270633
0.01247432
0.01214145
0.01170668
0.01117045
0.01053517
0.00980553
0.00898862
0.00809372
0.00713182
0.00611497
0.00505546
0.00396503
0.00285413
0.00173148
0.00060395
-0.00052335
-0.00164648
-0.00276201
-0.00386615
-0.00495395
-0.00601864
-0.00705135
-0.00804111
-0.00897529
-0.00984033
-0.01062279
-0.01131036
-0.01189289
-0.01236313
-0.01271719
-0.01295448
-0.01307737
-0.01309048
-0.01299973
-0.01281140
-0.01253122
-0.01216381
-0.01171232
-0.01117852
-0.01056321
-0.00986681
-0.00909011
-0.00823506
-0.00730528
-0.00630651
-0.00524662
-0.00413549
-0.00298453
-0.00180615
-0.00061319
0.00058167
0.00176637
0.00292970
0.00406145
0.00515244
0.00619442
0.00717997
0.00810245
0.00895591
0.00973517
0.01043578
0.01105410
0.01158722
0.01203288
0.01238928
0.01265483
0.01282792
0.01290669
0.01288898
0.01277242
0.01255467
0.01223387
0.01180922
0.01128149
0.01065356
0.00993066
0.00912046
0.00823275
0.00727889
0.00627108
0.00522144
0.00414121
0.00304014
0.00192602
0.00080480
-0.00031918
-0.00144243
-0.00256159
-0.00367249
-0.00476940
-0.00584462
-0.00688823
-0.00788845
-0.00883217
-0.00970584
-0.01049651
-0.01119274
-0.01178546
-0.01226846
-0.01263856
-0.01289547
-0.01304123
-0.01307953
-0.01301495
-0.01285217
-0.01259542
-0.01224807
-0.01181260
-0.01129072
-0.01068375
-0.00999313
-0.00922095
-0.00837039
-0.00744614
-0.00645449
-0.00540344
-0.00430242
-0.00316207
-0.00199384
-0.00080958
0.00037883
0.00155982
0.00272238
0.00385623
0.00495191
0.00600084
0.00699530
0.00792844
0.00879421
0.00958733
0.01030325
0.01093808
0.01148850
0.01195169
0.01232522
0.01260693
0.01279485
0.01288715
0.01288209
0.01277815
0.01257410
0.01226925
0.01186371
0.01135866
0.01075665
0.01006180
0.00927991
0.00841843
0.00748627
0.00649347
0.00545074
0.00436893
0.00325849
0.00212907
0.00098920
-0.00015378
-0.00129360
-0.00242468
-0.00354167
-0.00463884
-0.00570957
-0.00674595
-0.00773864
-0.00867698
-0.00954942
-0.01034419
-0.01105015
-0.01165761
-0.01215908
-0.01254983
-0.01282800
-0.01299452
-0.01305250
-0.01300657
-0.01286192
-0.01262350
-0.01229534
-0.01188018
-0.01137947
-0.01079372
-0.01012309
-0.00936824
-0.00853111
-0.00761559
-0.00662792
-0.00557673
-0.00447284
-0.00332860
-0.00215718
-0.00097180
0.00021502
0.00139194
0.00254905
0.00367777
0.00477067
0.00582098
0.00682225
0.00776799
0.00865152
0.00946606
0.01020495
0.01086205
0.01143210
0.01191107
0.01229626
0.01258627
0.01278070
0.01287972
0.01288360
0.01279231
0.01260527
0.01232143
0.01193955
0.01145876
0.01087931
0.01020321
0.00943485
0.00858123
0.00765193
0.00665857
0.00561406
0.00453161
0.00342364
0.00230100
0.00117233
0.00004396
-0.00107978
-0.00219585
-0.00330155
-0.00439346
-0.00546648
-0.00651324
-0.00752387
-0.00848629
-0.00938694
-0.01021180
-0.01094766
-0.01158318
-0.01210990
-0.01252273
-0.01282001
-0.01300318
-0.01307605
-0.01304377
-0.01291193
-0.01268562
-0.01236884
-0.01196431
-0.01147352
-0.01089723
-0.01023609
-0.00949140
-0.00866576
-0.00776352
-0.00679105
-0.00575664
-0.00467021
-0.00354281
-0.00238607
-0.00121166
-0.00003088
0.00114562
0.00230791
0.00344674
0.00455339
0.00561950
0.00663698
0.00759796
0.00849494
0.00932093
0.01006971
0.01073610
0.01131607
0.01180680
0.01220654
0.01251437
0.01272978
0.01285232
0.01288128
0.01281546
0.01265320
0.01239261
0.01203202
0.01157057
0.01100881
0.01034927
0.00959685
0.00875888
0.00784495
0.00686638
0.00583545
0.00476457
0.00366540
0.00254810
0.00142101
0.00029046
-0.00083881
-0.00196313
-0.00307898
-0.00418216
-0.00526694
-0.00632556
-0.00734806
-0.00832250
-0.00923564
-0.01007386
-0.01082427
-0.01147578
-0.01202001
-0.01245177
-0.01276925
-0.01297364
-0.01306850
-0.01305882
-0.01294997
-0.01274688
-0.01245329
-0.01207154
-0.01160262
-0.01104659
-0.01040338
-0.00967353
-0.00885902
-0.00796385
-0.00699437
-0.00595927
-0.00486921
-0.00373623
-0.00257310
-0.00139256
-0.00020671
0.00097332
0.00213760
0.00327730
0.00438445
0.00545165
0.00647179
0.00743785
0.00834286
0.00918001
0.00994286
0.01062567
0.01122359
0.01173286
0.01215081
0.01247574
0.01270658
0.01284262
0.01288315
0.01282729
0.01267391
0.01242183
0.01207014
0.01161874
0.01106883
0.01042338
0.00968740
0.00886802
0.00797421
0.00701631
0.00600539
0.00495248
0.00386792
0.00276084
0.00163894
0.00050853
-0.00062514
-0.00175726
-0.00288288
-0.00399621
-0.00509016
-0.00615605
-0.00718367
-0.00816161
-0.00907784
-0.00992042
-0.01067828
-0.01134188
-0.01190377
-0.01235880
-0.01270418
-0.01293926
-0.01306509
-0.01308396
-0.01299887
-0.01281312
-0.01252997
-0.01215251
-0.01168364
-0.01112622
-0.01048326
-0.00975820
-0.00895509
-0.00807883
-0.00713521
-0.00613101
-0.00507388
-0.00397231
-0.00283548
-0.00167315
-0.00049552
0.00068691
0.00186341
0.00302324
0.00415571
0.00525045
0.00629755
0.00728781
0.00821297
0.00906588
0.00984063
0.01053260
0.01113843
0.01165583
0.01208339
0.01242020
0.01266559
0.01281880
0.01287876
0.01284401
0.01271279
0.01248324
0.01215381
0.01172371
0.01119348
0.01056540
0.00984384
0.00903538
0.00814873
0.00719428
0.00618358
0.00512856
0.00404079
0.00293076
0.00180740
0.00067786
-0.00045237
-0.00157902
-0.00269836
-0.00380637
-0.00489793
-0.00596618
-0.00700215
-0.00799477
-0.00893134
-0.00979827
-0.01058214
-0.01127077
-0.01185429
-0.01232583
-0.01268197
-0.01292259
-0.01305046
-0.01307034
-0.01298804
-0.01280934
-0.01253920
-0.01218119
-0.01173739
-0.01120858
-0.01059488
-0.00989654
-0.00911475
-0.00825237
-0.00731445
-0.00630833
-0.00524351
-0.00413118
-0.00298353
-0.00181308
-0.00063201
0.00054827
0.00171740
0.00286609
0.00398590
0.00506901
0.00610794
0.00709537
0.00802409
0.00888709
0.00967780
0.01039038
0.01101994
0.01156269
0.01201594
0.01237788
0.01264729
0.01282310
0.01290411
0.01288872
0.01277495
0.01256069
0.01224415
0.01182450
0.01130247
0.01068091
0.00996510
0.00916274
0.00828364
0.00733902
0.00634073
0.00530032
0.00422820
0.00313316
0.00202211
0.00090030
-0.00022819
-0.00135964
-0.00248978
-0.00361307
-0.00472206
-0.00580720
-0.00685702
-0.00785866
-0.00879877
-0.00966444
-0.01044416
-0.01112865
-0.01171129
-0.01218829
-0.01255839
-0.01282238
-0.01298238
-0.01304106
-0.01300100
-0.01286428
-0.01263222
-0.01230554
-0.01188463
-0.01137010
-0.01076322
-0.01006644
-0.00928374
-0.00842070
-0.00748450
-0.00648366
-0.00542768
-0.00432670
-0.00319109
-0.00203118
-0.00085712
0.00032119
0.00149407
0.00265198
0.00378544
0.00488505
0.00594152
0.00694587
0.00788966
0.00876522
0.00956596
0.01028653
0.01092288
0.01147216
0.01193259
0.01230307
0.01258284
0.01277109
0.01286673
0.01286817
0.01277343
0.01258032
0.01228686
0.01189179
0.01139513
0.01079869
0.01010639
0.00932445
0.00846126
0.00752697
0.00653297
0.00549112
0.00441298
0.00330917
0.00218884
0.00105948
-0.00007299
-0.00120384
-0.00232890
-0.00344381
-0.00454331
-0.00562061
-0.00666709
-0.00767226
-0.00862417
-0.00951002
-0.01031710
-0.01103368
-0.01164996
-0.01215876
-0.01255581
-0.01283984
-0.01301216
-0.01307604
-0.01303590
-0.01289649
-0.01266216
-0.01233643
-0.01192175
-0.01141971
-0.01083139
-0.01015796
-0.00940126
-0.00856442
-0.00765218
-0.00667108
-0.00562933
-0.00453662
-0.00340358
-0.00224142
-0.00106145
0.00012520
0.00130776
0.00247588
0.00361958
0.00472919
0.00579534
0.00680901
0.00776173
0.00864580
0.00945462
0.01018290
0.01082687
0.01138419
0.01185376
0.01223528
0.01252876
0.01273397
0.01284995
0.01287482
0.01280574
0.01263925
0.01237191
0.01200096
0.01152524
0.01094584
0.01026662
0.00949430
0.00863824
0.00770982
0.00672160
0.00568627
0.00461571
0.00352024
0.00240822
0.00128593
0.00015802
-0.00097187
-0.00210024
-0.00322281
-0.00433378
-0.00542537
-0.00648767
-0.00750892
-0.00847614
-0.00937598
-0.01019564
-0.01092388
-0.01155169
-0.01207276
-0.01248368
-0.01278364
-0.01297408
-0.01305796
-0.01303911
-0.01292156
-0.01270900
-0.01240449
-0.01201035
-0.01152828
-0.01095967
-0.01030599
-0.00956922
-0.00875224
-0.00785918
-0.00689559
-0.00586855
-0.00478656
-0.00365944
-0.00249803
-0.00131391
-0.00011908
0.00107437
0.00225455
0.00341010
0.00453034
0.00560554
0.00662704
0.00758729
0.00847994
0.00929975
0.01004252
0.01070492
0.01128431
0.01177850
0.01218553
0.01250346
0.01273024
0.01286364
0.01290125
0.01284065
0.01267962
0.01241650
0.01205055
0.01158231
0.01101398
0.01034956
0.00959502
0.00875812
0.00784816
0.00687554
0.00585118
0.00478597
0.00369016
0.00257300
0.00144249
0.00030537
-0.00083263
-0.00196636
-0.00309066
-0.00419980
-0.00528695
-0.00634386
-0.00736075
-0.00832656
-0.00922941
-0.01005731
-0.01079893
-0.01144443
-0.01198613
-0.01241892
-0.01274039
-0.01295068
-0.01305202
-0.01304808
-0.01294324
-0.01274195
-0.01244815
-0.01206497
-0.01159473
-0.01103909
-0.01039948
-0.00967758
-0.00887588
-0.00799807
-0.00704933
-0.00603646
-0.00496778
-0.00385290
-0.00270239
-0.00152744
-0.00033948
0.00085003
0.00202985
0.00318905
0.00431717
0.00540421
0.00644084
0.00741847
0.00832946
0.00916730
0.00992670
0.01060370
0.01119556
0.01170058
0.01211777
0.01244646
0.01268587
0.01283480
0.01289141
0.01285320
0.01271728
0.01248076
0.01214136
0.01169799
0.01115142
0.01050469
0.00976329
0.00893513
0.00803015
0.00705974
0.00603596
0.00497077
0.00387532
0.00275943
0.00163131
0.00049765
-0.00063615
-0.00176540
-0.00288546
-0.00399118
-0.00507629
-0.00613309
-0.00715239
-0.00812370
-0.00903566
-0.00987670
-0.01063571
-0.01130278
-0.01186977
-0.01233076
-0.01268217
-0.01292279
-0.01305340
-0.01307641
-0.01299525
-0.01281389
-0.01253631
-0.01216617
-0.01170662
-0.01116034
-0.01052971
-0.00981713
-0.00902540
-0.00815813
-0.00722008
-0.00621741
-0.00515775
-0.00405016
-0.00290491
-0.00173320
-0.00054676
0.00064254
0.00182305
0.00298363
0.00411387
0.00520418
0.00624591
0.00723124
0.00815324
0.00900576
0.00978343
0.01048162
0.01109644
0.01162468
0.01206377
0.01241168
0.01266677
0.01282763
0.01289298
0.01286153
0.01273197
0.01250314
0.01217420
0.01174501
0.01121652
0.01059116
0.00987320
0.00906887
0.00818633
0.00723542
0.00622712
0.00517293
0.00408417
0.00297131
0.00184352
0.00070838
-0.00042799
-0.00156059
-0.00268493
-0.00379631
-0.00488913
-0.00595627
-0.00698884
-0.00797622
-0.00890645
-0.00976696
-0.01054545
-0.01123086
-0.01181421
-0.01228920
-0.01265249
-0.01290357
-0.01304434
-0.01307836
-0.01301009
-0.01284402
-0.01258410
-0.01223332
-0.01179365
-0.01126634
-0.01065233
-0.00995289
-0.00917024
-0.00830803
-0.00737170
-0.00636854
-0.00530752
-0.00419899
-0.00305418
-0.00188474
-0.00070230
0.00048187
0.00165701
0.00281304
0.00394045
0.00503030
0.00607420
0.00706425
0.00799317
0.00885439
0.00964218
0.01035174
0.01097926
0.01152179
0.01197714
0.01234356
0.01261946
0.01280317
0.01289274
0.01288591
0.01278026
0.01257351
0.01226400
0.01185114
0.01133591
0.01072124
0.01001216
0.00921581
0.00834111
0.00739836
0.00639857
0.00535289
0.00427194
0.00316544
0.00204187
0.00090850
-0.00022843
-0.00136339
-0.00249101
-0.00360562
-0.00470078
-0.00576901
-0.00680161
-0.00778879
-0.00871992
-0.00958402
-0.01037030
-0.01106881
-0.01167096
-0.01217001
-0.01256136
-0.01284266
-0.01301367
-0.01307601
-0.01303263
-0.01288736
-0.01264433
-0.01230750
-0.01188035
-0.01136570
-0.01076583
-0.01008270
-0.00931837
-0.00847554
-0.00755802
-0.00657118
-0.00552223
-0.00442025
-0.00327607
-0.00210183
-0.00091051
0.00028470
0.00147104
0.00263664
0.00377092
0.00486476
0.00591045
0.00690151
0.00783245
0.00869841
0.00949491
0.01021764
0.01086240
0.01142513
0.01190198
0.01228945
0.01258454
0.01278477
0.01288822
0.01289345
0.01279941
0.01260539
0.01231107
0.01191659
0.01142282
0.01083168
0.01014650
0.00937233
0.00851614
0.00758676
0.00659466
0.00555140
0.00446896
0.00335898
0.00223204
0.00109715
-0.00003852
-0.00116952
-0.00229163
-0.00340119
-0.00449415
-0.00556529
-0.00660751
-0.00761153
-0.00856601
-0.00945808
-0.01027424
-0.01100155
-0.01162870
-0.01214710
-0.01255147
-0.01284013
-0.01301462
-0.01307908
-0.01303924
-0.01290126
-0.01267074
-0.01235198
-0.01194757
-0.01145853
-0.01088473
-0.01022574
-0.00948171
-0.00865422
-0.00774702
-0.00676630
-0.00572070
-0.00462096
-0.00347926
-0.00230849
-0.00112154
0.00006935
0.00125289
0.00241894
0.00355835
0.00466274
0.00572424
0.00673525
0.00768832
0.00857628
0.00939237
0.01013063
0.01078608
0.01135503
0.01183505
0.01222481
0.01252377
0.01273169
0.01284814
0.01287218
0.01280211
0.01263563
0.01237016
0.01200344
0.01153431
0.01096339
0.01029367
0.00953082
0.00868313
0.00776110
0.00677672
0.00574254
0.00467074
0.00357230
0.00245642
0.00133037
0.00019966
-0.00093138
-0.00205888
-0.00317853
-0.00428479
-0.00537042
-0.00642622
-0.00744124
-0.00840334
-0.00929989
-0.01011880
-0.01084928
-0.01148264
-0.01201263
-0.01243563
-0.01275032
-0.01295732
-0.01305847
-0.01305627
-0.01295329
-0.01275180
-0.01245371
-0.01206057
-0.01157393
-0.01099570
-0.01032854
-0.00957622
-0.00874380
-0.00783769
-0.00686554
-0.00583596
-0.00475827
-0.00364220
-0.00249759
-0.00133429
-0.00016203
0.00100954
0.00217082
0.00331222
0.00442420
0.00549736
0.00652259
0.00749131
0.00839575
0.00922916
0.00998593
0.01066166
0.01125304
0.01175762
0.01217348
0.01249895
0.01273226
0.01287143
0.01291416
0.01285804
0.01270078
0.01244073
0.01207726
0.01161120
0.01104523
0.01038397
0.00963398
0.00880345
0.00790184
0.00693929
0.00592609
0.00487214
0.00378656
0.00267752
0.00155216
0.00041685
-0.00072254
-0.00186019
-0.00298989
-0.00410467
-0.00519661
-0.00625668
-0.00727492
-0.00824068
-0.00914308
-0.00997148
-0.01071601
-0.01136807
-0.01192067
-0.01236870
-0.01270896
-0.01294014
-0.01306257
-0.01307790
-0.01298874
-0.01279830
-0.01251004
-0.01212742
-0.01165378
-0.01109230
-0.01044607
-0.00971831
-0.00891258
-0.00803306
-0.00708479
-0.00607390
-0.00500775
-0.00389493
-0.00274519
-0.00156930
-0.00037880
0.00081436
0.00199812
0.00316067
0.00429079
0.00537811
0.00641332
0.00738834
0.00829637
0.00913187
0.00989050
0.01056894
0.01116469
0.01167584
0.01210076
0.01243792
0.01268557
0.01284171
0.01290394
0.01286964
0.01273614
0.01250108
0.01216282
0.01172099
0.01117686
0.01053376
0.00979722
0.00897498
0.00807668
0.00711336
0.00609684
0.00503888
0.00395054
0.00284153
0.00171988
0.00059192
-0.00053748
-0.00166431
-0.00278470
-0.00389406
-0.00498639
-0.00605378
-0.00708622
-0.00807187
-0.00899765
-0.00985015
-0.01061667
-0.01128633
-0.01185088
-0.01230526
-0.01264772
-0.01287948
-0.01300407
-0.01302631
-0.01295134
-0.01278365
-0.01252642
-0.01218122
-0.01174816
-0.01122637
-0.01061486
-0.00991340
-0.00912338
-0.00824854
-0.00729525
-0.00627247
-0.00519139
-0.00406467
-0.00290568
-0.00172763
-0.00054290
0.00063739
0.00180355
0.00294715
0.00406073
0.00513738
0.00617031
0.00715263
0.00807723
0.00893697
0.00972491
0.01043471
0.01106101
0.01159964
0.01204766
0.01240329
0.01266547
0.01283353
0.01290674
0.01288396
0.01276364
0.01254391
0.01222303
0.01179999
0.01127516
0.01065093
0.00993207
0.00912585
0.00824178
0.00729101
0.00628552
0.00523722
0.00415702
0.00305428
0.00193642
0.00080909
-0.00032338
-0.00145725
-0.00258841
-0.00371158
-0.00481962
-0.00590323
-0.00695104
-0.00795017
-0.00888700
-0.00974824
-0.01052198
-0.01119855
-0.01177115
-0.01223602
-0.01259227
-0.01284133
-0.01298619
-0.01303051
-0.01297785
-0.01283105
-0.01259192
-0.01226128
-0.01183925
-0.01132575
-0.01072116
-0.01002688
-0.00924589
-0.00838296
-0.00744474
-0.00643961
-0.00537728
-0.00426840
-0.00312411
-0.00195559
-0.00077382
0.00041060
0.00158750
0.00274709
0.00387993
0.00497682
0.00602888
0.00702760
0.00796501
0.00883390
0.00962800
0.01034218
0.01097248
0.01151605
0.01197100
0.01233607
0.01261031
0.01279276
0.01288217
0.01287691
0.01277496
0.01257421
0.01227280
0.01186967
0.01136505
0.01076094
0.01006150
0.00927307
0.00840416
0.00746500
0.00646699
0.00542198
0.00434157
0.00323639
0.00211566
0.00098696
-0.00014368
-0.00127147
-0.00239223
-0.00350173
-0.00459491
-0.00566536
-0.00670490
-0.00770356
-0.00864986
-0.00953137
-0.01033556
-0.01105071
-0.01166677
-0.01217613
-0.01257397
-0.01285845
-0.01303038
-0.01309268
-0.01304964
-0.01290609
-0.01266664
-0.01233514
-0.01191442
-0.01140632
-0.01081205
-0.01013273
-0.00937004
-0.00852688
-0.00760786
-0.00661952
-0.00557038
-0.00447067
-0.00333182
-0.00216591
-0.00098508
0.00019899
0.00137545
0.00253437
0.00366680
0.00476452
0.00581989
0.00682553
0.00777428
0.00865909
0.00947320
0.01021029
0.01086475
0.01143194
0.01190830
0.01229140
0.01257980
0.01277276
0.01287000
0.01287131
0.01277637
0.01258464
0.01229552
0.01190858
0.01142404
0.01084326
0.01016915
0.00940653
0.00856222
0.00764486
0.00666454
0.00563221
0.00455902
0.00345561
0.00233164
0.00119547
0.00005415
-0.00108634
-0.00222059
-0.00334314
-0.00444789
-0.00552764
-0.00657373
-0.00757614
-0.00852376
-0.00940501
-0.01020850
-0.01092389
-0.01154258
-0.01205818
-0.01246682
-0.01276705
-0.01295951
-0.01304640
-0.01303078
-0.01291596
-0.01270496
-0.01240015
-0.01200320
-0.01151527
-0.01093732
-0.01027070
-0.00951761
-0.00868165
-0.00776807
-0.00678397
-0.00573818
-0.00464098
-0.00350371
-0.00233827
-0.00115666
0.00002947
0.00120906
0.00237187
0.00350847
0.00461020
0.00566908
0.00667768
0.00762909
0.00851685
0.00933501
0.01007824
0.01074187
0.01132198
0.01181538
0.01221955
0.01253250
0.01275255
0.01287818
0.01290785
0.01283996
0.01267292
0.01240540
0.01203663
0.01156688
0.01099783
0.01033295
0.00957770
0.00873956
0.00782773
0.00685276
0.00582587
0.00475833
0.00366077
0.00254268
0.00141214
0.00027579
-0.00086090
-0.00199308
-0.00311594
-0.00422399
-0.00531050
-0.00636718
-0.00738405
-0.00834978
-0.00925218
-0.01007901
-0.01081883
-0.01146181
-0.01200043
-0.01242982
-0.01274789
-0.01295503
-0.01305361
-0.01304729
-0.01294032
-0.01273681
-0.01244032
-0.01205360
-0.01157863
-0.01101691
-0.01036989
-0.00963947
-0.00882857
-0.00794140
-0.00698379
-0.00596314
-0.00488826
-0.00376911
-0.00261644
-0.00144139
-0.00025520
0.00093105
0.00210654
0.00326085
0.00438395
0.00546627
0.00649874
0.00747294
0.00838125
0.00921702
0.00997473
0.01065006
0.01123986
0.01174198
0.01215501
0.01247794
0.01270979
0.01284930
0.01289477
0.01284407
0.01269482
0.01244481
0.01209249
0.01163751
0.01108129
0.01042732
0.00968135
0.00885125
0.00794664
0.00697837
0.00595776
0.00489597
0.00380336
0.00268907
0.00156088
0.00042528
-0.00071218
-0.00184637
-0.00297202
-0.00408313
-0.00517258
-0.00623190
-0.00725131
-0.00821999
-0.00912657
-0.00995978
-0.01070905
-0.01136523
-0.01192100
-0.01237119
-0.01271287
-0.01294516
-0.01306898
-0.01308656
-0.01300094
-0.01281555
-0.01253379
-0.01215880
-0.01169337
-0.01113999
-0.01050110
-0.00977931
-0.00897779
-0.00810057
-0.00715282
-0.00614103
-0.00507305
-0.00395807
-0.00280643
-0.00162936
-0.00043867
0.00075362
0.00193563
0.00309591
0.00422375
0.00530934
0.00634393
0.00731987
0.00823061
0.00907066
0.00983546
0.01052126
0.01112495
0.01164391
0.01207585
0.01241864
0.01267019
0.01282841
0.01289121
0.01285651
0.01272247
0.01248768
0.01215145
0.01171412
0.01117735
0.01054441
0.00982027
0.00901164
0.00812680
0.00717532
0.00616761
0.00511444
0.00402637
0.00291337
0.00178438
0.00064725
-0.00049128
-0.00162528
-0.00274928
-0.00385775
-0.00494458
-0.00600272
-0.00702387
-0.00799853
-0.00891618
-0.00976574
-0.01053621
-0.01121733
-0.01180027
-0.01227821
-0.01264667
-0.01290361
-0.01304929
-0.01308586
-0.01301680
-0.01284634
-0.01257880
-0.01221817
-0.01176782
-0.01123044
-0.01060824
-0.00990327
-0.00911791
-0.00825539
-0.00732021
-0.00631843
-0.00525783
-0.00414785
-0.00299930
-0.00182401
-0.00063432
0.00055735
0.00173903
0.00289947
0.00402840
0.00511667
0.00615618
0.00713987
0.00806155
0.00891579
0.00969774
0.01040311
0.01102805
0.01156907
0.01202309
0.01238730
0.01265919
0.01283646
0.01291705
0.01289908
0.01278099
0.01256164
0.01224051
0.01181804
0.01129581
0.01067693
0.00996614
0.00916993
0.00829645
0.00735522
0.00635672
0.00531184
0.00423130
0.00312512
0.00200219
0.00087007
-0.00026500
-0.00139776
-0.00252347
-0.00363731
-0.00473369
-0.00580570
-0.00684482
-0.00784080
-0.00878198
-0.00965584
-0.01044982
-0.01115223
-0.01175314
-0.01224515
-0.01262384
-0.01288783
-0.01303856
-0.01307968
-0.01301627
-0.01285389
-0.01259782
-0.01225238
-0.01182064
-0.01130443
-0.01070465
-0.01002189
-0.00925716
-0.00841258
-0.00749201
-0.00650137
-0.00544876
-0.00434420
-0.00319921
-0.00202621
-0.00083788
0.00035340
0.00153598
0.00269920
0.00383339
0.00492983
0.00598053
0.00697811
0.00791560
0.00878648
0.00958470
0.01030488
0.01094244
0.01149373
0.01195607
0.01232763
0.01260721
0.01279394
0.01288691
0.01288495
0.01278651
0.01258976
0.01229291
0.01189469
0.01139498
0.01079542
0.01009983
0.00931447
0.00844798
0.00751091
0.00651510
0.00547276
0.00439562
0.00329416
0.00217705
0.00105106
-0.00007875
-0.00120844
-0.00233440
-0.00345242
-0.00455692
-0.00564037
-0.00669309
-0.00770346
-0.00865849
-0.00954471
-0.01034920
-0.01106060
-0.01166992
-0.01217104
-0.01256087
-0.01283912
-0.01300772
-0.01307008
-0.01303028
-0.01289232
-0.01265965
-0.01233485
-0.01191967
-0.01141538
-0.01082313
-0.01014457
-0.00938232
-0.00854034
-0.00762417
-0.00664092
-0.00559909
-0.00450831
-0.00337894
-0.00222173
-0.00104752
0.00013301
0.00130945
0.00247170
0.00361001
0.00471497
0.00577755
0.00678914
0.00774174
0.00862804
0.00944164
0.01017713
0.01083016
0.01139738
0.01187636
0.01226530
0.01256282
0.01276768
0.01287858
0.01289401
0.01281232
0.01263181
0.01235108
0.01196934
0.01148690
0.01090555
0.01022884
0.00946232
0.00861342
0.00769134
0.00670654
0.00567029
0.00459395
0.00348846
0.00236376
0.00122852
0.00008999
-0.00104584
-0.00217384
-0.00328924
-0.00438693
-0.00546096
-0.00650399
-0.00750712
-0.00845991
-0.00935079
-0.01016767
-0.01089877
-0.01153349
-0.01206328
-0.01248217
-0.01278718
-0.01297822
-0.01305777
-0.01303016
-0.01290080
-0.01267530
-0.01235869
-0.01195495
-0.01146682
-0.01089587
-0.01024301
-0.00950908
-0.00869559
-0.00780542
-0.00684330
-0.00581609
-0.00473270
-0.00360385
-0.00244148
-0.00125825
-0.00006680
0.00112066
0.00229278
0.00343921
0.00455066
0.00561871
0.00663573
0.00759469
0.00848912
0.00931306
0.01006116
0.01072878
0.01131211
0.01180814
0.01221464
0.01252990
0.01275257
0.01288131
0.01291461
0.01285068
0.01268759
0.01242355
0.01205734
0.01158890
0.01101988
0.01035401
0.00959736
0.00875819
0.00784659
0.00687380
0.00585145
0.00479071
0.00370159
0.00259252
0.00147024
0.00033999
-0.00079388
-0.00192719
-0.00305513
-0.00417158
-0.00526860
-0.00633636
-0.00736333
-0.00833689
-0.00924412
-0.01007270
-0.01081176
-0.01145260
-0.01198904
-0.01241752
-0.01273689
-0.01294793
-0.01305275
-0.01305419
-0.01295528
-0.01275885
-0.01246738
-0.01208301
-0.01160770
-0.01104352
-0.01039294
-0.00965912
-0.00884605
-0.00795873
-0.00700315
-0.00598629
-0.00491607
-0.00380128
-0.00265153
-0.00147716
-0.00028918
0.00090091
0.00208131
0.00324019
0.00436609
0.00544828
0.00647716
0.00744453
0.00834379
0.00916995
0.00991950
0.01059002
0.01117983
0.01168750
0.01211141
0.01244940
0.01269869
0.01285585
0.01291707
0.01287856
0.01273700
0.01249015
0.01213724
0.01167936
0.01111967
0.01046336
0.00971751
0.00889070
0.00799259
0.00703338
0.00602333
0.00497226
0.00388924
0.00278241
0.00165889
0.00052497
-0.00061366
-0.00175152
-0.00288287
-0.00400135
-0.00509957
-0.00616891
-0.00719950
-0.00818039
-0.00909994
-0.00994638
-0.01070848
-0.01137623
-0.01194146
-0.01239829
-0.01274335
-0.01297575
-0.01309676
-0.01310933
-0.01301750
-0.01282569
-0.01253823
-0.01215894
-0.01169098
-0.01113694
-0.01049911
-0.00977991
-0.00898233
-0.00811029
-0.00716902
-0.00616509
-0.00510637
-0.00400187
-0.00286145
-0.00169548
-0.00051463
0.00067038
0.00184883
0.00301008
0.00414358
0.00523897
0.00628618
0.00727568
0.00819880
0.00904810
0.00981761
0.01050308
0.01110193
0.01161306
0.01203637
0.01237222
0.01262073
0.01278130
0.01285221
0.01283058
0.01271270
0.01249456
0.01217274
0.01174532
0.01121262
0.01057785
0.00984724
0.00902984
0.00813685
0.00718072
0.00617408
0.00512871
0.00405481
0.00296056
0.00185219
0.00073436
-0.00038905
-0.00151406
-0.00263573
-0.00374747
-0.00484071
-0.00590497
-0.00692823
-0.00789771
-0.00880067
-0.00962531
-0.01036152
-0.01100131
-0.01153907
-0.01197147
-0.01229719
-0.01251643
-0.01263056
-0.01264159
-0.01255196
-0.01236433
-0.01208148
-0.01170635
-0.01124211
-0.01069215
-0.01006025
-0.00935057
-0.00856782
-0.00771738
-0.00680560
-0.00584002
-0.00482966
-0.00378523
-0.00271918
-0.00164551
-0.00057935
0.00046371
0.00146853
0.00242130
0.00331041
0.00412708
0.00486559
0.00552313
0.00609929
0.00659518
0.00701249
0.00735257
0.00761578
0.00780127
0.00790714
0.00793114
0.00787154
0.00772820
0.00750345
0.00720263
0.00683421
0.00640936
0.00594106
0.00544297
0.00492815
0.00440808
0.00389195
0.00338642
0.00289598
0.00242354
0.00197132
0.00154167
0.00113760
0.00076301
0.00042235
0.00012001
-0.00014059
-0.00035783
-0.00053249
-0.00066794
-0.00076973
-0.00084482
-0.00090038
-0.00094256
-0.00097551
-0.00100072
-0.00101714
-0.00102181
-0.00101100
-0.00098159
-0.00093244
-0.00086522
-0.00078471
-0.00069825
-0.00061449
-0.00054172
-0.00048599
-0.00044957
-0.00043004
-0.00042026
-0.00040941
-0.00038476
-0.00033403
-0.00024786
-0.00012180
0.00004245
0.00023693
0.00044846
