-5.462361
-5.445923
-5.461046
-5.452827
-5.456772
-5.455457
-5.460718
-5.454800
-5.454471
-5.445265
-5.455128
-5.458087
-5.458087
-5.448553
-5.460389
-5.445265
-5.450197
-5.456443
-5.447896
-5.461704
-5.447238
-5.460389
-5.460718
-5.455457
-5.458416
-5.456772
-5.456115
-5.465649
-5.466636
-5.476499
-5.477156
-5.492280
-5.488335
-5.493266
-5.496882
-5.504445
-5.504445
-5.498527
-5.487020
-5.480773
-5.463348
-5.464005
-5.456443
-5.441978
-5.417319
-5.409758
-5.382798
-5.371291
-5.352880
-5.316715
-5.308167
-5.276933
-5.260166
-5.231234
-5.215124
-5.186849
-5.176657
-5.144109
-5.137204
-5.120108
-5.109259
-5.101368
-5.091176
-5.091176
-5.107615
-5.113862
-5.129314
-5.145424
-5.163177
-5.183890
-5.222357
-5.253262
-5.291399
-5.314085
-5.372277
-5.414361
-5.458745
-5.507732
-5.549815
-5.594200
-5.646475
-5.685599
-5.730641
-5.780943
-5.821054
-5.853602
-5.894370
-5.927905
-5.953549
-5.977879
-6.000564
-5.999578
-6.026866
-6.035743
-6.032455
-6.022263
-6.030154
-6.015030
-5.996619
-5.974262
-5.952234
-5.928234
-5.889110
-5.868726
-5.824670
-5.790806
-5.746422
-5.700065
-5.649434
-5.587296
-5.548172
-5.500499
-5.440333
-5.381812
-5.344332
-5.292714
-5.239782
-5.192438
-5.142136
-5.096765
-5.044161
-5.020490
-4.982352
-4.957036
-4.923173
-4.905748
-4.893583
-4.881090
-4.860048
-4.858404
-4.870569
-4.872213
-4.891282
-4.900158
-4.927118
-4.955392
-4.986955
-5.009640
-5.052052
-5.096107
-5.133588
-5.193753
-5.238138
-5.280879
-5.337756
-5.388387
-5.440991
-5.494581
-5.541924
-5.595843
-5.642858
-5.697763
-5.734586
-5.791464
-5.836835
-5.864452
-5.908179
-5.945001
-5.975906
-5.997934
-6.017332
-6.021277
-6.044949
-6.045935
-6.048236
-6.041332
-6.046264
-6.029496
-6.008126
-5.980180
-5.966043
-5.939412
-5.911138
-5.881219
-5.830588
-5.797382
-5.751682
-5.708284
-5.663900
-5.611953
-5.562309
-5.513650
-5.463019
-5.406799
-5.348935
-5.298632
-5.245699
-5.194082
-5.141807
-5.106628
-5.061915
-5.026736
-4.989256
-4.961310
-4.934680
-4.912652
-4.887665
-4.883720
-4.868597
-4.859719
-4.870898
-4.869583
-4.890296
-4.907721
-4.929090
-4.957365
-4.976434
-5.011941
-5.055668
-5.089861
-5.137533
-5.183233
-5.224987
-5.265097
-5.323290
-5.381483
-5.426196
-5.477814
-5.522198
-5.579076
-5.631680
-5.682640
-5.732614
-5.778313
-5.820725
-5.860178
-5.892726
-5.939084
-5.968344
-5.991687
-6.013058
-6.032126
-6.037058
-6.053497
-6.050538
-6.050867
-6.045606
-6.035743
-6.019304
-5.995961
-5.973276
-5.946645
-5.920343
-5.884178
-5.845054
-5.803300
-5.753655
-5.721435
-5.670146
-5.621488
-5.574802
-5.519239
-5.467293
-5.407456
-5.363400
-5.310797
-5.249974
-5.195726
-5.156931
-5.116820
-5.063888
-5.032983
-4.988270
-4.962297
-4.931063
-4.919228
-4.892597
-4.877802
-4.873857
-4.873528
-4.871555
-4.870898
-4.887665
-4.889309
-4.924488
-4.953420
-4.978078
-5.004709
-5.033969
-5.081970
-5.132273
-5.179287
-5.210850
-5.269372
-5.311126
-5.374250
-5.426854
-5.478800
-5.525815
-5.577432
-5.617214
-5.670804
-5.714531
-5.776998
-5.816451
-5.847027
-5.901932
-5.935467
-5.961769
-5.981824
-6.011743
-6.023578
-6.040675
-6.052839
-6.055140
-6.056127
-6.037715
-6.028181
-6.009770
-6.001222
-5.976892
-5.953549
-5.921659
-5.891411
-5.856232
-5.821054
-5.776011
-5.724394
-5.679352
-5.634639
-5.585323
-5.529431
-5.472225
-5.415347
-5.368003
-5.313427
-5.267399
-5.219398
-5.169424
-5.116163
-5.079340
-5.027065
-5.007010
-4.966571
-4.944543
-4.918570
-4.895885
-4.888651
-4.864980
-4.873528
-4.859062
-4.869583
-4.885693
-4.894898
-4.918241
-4.933365
-4.964598
-4.999448
-5.041860
-5.080327
-5.123724
-5.166136
-5.214138
-5.255892
-5.311783
-5.362085
-5.411073
-5.462361
-5.517267
-5.571514
-5.617871
-5.672448
-5.707627
-5.755299
-5.798368
-5.848342
-5.893384
-5.922316
-5.955522
-5.976235
-5.998263
-6.018647
-6.038702
-6.052182
-6.041990
-6.044291
-6.045606
-6.027195
-6.012400
-6.005167
-5.977550
-5.954536
-5.924289
-5.899631
-5.859191
-5.821383
-5.776669
-5.734915
-5.690859
-5.640557
-5.592227
-5.542582
-5.483732
-5.437046
-5.381812
-5.329537
-5.278577
-5.224658
-5.177972
-5.131287
-5.078354
-5.047121
-5.003722
-4.966242
-4.949803
-4.928433
-4.907063
-4.881090
-4.866295
-4.869583
-4.870240
-4.869254
-4.877802
-4.891282
-4.905090
-4.944214
-4.963941
-5.000763
-5.028051
-5.076053
-5.111560
-5.159890
-5.205918
-5.241097
-5.303235
-5.342359
-5.408442
-5.459403
-5.497540
-5.562637
-5.611625
-5.662256
-5.709599
-5.759244
-5.807245
-5.843739
-5.878260
-5.923960
-5.953549
-5.975906
-5.998591
-6.020948
-6.040017
-6.050867
-6.047907
-6.049880
-6.054812
-6.044291
-6.030154
-6.011414
-5.983797
-5.959467
-5.931521
-5.906864
-5.866753
-5.831903
-5.785875
-5.744778
-5.699079
-5.645488
-5.596172
-5.544555
-5.498198
-5.441648
-5.383456
-5.326578
-5.275289
-5.234192
-5.183233
-5.131944
-5.091834
-5.050737
-5.010626
-4.978078
-4.942570
-4.930406
-4.905090
-4.887008
-4.875172
-4.874843
-4.865966
-4.861034
-4.880761
-4.896871
-4.915282
-4.935666
-4.951118
-4.991229
-5.014243
-5.068820
-5.101697
-5.138519
-5.196383
-5.243070
-5.295016
-5.339729
-5.389702
-5.442306
-5.501485
-5.549487
-5.597487
-5.652721
-5.704339
-5.750367
-5.793108
-5.840122
-5.871356
-5.918699
-5.948289
-5.965056
-5.998263
-6.016674
-6.026537
-6.043633
-6.053497
-6.052510
-6.055140
-6.039360
-6.023907
-6.006153
-5.977879
-5.961769
-5.928891
-5.909165
-5.875630
-5.838150
-5.795738
-5.755299
-5.701380
-5.651406
-5.601104
-5.557706
-5.509376
-5.442306
-5.387401
-5.347948
-5.295016
-5.231891
-5.190794
-5.149040
-5.101368
-5.049751
-5.011284
-4.983996
-4.954735
-4.933036
-4.906734
-4.896214
-4.869254
-4.876816
-4.866952
-4.868268
-4.866295
-4.893583
-4.905748
-4.935009
-4.949803
-4.985969
-5.012270
-5.049751
-5.104327
-5.140492
-5.186192
-5.237152
-5.289098
-5.331510
-5.385099
-5.441978
-5.492609
-5.530089
-5.592885
-5.640885
-5.695462
-5.738860
-5.792450
-5.829602
-5.869712
-5.911795
-5.932837
-5.972947
-5.986098
-6.018318
-6.035743
-6.046921
-6.041990
-6.055140
-6.050867
-6.042647
-6.025222
-6.008126
-5.997276
-5.958810
-5.938426
-5.903904
-5.884178
-5.833547
-5.792779
-5.764176
-5.702695
-5.666530
-5.621159
-5.570199
-5.516609
-5.458087
-5.404497
-5.357482
-5.304879
-5.241097
-5.190465
-5.149369
-5.110574
-5.064217
-5.027723
-4.997804
-4.965913
-4.938954
-4.909036
-4.896871
-4.885035
-4.877473
-4.873199
-4.870898
-4.878788
-4.892268
-4.902460
-4.928762
-4.947831
-4.986626
-5.019175
-5.051723
-5.097423
-5.142465
-5.180274
-5.217754
-5.272330
-5.325921
-5.379510
-5.426196
-5.482417
-5.536993
-5.579076
-5.638255
-5.681982
-5.737874
-5.784231
-5.825985
-5.868068
-5.905549
-5.939412
-5.958481
-5.993002
-6.006153
-6.032784
-6.040017
-6.053825
-6.059743
-6.054812
-6.047579
-6.034428
-6.016674
-5.992673
-5.977879
-5.953549
-5.920672
-5.876945
-5.851630
-5.813163
-5.763847
-5.720449
-5.673105
-5.620831
-5.567569
-5.522856
-5.470252
-5.418963
-5.357811
-5.308167
-5.258193
-5.209206
-5.157588
-5.106299
-5.077039
-5.030353
-5.001092
-4.972489
-4.940269
-4.915940
-4.902131
-4.885364
-4.863007
-4.871555
-4.859719
-4.872213
-4.889309
-4.906405
-4.924817
-4.943885
-4.982023
-5.013586
-5.043504
-5.084929
-5.135231
-5.163506
-5.210850
-5.272659
-5.313098
-5.369976
-5.420936
-5.475513
-5.523185
-5.577104
-5.627406
-5.665873
-5.714531
-5.761217
-5.815793
-5.857876
-5.900617
-5.935796
-5.961769
-5.984126
-6.013058
-6.027195
-6.030811
-6.047907
-6.051853
-6.054483
-6.035743
-6.032455
-6.016674
-5.995961
-5.981824
-5.948946
-5.922974
-5.897658
-5.854917
-5.822369
-5.778971
-5.730969
-5.684612
-5.634639
-5.571186
-5.527130
-5.484060
-5.424224
-5.377209
-5.326578
-5.266084
-5.217425
-5.167123
-5.119122
-5.079011
-5.045476
-5.011284
-4.978078
-4.935009
-4.923501
-4.905419
-4.888980
-4.880104
-4.872541
-4.874514
-4.871227
-4.883391
-4.897529
-4.924488
-4.947831
-4.974133
-4.994517
-5.042518
-5.079340
-5.117149
-5.166136
-5.205260
-5.257207
-5.315071
-5.350578
-5.416662
-5.459074
-5.520226
-5.556062
-5.607022
-5.673105
-5.723079
-5.766477
-5.800670
-5.854589
-5.884507
-5.916398
-5.947303
-5.980838
-6.011414
-6.018318
-6.041332
-6.046264
-6.044291
-6.052510
-6.038044
-6.030154
-6.020619
-6.004838
-5.972947
-5.958152
-5.932179
-5.901932
-5.863465
-5.826972
-5.781272
-5.737216
-5.676722
-5.637598
-5.594857
-5.529431
-5.487020
-5.426196
-5.386086
-5.333153
-5.278248
-5.224987
-5.176986
-5.130958
-5.086902
-5.038572
-5.009311
-4.976105
-4.949146
-4.924159
-4.906076
-4.890296
-4.882734
-4.870898
-4.871555
-4.874186
-4.879117
-4.900487
-4.906734
-4.934351
-4.968544
-4.988270
-5.031011
-5.077039
-5.116492
-5.154629
-5.209206
-5.254577
-5.293701
-5.355839
-5.402196
-5.460718
-5.510034
-5.555733
-5.604721
-5.653050
-5.712558
-5.747737
-5.798697
-5.847355
-5.882534
-5.924617
-5.957495
-5.985769
-6.003523
-6.018318
-6.040346
-6.047907
-6.058099
-6.060072
-6.047579
-6.038044
-6.025880
-6.008126
-5.975577
-5.963084
-5.937111
-5.905877
-5.864780
-5.836835
-5.793437
-5.747408
-5.694476
-5.642858
-5.602748
-5.542582
-5.493924
-5.442635
-5.388716
-5.335455
-5.276276
-5.235837
-5.186521
-5.139506
-5.093149
-5.047449
-5.017531
-4.991229
-4.962297
-4.935009
-4.904761
-4.896542
-4.869583
-4.877473
-4.870898
-4.876487
-4.884049
-4.894898
-4.908378
-4.939940
-4.968215
-4.995831
-5.030024
-5.067504
-5.098738
-5.151999
-5.193096
-5.243070
-5.296988
-5.342688
-5.391675
-5.451841
-5.502472
-5.552774
-5.598474
-5.650749
-5.696777
-5.743792
-5.791793
-5.832890
-5.874644
-5.918699
-5.951906
-5.977550
-6.001222
-6.023907
-6.037387
-6.047579
-6.054812
-6.059086
-6.041661
-6.032455
-6.025551
-6.009112
-5.981166
-5.967358
-5.942700
-5.914096
-5.871356
-5.843739
-5.802642
-5.758586
-5.710914
-5.655352
-5.602748
-5.561980
-5.507732
-5.451512
-5.402196
-5.337756
-5.288111
-5.242412
-5.196055
-5.147725
-5.101697
-5.051723
-5.022791
-4.996161
-4.960324
-4.925146
-4.909693
-4.895556
-4.878459
-4.869254
-4.867939
-4.874186
-4.868597
-4.891282
-4.912323
-4.926461
-4.961639
-4.991887
-5.010955
-5.051065
-5.097752
-5.133916
-5.189808
-5.237480
-5.282194
-5.337756
-5.384771
-5.439347
-5.488335
-5.541596
-5.581048
-5.647132
-5.696119
-5.737874
-5.789491
-5.827300
-5.860178
-5.906535
-5.937111
-5.976892
-5.997276
-6.019633
-6.036400
-6.048565
-6.048565
-6.050867
-6.057442
-6.049222
-6.036400
-6.016345
-5.999249
-5.962426
-5.942042
-5.917056
-5.877603
-5.851301
-5.811190
-5.763189
-5.712229
-5.668174
-5.622803
-5.571843
-5.516938
-5.461375
-5.408442
-5.364716
-5.313098
-5.259837
-5.208548
-5.158575
-5.113204
-5.074409
-5.032326
-4.993859
-4.972160
-4.929090
-4.911337
-4.887008
-4.881090
-4.876816
-4.875172
-4.876158
-4.874843
-4.891939
-4.911008
-4.926789
-4.948160
-4.987284
-5.018188
-5.058628
-5.084929
-5.136218
-5.184219
-5.225645
-5.264111
-5.321646
-5.377209
-5.429155
-5.476828
-5.533377
-5.584665
-5.623460
-5.674420
-5.733600
-5.782587
-5.825656
-5.852945
-5.893055
-5.938097
-5.969988
-5.989386
-6.003523
-6.032126
-6.043633
-6.053497
-6.059743
-6.052839
-6.051524
-6.038702
-6.020619
-5.999578
-5.975577
-5.941056
-5.913768
-5.889110
-5.850643
-5.810204
-5.762861
-5.725709
-5.674092
-5.620831
-5.580062
-5.523185
-5.468608
-5.416662
-5.370962
-5.317372
-5.269372
-5.220384
-5.171397
-5.124053
-5.078025
-5.038243
-5.003722
-4.972160
-4.941584
-4.921858
-4.891282
-4.890953
-4.878459
-4.869912
-4.867281
-4.864651
-4.890624
-4.892597
-4.915940
-4.948817
-4.980708
-5.015887
-5.043504
-5.087888
-5.133916
-5.171068
-5.224000
-5.258193
-5.311783
-5.371291
-5.423566
-5.473211
-5.521870
-5.577432
-5.629378
-5.665544
-5.724394
-5.775354
-5.817766
-5.859191
-5.894370
-5.932837
-5.966043
-5.977879
-6.013715
-6.028181
-6.030154
-6.051524
-6.049551
-6.055470
-6.038044
-6.030811
-6.017003
-5.991687
-5.983139
-5.952892
-5.915740
-5.895028
-5.856232
-5.820067
-5.779957
-5.737216
-5.689873
-5.632009
-5.580391
-5.537322
-5.481102
-5.431128
-5.369647
-5.314085
-5.269700
-5.219069
-5.170411
-5.123724
-5.080327
-5.047778
-5.006352
-4.973475
-4.952105
-4.917912
-4.906076
-4.889309
-4.875829
-4.869912
-4.875829
-4.877473
-4.889966
-4.901474
-4.922515
-4.939283
-4.968215
-4.993202
-5.037915
-5.080327
-5.127670
-5.171397
-5.211507
-5.248330
-5.305208
-5.356825
-5.416991
-5.460060
-5.516938
-5.565925
-5.613268
-5.670804
-5.717819
-5.753326
-5.808889
-5.839136
-5.886151
-5.922974
-5.950591
-5.982481
-6.009770
-6.022592
-6.042647
-6.050209
-6.057113
-6.059414
-6.038044
-6.029496
-6.022921
-6.009112
-5.973276
-5.956180
-5.928563
-5.900617
-5.863794
-5.819410
-5.791464
-5.738860
-5.687243
-5.642200
-5.592556
-5.546199
-5.492609
-5.441320
-5.372935
-5.335455
-5.284824
-5.235507
-5.187178
-5.139506
-5.096765
-5.048764
-5.012599
-4.982352
-4.943885
-4.926789
-4.911008
-4.895885
-4.883391
-4.867939
-4.872870
-4.869254
-4.880432
-4.887008
-4.922186
-4.938625
-4.969859
-4.999448
-5.024106
-5.064874
-5.107944
-5.161205
-5.202302
-5.253919
-5.296988
-5.356825
-5.406799
-5.453813
-5.509048
-5.551459
-5.597487
-5.653708
-5.711901
-5.755628
-5.800012
-5.843081
-5.886808
-5.915411
-5.954207
-5.983139
-5.997934
-6.018975
-6.041003
-6.052182
-6.044949
-6.045935
-6.052839
-6.041332
-6.024565
-5.997934
-5.991358
-5.966701
-5.936453
-5.910480
-5.863465
-5.826643
-5.795738
-5.751025
-5.705325
-5.651735
-5.599131
-5.550144
-5.498527
-5.451841
-5.396278
-5.344003
-5.287454
-5.235837
-5.182246
-5.132930
-5.096765
-5.060929
-5.022462
-4.986626
-4.955392
-4.930406
-4.903775
-4.894898
-4.875501
-4.878788
-4.872213
-4.863007
-4.879446
-4.891282
-4.913638
-4.933036
-4.963283
-4.986297
-5.031668
-5.059285
-5.104327
-5.153314
-5.185863
-5.244384
-5.293372
-5.341044
-5.397593
-5.447238
-5.501814
-5.539294
-5.603734
-5.651735
-5.697106
-5.743134
-5.781929
-5.838150
-5.872671
-5.914096
-5.949604
-5.975906
-5.995961
-6.019962
-6.037058
-6.047907
-6.056785
-6.060730
-6.044291
-6.041003
-6.032784
-6.015030
-5.991030
-5.957495
-5.932508
-5.911467
-5.877603
-5.834862
-5.804615
-5.762203
-5.710586
-5.658968
-5.608008
-5.562637
-5.513321
-5.450526
-5.402853
-5.344660
-5.301262
-5.253919
-5.202959
-5.153643
-5.107615
-5.063231
-5.024764
-4.994188
-4.968544
-4.938296
-4.903446
-4.900487
-4.886021
-4.876816
-4.869912
-4.866952
-4.883062
-4.881747
-4.909364
-4.933036
-4.954077
-4.988599
-5.019504
-5.064874
-5.092491
-5.144766
-5.184548
-5.239453
-5.284166
-5.331510
-5.389702
-5.432772
-5.488663
-5.542253
-5.583679
-5.640557
-5.690859
-5.742476
-5.782587
-5.828944
-5.872014
-5.907192
-5.930206
-5.974920
-5.990043
-6.005496
-6.031469
-6.049551
-6.047250
-6.057442
-6.048236
-6.036072
-6.026866
-6.017660
-5.991358
-5.976235
-5.950591
-5.921659
-5.874972
-5.841437
-5.814807
-5.755956
-5.723079
-5.675735
-5.626091
-5.572501
-5.509048
-5.469265
-5.408772
-5.362085
-5.306194
-5.255563
-5.201315
-5.153643
-5.107944
-5.060271
-5.030353
-5.003722
-4.957694
-4.939940
-4.920871
-4.903118
-4.883391
-4.877473
-4.864651
-4.873857
-4.879117
-4.890953
-4.908707
-4.924159
-4.947173
-4.970516
-5.017202
-5.047449
-5.093149
-5.141479
-5.185863
-5.224000
-5.278577
-5.317701
-5.372935
-5.430470
-5.482417
-5.534034
-5.585651
-5.623460
-5.686914
-5.733600
-5.778971
-5.822040
-5.865109
-5.894370
-5.931521
-5.966701
-5.982153
-6.005825
-6.031797
-6.045277
-6.056127
-6.060730
-6.055470
-6.052182
-6.039031
-6.019962
-5.998263
-5.971961
-5.951906
-5.924289
-5.882205
-5.845383
-5.822040
-5.764833
-5.733271
-5.679023
-5.623132
-5.572829
-5.520226
-5.478143
-5.425210
-5.357154
-5.312769
-5.266084
-5.219727
-5.171068
-5.124382
-5.078682
-5.042518
-5.002736
-4.966900
-4.948488
-4.916926
-4.902131
-4.884049
-4.874514
-4.872541
-4.874843
-4.878459
-4.892268
-4.900816
-4.914625
-4.951118
-4.966900
-4.999448
-5.049093
-5.089861
-5.134245
-5.176986
-5.216110
-5.270687
-5.317372
-5.362743
-5.406799
-5.473211
-5.512664
-5.575131
-5.627406
-5.667516
-5.712229
-5.768450
-5.816780
-5.851630
-5.898315
-5.931521
-5.962098
-5.990372
-6.009770
-6.017003
-6.045935
-6.055798
-6.053168
-6.056456
-6.042647
-6.026208
-6.022592
-6.004509
-5.983468
-5.953221
-5.917056
-5.901274
-5.865767
-5.822040
-5.785546
-5.731627
-5.687900
-5.642200
-5.591569
-5.538308
-5.479786
-5.425210
-5.381155
-5.325921
-5.272001
-5.221042
-5.164821
-5.117478
-5.084272
-5.042189
-5.014572
-4.972817
-4.947831
-4.928433
-4.898844
-4.880761
-4.869254
-4.871227
-4.870240
-4.871555
-4.878459
-4.900816
-4.922844
-4.943228
-4.974133
-5.006681
-5.035614
-5.075395
-5.126026
-5.169096
-5.204603
-5.260823
-5.311783
-5.360770
-5.399894
-5.465649
-5.508390
-5.563295
-5.618200
-5.664886
-5.719134
-5.751354
-5.806259
-5.849986
-5.887466
-5.924289
-5.945001
-5.977879
-6.010756
-6.016016
-6.040346
-6.051853
-6.055470
-6.052182
-6.053825
-6.037058
-6.021935
-6.010098
-5.974920
-5.955851
-5.932179
-5.892726
-5.866096
-5.833876
-5.788176
-5.748066
-5.690202
-5.654694
-5.605049
-5.549815
-5.500170
-5.441648
-5.391346
-5.336770
-5.281536
-5.228932
-5.173369
-5.132601
-5.084272
-5.057641
-5.018517
-4.978407
-4.952434
-4.924159
-4.897529
-4.893583
-4.884377
-4.875501
-4.876816
-4.876158
-4.883391
-4.898186
-4.913638
-4.928104
-4.966242
-4.997147
-5.028380
-5.073751
-5.119451
-5.156602
-5.205918
-5.248987
-5.286796
-5.346633
-5.405484
-5.446580
-5.507403
-5.549487
-5.604063
-5.654037
-5.709599
-5.751682
-5.800670
-5.845383
-5.884836
-5.919028
-5.949604
-5.975248
-6.001550
-6.024565
-6.026866
-6.043633
-6.059086
-6.061387
-6.048565
-6.039360
-6.016345
-6.012071
-5.984126
-5.965714
-5.942700
-5.906864
-5.878589
-5.830917
-5.803300
-5.743463
-5.711572
-5.656995
-5.598474
-5.559350
-5.501157
-5.455786
-5.401209
-5.346962
-5.292057
-5.233206
-5.185205
-5.143451
-5.096437
-5.055668
-5.023448
-4.989585
-4.953091
-4.921529
-4.902460
-4.898515
-4.878131
-4.864980
-4.873199
-4.875501
-4.870569
-4.884706
-4.917583
-4.936653
-4.961968
-4.992544
-5.020490
-5.069148
-5.099067
-5.155287
-5.199343
-5.238467
-5.292714
-5.337099
-5.396607
-5.438032
-5.498198
-5.543240
-5.588939
-5.639570
-5.696119
-5.743134
-5.785546
-5.822369
-5.877274
-5.916069
-5.945659
-5.978536
-6.002537
-6.015359
-6.031140
-6.039688
-6.059743
-6.060730
-6.042976
-6.044291
-6.034099
-6.015359
-5.993660
-5.964399
-5.944673
-5.914425
-5.880890
-5.848342
-5.800670
-5.766149
-5.706640
-5.673105
-5.617214
-5.559021
-5.504116
-5.464992
-5.395620
-5.358140
-5.306194
-5.251617
-5.199671
-5.152328
-5.110574
-5.062244
-5.022791
-4.990242
-4.964598
-4.935666
-4.909693
-4.893912
-4.882405
-4.880761
-4.868925
-4.877802
-4.884706
-4.883391
-4.900487
-4.933693
-4.950461
-4.988599
-5.019504
-5.061258
-5.097094
-5.141807
-5.186521
-5.237480
-5.271673
-5.333153
-5.383456
-5.439019
-5.474855
-5.538308
-5.589926
-5.640557
-5.686256
-5.741161
-5.772395
-5.825985
-5.870369
-5.903576
-5.939084
-5.970317
-5.997934
-6.016674
-6.030811
-6.049551
-6.044291
-6.045606
-6.058757
-6.051195
-6.038373
-6.017332
-5.996948
-5.971961
-5.951248
-5.921987
-5.890754
-5.857876
-5.809218
-5.774368
-5.721435
-5.665873
-5.631022
-5.579405
-5.525486
-5.469594
-5.407456
-5.365702
-5.309482
-5.251617
-5.207891
-5.152986
-5.105971
-5.074409
-5.024764
-4.997804
-4.974133
-4.943557
-4.910351
-4.898844
-4.889309
-4.875829
-4.862350
-4.877473
-4.883720
-4.884377
-4.906734
-4.920214
-4.948160
-4.983009
-5.005695
-5.053038
-5.097094
-5.138519
-5.179616
-5.223014
-5.262138
-5.313427
-5.376223
-5.422909
-5.475183
-5.528116
-5.579405
-5.625104
-5.681324
-5.718147
-5.762861
-5.806588
-5.858862
-5.897000
-5.924289
-5.956837
-5.993660
-6.016016
-6.030154
-6.033442
-6.047907
-6.047250
-6.055140
-6.043304
-6.026866
-6.022263
-5.997605
-5.982153
-5.949933
-5.925604
-5.890754
-5.854259
-5.822698
-5.776669
-5.719134
-5.682969
-5.638913
-5.582364
-5.521541
-5.477814
-5.423566
-5.379182
-5.321318
-5.260166
-5.215453
-5.162191
-5.119779
-5.074738
-5.044490
-5.007339
-4.976434
-4.943228
-4.913310
-4.904433
-4.887008
-4.874186
-4.874514
-4.874514
-4.866295
-4.877473
-4.906405
-4.920214
-4.936981
-4.974790
-5.008654
-5.035285
-5.074080
-5.118793
-5.166465
-5.206247
-5.269042
-5.305865
-5.370634
-5.406141
-5.462361
-5.507075
-5.570857
-5.618200
-5.668502
-5.717161
-5.760888
-5.808231
-5.853931
-5.882534
-5.932179
-5.962426
-5.984454
-6.012400
-6.024236
-6.041003
-6.049880
-6.061059
-6.046921
-6.050867
-6.041661
-6.028510
-5.998920
-5.985112
-5.955194
-5.925604
-5.902261
-5.870698
-5.818423
-5.789491
-5.731298
-5.693161
-5.648776
-5.593542
-5.540281
-5.491293
-5.436059
-5.380497
-5.334468
-5.280550
-5.225973
-5.178630
-5.136218
-5.088875
-5.050079
-5.007010
-4.982681
-4.953420
-4.926132
-4.895556
-4.880104
-4.875501
-4.878788
-4.875829
-4.877144
-4.889638
-4.897857
-4.918570
-4.938954
-4.968872
-4.997147
-5.040874
-5.081642
-5.123724
-5.154301
-5.199014
-5.258522
-5.302906
-5.353538
-5.410087
-5.451841
-5.512335
-5.548172
-5.614583
-5.664228
-5.709928
-5.756614
-5.792450
-5.846040
-5.889767
-5.912453
-5.958810
-5.984126
-6.001222
-6.024565
-6.035743
-6.039031
-6.059743
-6.055470
-6.054812
-6.041990
-6.020948
-6.012400
-5.977221
-5.963084
-5.937439
-5.908179
-5.871356
-5.837163
-5.789163
-5.749381
-5.701051
-5.644831
-5.604063
-5.557048
-5.502143
-5.449211
-5.386744
-5.343017
-5.287783
-5.231234
-5.181260
-5.140492
-5.099724
-5.044819
-5.019832
-4.990900
-4.959667
-4.933693
-4.913638
-4.883062
-4.886021
-4.875501
-4.871884
-4.874186
-4.879117
-4.885693
-4.919885
-4.939283
-4.967886
-4.986626
-5.031339
-5.069477
-5.114519
-5.143780
-5.200658
-5.248001
-5.299290
-5.336770
-5.398908
-5.446580
-5.499513
-5.548500
-5.599460
-5.656667
-5.705325
-5.751025
-5.784560
-5.828287
-5.883192
-5.920014
-5.946974
-5.979523
-5.989386
-6.022592
-6.040017
-6.052510
-6.048236
-6.051853
-6.043304
-6.042647
-6.031469
-6.012400
-5.990043
-5.962426
-5.942371
-5.913768
-5.866096
-5.839136
-5.798697
-5.743134
-5.713544
-5.659297
-5.617214
-5.557048
-5.507075
-5.457758
-5.392662
-5.353866
-5.298304
-5.241426
-5.190137
-5.149369
-5.106628
-5.053038
-5.024764
-4.994517
-4.960982
-4.922844
-4.909036
-4.900487
-4.884049
-4.872213
-4.875501
-4.875172
-4.882405
-4.896542
-4.901803
-4.937639
-4.960324
-4.979722
-5.016873
-5.061586
-5.104656
-5.150026
-5.181918
-5.236823
-5.291399
-5.339729
-5.378853
-5.443621
-5.481431
-5.539623
-5.594529
-5.646475
-5.698092
-5.736230
-5.789491
-5.827629
-5.872014
-5.899302
-5.933823
-5.976235
-6.000235
-6.021277
-6.037715
-6.044291
-6.055140
-6.053825
-6.052839
-6.049222
-6.032455
-6.006811
-5.994975
-5.971632
-5.934481
-5.916069
-5.881548
-5.846698
-5.810862
-5.759244
-5.710914
-5.669160
-5.624775
-5.563295
-5.507732
-5.467950
-5.414689
-5.354853
-5.306851
-5.260166
-5.208548
-5.160547
-5.114190
-5.072107
-5.035285
-5.000434
-4.953091
-4.941584
-4.909693
-4.896214
-4.890296
-4.874843
-4.873528
-4.873528
-4.882405
-4.879775
-4.899501
-4.933365
-4.958023
-4.974133
-5.008654
-5.061586
-5.087888
-5.143780
-5.186521
-5.219069
-5.273974
-5.325592
-5.374250
-5.430799
-5.484060
-5.536993
-5.584008
-5.637598
-5.684284
-5.725380
-5.784231
-5.811519
-5.860178
-5.906535
-5.941713
-5.958481
-5.992016
-6.015687
-6.034428
-6.032455
-6.052510
-6.053825
-6.043633
-6.045606
-6.035414
-6.021277
-5.986427
-5.977879
-5.939412
-5.910809
-5.895028
-5.858205
-5.817766
-5.769765
-5.725051
-5.674092
-5.625762
-5.575788
-5.514965
-5.475841
-5.407456
-5.370305
-5.316715
-5.263124
-5.212822
-5.167123
-5.113204
-5.076381
-5.035285
-5.007997
-4.969530
-4.939611
-4.921529
-4.902460
-4.875501
-4.880761
-4.876816
-4.876158
-4.868268
-4.881419
-4.899830
-4.920543
-4.946845
-4.977749
-5.010298
-5.049751
-5.079998
-5.121094
-5.172712
-5.212493
-5.273645
-5.319345
-5.360442
-5.426196
-5.476499
-5.523842
-5.569870
-5.615241
-5.677380
-5.728668
-5.773053
-5.810862
-5.859849
-5.893384
-5.930864
-5.949933
-5.988728
-6.012400
-6.031797
-6.032455
-6.048236
-6.051195
-6.049222
-6.042976
-6.026866
-6.019304
-6.005167
-5.975577
-5.941385
-5.923960
-5.890096
-5.863794
-5.824341
-5.780943
-5.736559
-5.686585
-5.636283
-5.579734
-5.526144
-5.488006
-5.425868
-5.380826
-5.329208
-5.276933
-5.223672
-5.166465
-5.128656
-5.084600
-5.041203
-5.007668
-4.978735
-4.947173
-4.921529
-4.904104
-4.887008
-4.875829
-4.875501
-4.870898
-4.879775
-4.890296
-4.900816
-4.921529
-4.949475
-4.973146
-5.010955
-5.047449
-5.084600
-5.122409
-5.168438
-5.212493
-5.265426
-5.303893
-5.366031
-5.408442
-5.467622
-5.516938
-5.565597
-5.617871
-5.658968
-5.715846
-5.761217
-5.800670
-5.854259
-5.885493
-5.929220
-5.960125
-5.971961
-5.994975
-6.024893
-6.040675
-6.054154
-6.058099
-6.058428
-6.054483
-6.039031
-6.017003
-6.004180
-5.982810
-5.959796
-5.931521
-5.902261
-5.859520
-5.823355
-5.787848
-5.728668
-5.693490
-5.647132
-5.585323
-5.539294
-5.478143
-5.438690
-5.382141
-5.334140
-5.286139
-5.226631
-5.183233
-5.128327
-5.093477
-5.051394
-5.011941
-4.984982
-4.948160
-4.929748
-4.908049
-4.886021
-4.884049
-4.876487
-4.860706
-4.865309
-4.887336
-4.898186
-4.921200
-4.944543
-4.956379
-5.003394
-5.036271
-5.076053
-5.117149
-5.146410
-5.200658
-5.246686
-5.301591
-5.347620
-5.401538
-5.448882
-5.500170
-5.551459
-5.603076
-5.663242
-5.708613
-5.757600
-5.801985
-5.837492
-5.885493
-5.908507
-5.947960
-5.980509
-6.004838
-6.025222
-6.035743
-6.052182
-6.057771
-6.059086
-6.040017
-6.042647
-6.030154
-6.006153
-5.975906
-5.959138
-5.929549
-5.908836
-5.876616
-5.824670
-5.794094
-5.737874
-5.704010
-5.653708
-5.593542
-5.554747
-5.495239
-5.451183
-5.397922
-5.332167
-5.287125
-5.239782
-5.192438
-5.142136
-5.086245
-5.047778
-5.007997
-4.988599
-4.952763
-4.925803
-4.912652
-4.898515
-4.886021
-4.868597
-4.871227
-4.872870
-4.880432
-4.897200
-4.914296
-4.937310
-4.956379
-4.987284
-5.026736
-5.062573
-5.113204
-5.155287
-5.193425
-5.244713
-5.293701
-5.334140
-5.398251
-5.434087
-5.493595
-5.541267
-5.590583
-5.643516
-5.704010
-5.741490
-5.795738
-5.826972
-5.877274
-5.904891
-5.944015
-5.970645
-5.987413
-6.021277
-6.031797
-6.042647
-6.048236
-6.044949
-6.053168
-6.042647
-6.027853
-6.012729
-5.994646
-5.969002
-5.945001
-5.905549
-5.869054
-5.845712
-5.787848
-5.758258
-5.709270
-5.660941
-5.607022
-5.565597
-5.506746
-5.458745
-5.406799
-5.355839
-5.300933
-5.243398
-5.192438
-5.150355
-5.107944
-5.069148
-5.015558
-4.995831
-4.959009
-4.929090
-4.912981
-4.894569
-4.871555
-4.879117
-4.872541
-4.873199
-4.880104
-4.883720
-4.906405
-4.936653
-4.954735
-4.988927
-5.027065
-5.051065
-5.104984
-5.143451
-5.188493
-5.234192
-5.284824
-5.339400
-5.388716
-5.432443
-5.487348
-5.541267
-5.590583
-5.638584
-5.690859
-5.739846
-5.787848
-5.831903
-5.866425
-5.895685
-5.940727
-5.967029
-5.996619
-6.009441
-6.034428
-6.045277
-6.046264
-6.058428
-6.051853
-6.040346
-6.037387
-6.019304
-5.998591
-5.975577
-5.947303
-5.921987
-5.888124
-5.853931
-5.797382
-5.766477
-5.709270
-5.667516
-5.621488
-5.574144
-5.507732
-5.462690
-5.415018
-5.365045
-5.313098
-5.250631
-5.209206
-5.153314
-5.115177
-5.064217
-5.030682
-4.996818
-4.968544
-4.940927
-4.917255
-4.902460
-4.887665
-4.876816
-4.872541
-4.875829
-4.878788
-4.887665
-4.907063
-4.930735
-4.952763
-4.985311
-5.018188
-5.050737
-5.096765
-5.140163
-5.176986
-5.223343
-5.279892
-5.325263
-5.365702
-5.429484
-5.471896
-5.529760
-5.585323
-5.634639
-5.686256
-5.730641
-5.776011
-5.814807
-5.865109
-5.897000
-5.933823
-5.955522
-5.988400
-6.016674
-6.034428
-6.044291
-6.048894
-6.052510
-6.051853
-6.052510
-6.037715
-6.021277
-6.000564
-5.975906
-5.953878
-5.917056
-5.890754
-5.853273
-5.813492
-5.776340
-5.725709
-5.671133
-5.628392
-5.581048
-5.526144
-5.463676
-5.425868
-5.371949
-5.321646
-5.269372
-5.209863
-5.156602
-5.125369
-5.079998
-5.038243
-4.994517
-4.966900
-4.948817
-4.924817
-4.899501
-4.890296
-4.881419
-4.860377
-4.868597
-4.880432
-4.890624
-4.901474
-4.923831
-4.949803
-4.974133
-5.011284
-5.051723
-5.092162
-5.129972
-5.177315
-5.222357
-5.266084
-5.318358
-5.367675
-5.417977
-5.461046
-5.516280
-5.575131
-5.627735
-5.670475
-5.725709
-5.757271
-5.807245
-5.850315
-5.895357
-5.923302
-5.962755
-5.986098
-6.008783
-6.024236
-6.044291
-6.040675
-6.050538
-6.046592
-6.038702
-6.028510
-6.012400
-6.002208
-5.981166
-5.958152
-5.921001
-5.885164
-5.862150
-5.825327
-5.772395
-5.729983
-5.690202
-5.639242
-5.587296
-5.530089
-5.472553
-5.429813
-5.365045
-5.327235
-5.277591
-5.221370
-5.173698
-5.130958
-5.089532
-5.035942
-5.011284
-4.976763
-4.951776
-4.928433
-4.894898
-4.892926
-4.882734
-4.861034
-4.860377
-4.879446
-4.886350
-4.904104
-4.918899
-4.939940
-4.966900
-5.003065
-5.044490
-5.075724
-5.125040
-5.153972
-5.201315
-5.263453
-5.308824
-5.360442
-5.404826
-5.455786
-5.516280
-5.555076
-5.609981
-5.667187
-5.707955
-5.759902
-5.805601
-5.851958
-5.882205
-5.923302
-5.946974
-5.982153
-6.000235
-6.021277
-6.033442
-6.045606
-6.058428
-6.046921
-6.042976
-6.042976
-6.024236
-6.006153
-5.980838
-5.956837
-5.920672
-5.905220
-5.867740
-5.832890
-5.789820
-5.745436
-5.698750
-5.643187
-5.585323
-5.536007
-5.493595
-5.438032
-5.380826
-5.337428
-5.277591
-5.221699
-5.177315
-5.138848
-5.093477
-5.058299
-5.004380
-4.982352
-4.950132
-4.927775
-4.909036
-4.888651
-4.871227
-4.873528
-4.871227
-4.872541
-4.885035
-4.894569
-4.918899
-4.927775
-4.957694
-4.995503
-5.031997
-5.076710
-5.104656
-5.151670
-5.190794
-5.253590
-5.304879
-5.347620
-5.399894
-5.440005
-5.503458
-5.559679
-5.610310
-5.657653
-5.704339
-5.747737
-5.798697
-5.834862
-5.882205
-5.906206
-5.943686
-5.965714
-5.991358
-6.010427
-6.041003
-6.036400
-6.050209
-6.059086
-6.041332
-6.045935
-6.026537
-6.013058
-5.977879
-5.963741
-5.940727
-5.902918
-5.868397
-5.824999
-5.796724
-5.753326
-5.704997
-5.653050
-5.609981
-5.554747
-5.505102
-5.449211
-5.399894
-5.344003
-5.288440
-5.232220
-5.179287
-5.136876
-5.090847
-5.055011
-5.026408
-4.989914
-4.960324
-4.921200
-4.911008
-4.894569
-4.880104
-4.876816
-4.872541
-4.877802
-4.883391
-4.894569
-4.916597
-4.933365
-4.963612
-4.985640
-5.031668
-5.055340
-5.107615
-5.138519
-5.196055
-5.235507
-5.286468
-5.332167
-5.383127
-5.446580
-5.494910
-5.545541
-5.600775
-5.638255
-5.691517
-5.741819
-5.791464
-5.826314
-5.864780
-5.912124
-5.944344
-5.966372
-5.992673
-6.016674
-6.024565
-6.046264
-6.056127
-6.053825
-6.053825
-6.041332
-6.035085
-6.008783
-5.993660
-5.967029
-5.940727
-5.914425
-5.878589
-5.846698
-5.800670
-5.752340
-5.701051
-5.664557
-5.618529
-5.560336
-5.514307
-5.454800
-5.403840
-5.358798
-5.292714
-5.252933
-5.199343
-5.150684
-5.104656
-5.072107
-5.020161
-4.983996
-4.960324
-4.940269
-4.918570
-4.895885
-4.884706
-4.875501
-4.860048
-4.865637
-4.883391
-4.892268
-4.899501
-4.931392
-4.944872
-4.989585
-5.017202
-5.049093
-5.090190
-5.145424
-5.184548
-5.238138
-5.287125
-5.332167
-5.377209
-5.435402
-5.474526
-5.534034
-5.580062
-5.629378
-5.693161
-5.726696
-5.786203
-5.825656
-5.871027
-5.895028
-5.935467
-5.968016
-5.988400
-6.003852
-6.035085
-6.045935
-6.040346
-6.049880
-6.053168
-6.050867
-6.033442
-6.015359
-5.994975
-5.963084
-5.949933
-5.918699
-5.891411
-5.851301
-5.803628
-5.760888
-5.710914
-5.661927
-5.627735
-5.572172
-5.523185
-5.467293
-5.416004
-5.363072
-5.304879
-5.260823
-5.209206
-5.150355
-5.103998
-5.076381
-5.023777
-4.987284
-4.971502
-4.937968
-4.922515
-4.901474
-4.886679
-4.880761
-4.874514
-4.866624
-4.882076
-4.893583
-4.906405
-4.917583
-4.954735
-4.971174
-5.014572
-5.057312
-5.095450
-5.136218
-5.181918
-5.220713
-5.274632
-5.319345
-5.367675
-5.418306
-5.470581
-5.525815
-5.584008
-5.631022
-5.680667
-5.725051
-5.775354
-5.816122
-5.864123
-5.902918
-5.930206
-5.967029
-5.986098
-6.014372
-6.018975
-6.034099
-6.049880
-6.057442
-6.050867
-6.049880
-6.033442
-6.023907
-5.996948
-5.976235
-5.953221
-5.927905
-5.896014
-5.858205
-5.806259
-5.771409
-5.731627
-5.683297
-5.623132
-5.585323
-5.530089
-5.476499
-5.420279
-5.372935
-5.323290
-5.263782
-5.218740
-5.161862
-5.119779
-5.086245
-5.042189
-5.001750
-4.976763
-4.938625
-4.925146
-4.907063
-4.892268
-4.873199
-4.867281
-4.871884
-4.880104
-4.887994
-4.906076
-4.926132
-4.935666
-4.974790
-4.998791
-5.041203
-5.086573
-5.117478
-5.162191
-5.216767
-5.267070
-5.304879
-5.368332
-5.417648
-5.466964
-5.519897
-5.565268
-5.625433
-5.671133
-5.714202
-5.756614
-5.810862
-5.857547
-5.888452
-5.930535
-5.958152
-5.988070
-5.995304
-6.020290
-6.029496
-6.049880
-6.058099
-6.044620
-6.055140
-6.037058
-6.027853
-5.991358
-5.983468
-5.944673
-5.917056
-5.895028
-5.852616
-5.827629
-5.782258
-5.733600
-5.679352
-5.646146
-5.585980
-5.535349
-5.489650
-5.437375
-5.384771
-5.320331
-5.282522
-5.229261
-5.180603
-5.132273
-5.087560
-5.036271
-4.999448
-4.980380
-4.948817
-4.914296
-4.901803
-4.894241
-4.878131
-4.874843
-4.874843
-4.865637
-4.889638
-4.902131
-4.920543
-4.930735
-4.973804
-5.006024
-5.043175
-5.081313
-5.118464
-5.166465
-5.204274
-5.253919
-5.300933
-5.359127
-5.409429
-5.454142
-5.513321
-5.563952
-5.614583
-5.662585
-5.700722
-5.756614
-5.804615
-5.851301
-5.876945
-5.912124
-5.957166
-5.982481
-5.992345
-6.017989
-6.028510
-6.050209
-6.058099
-6.045277
-6.055140
-6.039360
-6.030154
-6.002208
-5.982810
-5.960783
-5.936124
-5.900617
-5.868068
-5.833876
-5.791135
-5.747079
-5.702037
-5.639242
-5.604392
-5.545212
-5.500170
-5.440662
-5.392004
-5.343674
-5.277919
-5.231562
-5.183561
-5.141150
-5.093477
-5.053038
-5.017859
-4.977420
-4.955064
-4.930077
-4.900487
-4.894241
-4.880104
-4.875172
-4.874843
-4.873857
-4.885035
-4.897200
-4.911666
-4.940927
-4.968215
-4.999119
-5.036271
-5.068491
-5.100382
-5.154958
-5.196712
-5.250960
-5.293043
-5.350250
-5.398251
-5.452169
-5.488992
-5.550144
-5.598803
-5.654037
-5.706312
-5.739518
-5.792121
-5.832561
-5.872342
-5.914425
-5.946645
-5.976235
-6.004180
-6.025880
-6.030811
-6.051524
-6.050538
-6.061059
-6.050538
-6.043962
-6.027524
-6.015030
-5.987084
-5.959796
-5.935138
-5.912453
-5.877932
-5.841109
-5.797382
-5.749052
-5.707955
-5.655023
-5.614255
-5.558692
-5.507075
-5.456115
-5.404169
-5.349592
-5.292057
-5.233206
-5.189808
-5.147725
-5.097752
-5.059943
-5.026079
-4.992873
-4.953091
-4.921858
-4.915282
-4.899172
-4.877802
-4.876158
-4.860706
-4.872213
-4.872213
-4.898844
-4.908707
-4.922515
-4.957036
-4.994845
-5.024435
-5.065203
-5.100710
-5.151341
-5.196712
-5.229589
-5.288111
-5.339729
-5.389702
-5.434416
-5.495568
-5.535349
-5.588939
-5.634639
-5.694476
-5.745436
-5.790149
-5.832232
-5.877274
-5.897986
-5.929878
-5.974591
-5.999907
-6.018975
-6.035414
-6.033770
-6.053168
-6.056127
-6.049880
-6.045935
-6.034757
-6.002208
-5.996290
-5.958481
-5.938426
-5.920343
-5.887466
-5.842424
-5.793108
-5.762203
-5.718805
-5.657324
-5.618858
-5.555733
-5.508061
-5.462361
-5.412388
-5.358469
-5.296002
-5.257535
-5.206247
-5.154301
-5.114190
-5.071121
-5.018517
-4.991558
-4.955392
-4.937639
-4.916268
-4.902460
-4.878459
-4.869254
-4.870240
-4.870898
-4.877144
-4.881747
-4.910351
-4.932050
-4.944214
-4.990571
-5.015887
-5.047778
-5.086245
-5.143122
-5.187178
-5.228603
-5.275947
-5.329537
-5.379839
-5.431457
-5.486691
-5.534692
-5.577432
-5.636611
-5.684941
-5.732285
-5.776340
-5.820725
-5.869383
-5.907850
-5.936782
-5.965385
-5.996619
-6.004838
-6.027853
-6.044291
-6.052510
-6.056127
-6.052839
-6.048565
-6.037058
-6.012400
-5.997934
-5.971632
-5.951577
-5.914425
-5.882534
-5.841109
-5.811519
-5.771409
-5.723736
-5.672777
-5.623789
-5.580062
-5.528116
-5.460060
-5.415676
-5.363072
-5.311454
-5.265426
-5.215124
-5.166794
-5.122081
-5.079340
-5.031339
-4.995174
-4.972489
-4.937639
-4.923501
-4.891939
-4.886021
-4.870898
-4.867281
-4.876158
-4.884049
-4.893583
-4.910022
-4.925474
-4.954077
-4.969859
-5.018188
-5.047778
-5.088875
-5.131615
-5.178301
-5.218411
-5.264769
-5.324276
-5.367346
-5.425868
-5.475841
-5.525815
-5.580720
-5.625762
-5.677708
-5.729326
-5.775354
-5.820725
-5.863137
-5.901603
-5.921659
-5.959467
-5.989715
-6.008455
-6.029825
-6.041661
-6.051195
-6.054154
-6.058757
-6.047907
-6.043304
-6.013058
-6.000893
-5.967687
-5.950591
-5.918699
-5.893713
-5.863794
-5.816122
-5.772395
-5.719791
-5.687572
-5.633653
-5.583679
-5.528116
-5.484389
-5.425210
-5.373592
-5.319674
-5.276276
-5.225316
-5.176986
-5.131287
-5.082299
-5.049093
-5.007010
-4.980708
-4.952105
-4.918899
-4.909364
-4.893583
-4.867610
-4.860048
-4.875829
-4.877473
-4.887336
-4.897857
-4.914953
-4.949146
-4.975448
-5.008654
-5.044161
-5.084272
-5.122738
-5.170411
-5.203288
-5.267070
-5.312769
-5.349592
-5.401538
-5.462033
-5.519897
-5.559679
-5.619844
-5.664886
-5.708284
-5.767463
-5.804615
-5.842752
-5.894699
-5.929220
-5.958152
-5.988400
-6.011743
-6.029496
-6.036729
-6.043633
-6.058428
-6.053497
-6.047250
-6.043633
-6.027195
-6.000564
-5.982481
-5.952892
-5.923631
-5.896672
-5.853931
-5.828287
-5.784560
-5.727682
-5.692832
-5.648776
-5.590583
-5.544555
-5.478471
-5.442306
-5.387401
-5.333153
-5.284824
-5.234521
-5.185863
-5.139506
-5.087888
-5.051065
-5.006681
-4.980051
-4.952763
-4.933365
-4.912652
-4.887665
-4.869583
-4.872870
-4.860048
-4.873528
-4.887665
-4.899830
-4.921858
-4.930077
-4.967557
-4.999119
-5.027723
-5.077367
-5.113862
-5.161205
-5.204603
-5.245371
-5.308496
-5.350250
-5.398908
-5.454800
-5.502143
-5.555733
-5.605707
-5.660612
-5.709928
-5.746093
-5.799026
-5.836835
-5.880890
-5.910151
-5.955851
-5.982481
-6.007797
-6.019633
-6.040346
-6.044291
-6.053825
-6.045277
-6.053497
-6.047579
-6.026537
-6.002865
-5.987084
-5.953221
-5.926261
-5.901274
-5.860835
-5.836835
-5.795081
-5.735901
-5.703352
-5.657653
-5.607679
-5.552117
-5.503129
-5.443950
-5.386086
-5.329865
-5.287125
-5.229261
-5.184548
-5.129642
-5.102355
-5.054682
-5.024764
-4.989585
-4.959338
-4.935995
-4.908049
-4.898515
-4.884706
-4.871884
-4.868268
-4.878788
-4.873857
-4.892597
-4.913310
-4.936324
-4.966900
-4.992873
-5.025750
-5.069806
-5.107944
-5.144766
-5.194082
-5.236165
-5.288440
-5.347620
-5.394963
-5.435731
-5.495239
-5.540938
-5.606036
-5.655352
-5.703024
-5.748394
-5.798368
-5.839465
-5.878260
-5.915740
-5.941056
-5.977879
-6.003852
-6.017660
-6.039360
-6.036729
-6.053825
-6.059743
-6.052182
-6.041990
-6.029496
-6.013058
-5.985769
-5.969988
-5.944015
-5.914754
-5.881877
-5.837821
-5.794752
-5.760231
-5.705654
-5.663571
-5.615899
-5.557048
-5.509048
-5.455786
-5.408442
-5.354195
-5.301591
-5.250631
-5.200986
-5.152986
-5.095450
-5.062573
-5.019832
-4.987284
-4.961310
-4.938625
-4.903118
-4.885035
-4.887336
-4.879446
-4.865966
-4.863336
-4.879775
-4.892597
-4.912652
-4.928762
-4.953420
-4.986955
-5.021805
-5.066189
-5.105313
-5.134574
-5.190794
-5.227946
-5.290084
-5.333482
-5.382798
-5.427183
-5.490636
-5.532062
-5.587624
-5.646146
-5.680010
-5.739518
-5.788176
-5.832890
-5.864780
-5.907521
-5.939412
-5.969331
-5.999578
-6.007797
-6.029496
-6.042318
-6.056456
-6.058757
-6.058099
-6.046592
-6.030811
-6.012071
-5.997605
-5.959796
-5.934481
-5.914754
-5.873657
-5.851301
-5.803300
-5.761874
-5.718476
-5.674749
-5.609981
-5.572501
-5.518253
-5.457758
-5.405155
-5.361757
-5.303893
-5.258851
-5.209206
-5.162191
-5.107944
-5.065532
-5.035942
-5.000434
-4.959338
-4.935995
-4.912652
-4.889966
-4.888651
-4.878131
-4.867939
-4.869912
-4.883720
-4.884706
-4.907392
-4.930735
-4.946187
-4.979722
-5.022462
-5.050079
-5.084600
-5.137204
-5.176000
-5.229589
-5.267727
-5.329208
-5.377538
-5.430799
-5.484060
-5.526472
-5.572829
-5.634639
-5.685927
-5.720120
-5.772395
-5.811848
-5.860835
-5.900288
-5.930864
-5.966701
-5.990701
-6.011085
-6.019304
-6.032455
-6.043304
-6.045277
-6.051524
-6.048565
-6.039360
-6.021277
-5.991030
-5.978536
-5.954207
-5.912453
-5.892069
-5.854589
-5.804286
-5.776011
-5.721764
-5.681982
-5.629378
-5.579405
-5.528445
-5.463019
-5.425210
-5.365373
-5.313098
-5.262796
-5.213480
-5.165808
-5.123724
-5.079340
-5.036928
-5.002079
-4.965585
-4.946516
-4.923831
-4.890624
-4.881419
-4.876816
-4.871884
-4.876158
-4.867939
-4.890624
-4.902789
-4.919885
-4.949146
-4.982023
-5.012270
-5.044161
-5.076053
-5.129314
-5.174027
-5.221042
-5.274303
-5.308167
-5.369647
-5.415676
-5.461375
-5.524171
-5.579405
-5.616556
-5.664886
-5.712229
-5.772724
-5.809875
-5.845383
-5.899302
-5.918699
-5.958810
-5.976892
-6.007468
-6.022592
-6.045606
-6.053497
-6.049551
-6.055798
-6.055140
-6.042976
-6.020948
-5.997605
-5.981824
-5.954536
-5.924289
-5.892069
-5.849000
-5.820067
-5.780614
-5.723408
-5.680338
-5.632666
-5.591569
-5.538637
-5.484718
-5.429155
-5.367675
-5.324276
-5.271673
-5.218082
-5.171397
-5.123067
-5.075066
-5.049751
-5.007339
-4.980380
-4.945529
-4.925803
-4.904433
-4.883391
-4.880104
-4.876158
-4.863336
-4.866624
-4.881747
-4.895227
-4.918570
-4.948160
-4.963612
-5.011284
-5.047121
-5.071450
-5.113862
-5.167451
-5.202630
-5.258193
-5.314742
-5.360770
-5.404826
-5.460718
-5.512006
-5.561322
-5.611953
-5.656009
-5.713873
-5.765820
-5.810533
-5.849328
-5.893055
-5.927248
-5.949604
-5.977550
-6.002537
-6.024565
-6.039031
-6.043962
-6.057771
-6.057113
-6.041661
-6.030482
-6.021935
-6.007797
-5.978536
-5.960125
-5.929220
-5.901603
-5.871027
-5.828615
-5.780943
-5.739846
-5.692503
-5.649763
-5.585651
-5.534692
-5.492938
-5.433758
-5.385757
-5.333811
-5.279234
-5.226302
-5.180274
-5.129972
-5.095121
-5.050737
-5.019832
-4.986626
-4.958023
-4.929748
-4.909693
-4.891611
-4.879446
-4.869583
-4.866624
-4.876487
-4.873199
-4.898844
-4.913310
-4.944214
-4.972489
-5.006024
-5.039887
-5.068820
-5.103341
-5.154629
-5.206904
-5.255892
-5.296331
-5.340715
-5.402196
-5.451841
-5.509048
-5.560665
-5.608337
-5.646475
-5.709270
-5.743463
-5.790478
-5.847355
-5.885493
-5.920343
-5.950591
-5.975577
-5.999907
-6.018318
-6.039360
-6.041990
-6.049222
-6.051853
-6.059086
-6.042976
-6.025880
-6.008783
-5.990701
-5.958481
-5.940399
-5.907521
-5.878260
-5.836506
-5.789491
-5.750039
-5.701380
-5.659955
-5.593542
-5.540281
-5.500828
-5.438690
-5.398908
-5.347620
-5.280221
-5.237809
-5.180274
-5.143451
-5.098409
-5.055668
-5.025421
-4.989914
-4.949475
-4.923831
-4.913310
-4.892597
-4.886021
-4.875829
-4.875829
-4.865637
-4.884377
-4.893254
-4.903446
-4.935666
-4.962955
-4.996818
-5.027065
-5.071778
-5.106957
-5.154958
-5.194411
-5.244056
-5.290413
-5.344003
-5.396935
-5.437704
-5.492609
-5.539623
-5.603076
-5.637927
-5.698421
-5.749052
-5.797053
-5.836177
-5.879575
-5.907192
-5.947960
-5.977879
-6.000564
-6.010756
-6.035414
-6.034428
-6.057113
-6.058757
-6.049551
-6.046592
-6.033113
-6.012400
-5.978865
-5.971303
-5.945988
-5.908836
-5.874972
-5.839136
-5.800670
-5.761546
-5.703024
-5.660941
-5.618529
-5.564610
-5.515623
-5.454142
-5.409100
-5.357811
-5.293701
-5.249316
-5.188822
-5.143122
-5.110245
-5.066518
-5.021476
-4.981037
-4.963612
-4.942242
-4.910351
-4.896214
-4.874186
-4.871884
-4.861363
-4.865966
-4.878131
-4.888980
-4.912981
-4.933365
-4.959338
-4.988927
-5.026408
-5.048764
-5.089861
-5.136876
-5.186521
-5.237809
-5.280879
-5.323619
-5.376552
-5.437375
-5.488006
-5.541924
-5.591241
-5.642529
-5.692832
-5.737874
-5.779299
-5.829930
-5.863794
-5.909165
-5.941056
-5.969659
-5.990701
-6.020619
-6.030811
-6.038373
-6.056456
-6.057442
-6.048894
-6.048236
-6.036729
-6.014044
-5.984454
-5.975248
-5.950919
-5.906535
-5.879247
-5.840451
-5.796724
-5.765491
-5.717819
-5.676722
-5.615899
-5.573816
-5.509705
-5.469265
-5.409758
-5.360442
-5.305865
-5.248330
-5.206575
-5.160218
-5.106299
-5.069806
-5.025421
-5.001750
-4.965913
-4.945529
-4.923831
-4.892268
-4.882734
-4.879446
-4.873528
-4.863007
-4.876487
-4.881090
-4.905748
-4.921200
-4.950132
-4.986297
-5.006024
-5.052052
-5.089532
-5.133916
-5.173041
-5.224329
-5.266412
-5.328222
-5.377867
-5.423237
-5.479786
-5.533377
-5.582693
-5.631022
-5.669160
-5.732614
-5.777327
-5.821383
-5.865767
-5.902589
-5.937439
-5.954207
-5.991358
-6.017332
-6.033113
-6.044949
-6.042318
-6.049222
-6.052510
-6.051524
-6.036400
-6.016016
-5.987742
-5.980838
-5.957166
-5.914754
-5.881877
-5.850643
-5.812505
-5.772395
-5.731298
-5.680667
-5.628063
-5.568226
-5.517595
-5.477156
-5.424881
-5.377209
-5.325263
-5.269042
-5.219069
-5.170082
-5.115177
-5.069806
-5.042846
-4.994188
-4.975777
-4.934680
-4.912652
-4.906734
-4.890624
-4.877144
-4.876487
-4.869583
-4.879446
-4.886350
-4.901145
-4.912981
-4.943885
-4.981366
-5.007010
-5.037257
-5.087231
-5.127999
-5.174685
-5.216439
-5.261809
-5.307838
-5.363072
-5.406799
-5.457430
-5.525157
-5.576446
-5.619515
-5.672119
-5.721764
-5.762861
-5.813492
-5.850643
-5.881877
-5.931521
-5.961111
-5.979523
-6.006153
-6.025880
-6.043962
-6.048236
-6.045935
-6.059086
-6.050538
-6.036400
-6.018975
-6.005496
-5.980838
-5.958810
-5.930864
-5.898973
-5.863137
-5.820067
-5.778642
-5.738203
-5.687243
-5.637927
-5.587953
-5.533048
-5.488663
-5.428498
-5.374907
-5.318358
-5.275947
-5.214138
-5.174027
-5.123396
-5.085916
-5.042518
-5.014572
-4.982352
-4.950461
-4.929420
-4.911008
-4.886021
-4.875501
-4.874186
-4.876487
-4.881747
-4.874843
-4.903775
-4.909364
-4.943557
-4.972817
-5.001421
-5.029366
-5.082628
-5.123396
-5.152657
-5.213480
-5.254577
-5.296659
-5.351236
-5.397922
-5.455457
-5.515623
-5.561651
-5.611625
-5.664886
-5.713544
-5.748724
-5.795409
-5.849328
-5.884836
-5.918042
-5.949275
-5.984126
-6.008455
-6.022921
-6.034757
-6.044291
-6.052182
-6.058757
-6.055470
-6.030811
-6.025880
-6.003194
-5.984783
-5.957495
-5.933494
-5.898315
-5.862479
-5.828944
-5.786532
-5.734257
-5.699407
-5.647461
-5.601104
-5.549158
-5.482745
-5.447567
-5.389702
-5.338414
-5.275618
-5.229261
-5.186521
-5.136547
-5.100053
-5.058299
-5.011284
-4.979722
-4.953091
-4.920871
-4.904761
-4.883062
-4.880761
-4.869254
-4.872213
-4.879446
-4.874186
-4.893254
-4.914625
-4.941913
-4.966900
-4.999448
-5.037915
-5.069806
-5.116820
-5.152657
-5.198356
-5.244384
-5.297317
-5.351565
-5.399894
-5.449868
-5.506746
-5.557706
-5.594200
-5.648118
-5.696777
-5.752997
-5.801656
-5.829273
-5.880562
-5.919357
-5.949933
-5.979851
-6.002208
-6.016674
-6.026866
-6.036729
-6.051524
-6.051524
-6.057442
-6.033113
-6.032126
-6.011414
-5.988070
-5.966043
-5.943357
-5.905877
-5.875630
-5.840780
-5.799683
-5.757271
-5.697434
-5.662256
-5.610310
-5.557706
-5.504445
-5.446909
-5.389045
-5.341372
-5.285152
-5.240768
-5.197699
-5.138848
-5.107944
-5.052052
-5.013586
-4.991558
-4.949803
-4.929090
-4.915282
-4.892268
-4.876487
-4.877802
-4.876158
-4.875829
-4.886021
-4.892597
-4.907392
-4.934022
-4.962297
-4.988927
-5.029366
-5.057312
-5.108930
-5.152328
-5.198028
-5.234850
-5.279563
-5.335126
-5.378524
-5.435402
-5.497540
-5.549487
-5.599460
-5.649434
-5.692174
-5.744778
-5.789491
-5.830259
-5.876616
-5.908507
-5.945330
-5.961769
-5.989715
-6.006153
-6.023250
-6.041003
-6.050209
-6.049551
-6.059414
-6.047907
-6.032126
-6.017660
-5.984454
-5.958810
-5.945330
-5.910809
-5.880890
-5.847355
-5.794094
-5.758915
-5.711901
-5.662585
-5.617543
-5.554418
-5.512335
-5.461704
-5.399237
-5.358469
-5.308496
-5.246686
-5.203617
-5.158904
-5.116163
-5.066518
-5.032654
-4.999119
-4.968544
-4.941255
-4.920543
-4.901803
-4.873528
-4.865966
-4.870898
-4.873199
-4.884049
-4.889966
-4.896214
-4.932050
-4.959667
-4.981694
-5.011284
-5.061258
-5.101697
-5.131615
-5.190137
-5.229918
-5.283509
-5.328222
-5.382141
-5.420607
-5.483074
-5.532719
-5.587624
-5.636940
-5.678695
-5.739189
-5.786861
-5.823026
-5.866425
-5.907192
-5.941713
-5.956508
-5.991687
-6.016016
-6.032784
-6.046921
-6.048565
-6.059414
-6.059414
-6.048565
-6.037387
-6.006153
-5.999907
-5.974920
-5.949604
-5.924946
-5.883849
-5.841109
-5.815464
-5.764504
-5.722422
-5.676393
-5.628392
-5.574473
-5.522198
-5.474526
-5.416662
-5.366031
-5.317043
-5.256878
-5.199671
-5.167123
-5.109916
-5.069806
-5.040545
-5.001421
-4.967228
-4.944872
-4.909693
-4.898515
-4.876158
-4.877473
-4.868925
-4.871227
-4.883720
-4.893583
-4.908707
-4.930406
-4.956379
-4.982352
-5.011941
-5.051723
-5.081642
-5.131287
-5.168109
-5.214795
-5.277591
-5.310797
-5.362414
-5.427183
-5.477485
-5.532390
-5.582364
-5.623132
-5.682311
-5.730641
-5.779628
-5.819738
-5.863137
-5.900288
-5.921659
-5.954865
-5.979523
-6.014372
-6.031797
-6.040017
-6.047579
-6.052839
-6.059743
-6.054154
-6.041661
-6.018318
-5.996948
-5.980838
-5.950591
-5.919357
-5.881219
-5.859520
-5.814478
-5.778971
-5.733929
-5.686585
-5.635625
-5.579734
-5.532062
-5.484060
-5.432772
-5.375894
-5.327893
-5.262138
-5.226302
-5.170739
-5.127999
-5.079011
-5.045805
-5.010298
-4.965913
-4.949475
-4.919556
-4.907392
-4.888323
-4.880761
-4.875501
-4.878131
-4.868925
-4.877802
-4.900487
-4.925146
-4.942899
-4.965585
-5.000106
-5.048764
-5.083614
-5.120437
-5.169424
-5.216110
-5.268056
-5.302248
-5.361757
-5.402853
-5.470252
-5.512992
-5.569870
-5.609323
-5.663242
-5.722750
-5.756943
-5.809546
-5.853602
-5.892069
-5.916398
-5.961440
-5.990372
-6.007140
-6.031140
-6.036729
-6.040017
-6.056785
-6.047907
-6.054154
-6.044620
-6.025222
-5.993660
-5.978536
-5.959467
-5.931521
-5.901603
-5.854589
-5.826972
-5.788176
-5.743134
-5.697106
-5.646475
-5.584336
-5.542582
-5.493595
-5.440005
-5.389045
-5.329208
-5.284495
-5.225973
-5.182575
-5.127012
-5.083285
-5.055011
-5.014572
-4.975777
-4.954735
-4.926461
-4.907392
-4.887008
-4.870240
-4.867610
-4.877144
-4.873857
-4.888980
-4.902789
-4.921529
-4.946187
-4.973146
-4.998462
-5.038572
-5.063559
-5.120108
-5.164493
-5.210850
-5.246028
-5.300933
-5.342030
-5.395949
-5.457430
-5.498198
-5.560994
-5.610967
-5.665215
-5.705654
-5.755956
-5.804615
-5.839794
-5.873986
-5.916727
-5.949604
-5.979851
-6.001222
-6.027524
-6.025880
-6.052182
-6.052839
-6.059414
-6.046921
-6.031797
-6.020619
-6.008783
-5.989715
-5.963084
-5.939412
-5.908179
-5.864123
-5.832561
-5.788834
-5.741490
-5.703024
-5.656995
-5.606036
-5.545541
-5.490307
-5.448553
-5.384442
-5.345975
-5.293372
-5.236823
-5.190794
-5.133259
-5.097423
-5.057641
-5.022134
-4.977749
-4.955721
-4.931721
-4.906734
-4.897529
-4.882405
-4.868268
-4.871227
-4.878788
-4.879775
-4.900487
-4.903446
-4.942570
-4.956379
-4.996161
-5.021805
-5.069806
-5.104984
-5.148383
-5.196055
-5.249974
-5.299618
-5.341044
-5.386086
-5.444608
-5.503787
-5.540938
-5.598474
-5.656338
-5.704339
-5.747079
-5.792450
-5.833876
-5.877274
-5.914754
-5.951248
-5.968673
-5.997934
-6.019304
-6.039360
-6.043304
-6.051195
-6.057113
-6.059086
-6.045935
-6.033770
-6.009770
-5.987413
-5.956180
-5.941056
-5.906206
-5.866753
-5.843410
-5.798039
-5.744449
-5.707955
-5.660612
-5.607351
-5.557706
-5.509705
-5.459074
-5.403840
-5.345975
-5.300276
-5.235507
-5.202630
-5.143451
-5.097423
-5.062573
-5.027065
-4.988927
-4.953749
-4.936324
-4.910679
-4.885364
-4.879117
-4.863665
-4.868597
-4.863665
-4.882405
-4.891939
-4.911008
-4.935995
-4.950132
-4.984324
-5.025750
-5.056983
-5.097423
-5.151341
-5.191781
-5.241097
-5.286796
-5.340058
-5.389374
-5.442964
-5.480444
-5.530746
-5.582693
-5.640557
-5.696448
-5.729983
-5.782258
-5.829930
-5.872014
-5.907521
-5.941713
-5.966372
-5.997605
-6.019633
-6.035414
-6.035085
-6.047250
-6.058757
-6.055798
-6.046921
-6.034757
-6.002208
-5.990043
-5.968016
-5.948946
-5.918042
-5.885822
-5.843081
-5.805273
-5.752340
-5.707627
-5.667845
-5.615899
-5.569213
-5.519568
-5.466307
-5.402853
-5.362414
-5.303893
-5.259179
-5.202630
-5.162520
-5.109587
-5.069806
-5.035942
-5.001092
-4.971502
-4.939940
-4.921529
-4.901803
-4.884706
-4.875501
-4.876158
-4.874514
-4.879446
-4.887994
-4.908049
-4.918241
-4.958680
-4.979393
-5.006681
-5.055011
-5.092491
-5.142465
-5.184876
-5.222685
-5.282194
-5.317701
-5.379510
-5.429155
-5.477485
-5.520883
-5.579405
-5.637927
-5.678366
-5.733929
-5.777327
-5.824341
-5.863794
-5.904891
-5.931193
-5.960783
-5.984454
-6.003523
-6.017660
-6.036729
-6.046592
-6.059743
-6.054812
-6.041990
-6.031469
-6.020948
-5.996290
-5.964728
-5.950919
-5.923631
-5.886808
-5.845712
-5.812177
-5.758586
-5.717490
-5.678695
-5.617871
-5.580720
-5.520555
-5.464334
-5.410087
-5.369318
-5.317043
-5.264769
-5.217096
-5.168766
-5.119779
-5.081642
-5.032326
-4.999119
-4.970845
-4.942570
-4.920871
-4.896871
-4.882076
-4.881090
-4.870240
-4.871555
-4.867281
-4.877802
-4.895556
-4.923501
-4.952434
-4.984653
-5.016216
-5.045805
-5.092491
-5.129314
-5.174027
-5.213480
-5.273974
-5.315728
-5.361757
-5.417319
-5.476828
-5.518910
-5.564939
-5.627406
-5.678366
-5.727682
-5.768121
-5.810533
-5.846369
-5.890754
-5.930206
-5.960454
-5.981824
-6.010098
-6.031140
-6.044620
-6.053825
-6.049551
-6.059414
-6.046921
-6.037715
-6.023578
-5.997276
-5.977221
-5.952563
-5.916398
-5.894370
-5.864123
-5.817437
-5.780943
-5.737545
-5.689215
-5.635954
-5.586638
-5.530417
-5.476170
-5.426525
-5.379182
-5.323948
-5.271344
-5.213809
-5.180274
-5.132273
-5.088217
-5.047449
-5.012928
-4.974133
-4.949146
-4.923173
-4.907721
-4.878459
-4.882076
-4.874514
-4.871227
-4.880432
-4.885693
-4.896542
-4.921858
-4.950132
-4.978735
-5.010955
-5.038572
-5.083285
-5.111889
-5.171726
-5.214466
-5.262138
-5.310139
-5.361428
-5.412388
-5.469265
-5.520226
-5.571514
-5.608008
-5.655680
-5.716504
-5.762203
-5.798039
-5.854589
-5.882863
-5.926590
-5.946316
-5.988728
-5.998591
-6.027524
-6.042647
-6.050209
-6.045606
-6.061059
-6.056127
-6.044291
-6.011743
-6.006811
-5.985769
-5.959796
-5.935467
-5.904562
-5.866096
-5.817108
-5.786861
-5.745436
-5.698421
-5.634968
-5.597158
-5.545212
-5.489650
-5.434087
-5.391017
-5.335126
-5.282194
-5.238138
-5.182904
-5.142465
-5.096437
-5.056326
-5.010298
-4.975448
-4.955721
-4.929420
-4.896542
-4.894241
-4.880104
-4.877473
-4.862021
-4.879775
-4.880432
-4.901474
-4.916268
-4.930735
-4.959338
-4.997804
-5.033969
-5.073422
-5.105642
-5.148711
-5.202302
-5.256878
-5.297975
-5.340058
-5.397593
-5.459731
-5.504116
-5.555733
-5.609981
-5.654365
-5.704010
-5.752668
-5.796395
-5.841766
-5.885493
-5.920343
-5.954207
-5.970317
-6.002865
-6.025222
-6.036072
-6.040346
-6.052510
-6.058099
-6.056127
-6.042318
-6.030811
-5.998591
-5.982153
-5.962426
-5.926590
-5.896672
-5.873329
-5.833218
-5.799026
-5.753983
-5.706312
-5.657653
-5.593214
-5.557048
-5.498855
-5.437375
-5.391675
-5.333482
-5.289426
-5.238467
-5.193753
-5.149698
-5.104656
-5.058956
-5.023777
-4.987941
-4.959338
-4.924159
-4.913310
-4.894241
-4.885035
-4.864651
-4.877144
-4.879446
-4.876487
-4.896542
-4.908049
-4.937310
-4.964270
-4.994845
-5.027394
-5.060271
-5.096437
-5.142465
-5.190465
-5.247672
-5.280879
-5.346304
-5.397264
-5.449868
-5.496225
-5.549158
-5.596172
-5.649763
-5.698092
-5.743134
-5.781600
-5.835520
-5.878589
-5.908179
-5.941056
-5.973276
-6.002537
-6.022592
-6.031140
-6.050538
-6.053497
-6.054483
-6.045935
-6.042647
-6.026208
-6.015687
-5.991687
-5.972618
-5.931521
-5.907192
-5.874644
-5.842752
-5.796724
-5.747079
-5.709599
-5.652721
-5.614255
-5.555404
-5.498198
-5.447238
-5.399566
-5.347291
-5.294687
-5.246686
-5.200658
-5.156931
-5.111231
-5.068491
-5.015558
-4.994188
-4.967228
-4.935995
-4.904761
-4.886679
-4.885364
-4.870240
-4.862021
-4.864322
-4.873528
-4.895556
-4.912981
-4.928433
-4.948488
-4.985969
-5.012270
-5.063888
-5.105313
-5.147068
-5.193753
-5.233864
-5.279563
-5.322304
-5.373921
-5.438032
-5.488992
-5.538966
-5.583350
-5.634310
-5.688558
-5.736887
-5.774696
-5.829273
-5.866425
-5.903247
-5.931193
-5.963413
-5.992016
-6.017003
-6.031140
-6.034099
-6.048236
-6.061716
-6.051195
-6.043962
-6.033770
-6.017989
-5.986427
-5.974262
-5.940399
-5.913768
-5.873657
-5.852616
-5.800012
-5.755628
-5.719462
-5.668831
-5.617871
-5.569541
-5.523513
-5.467293
-5.411730
-5.361428
-5.299947
-5.260166
-5.202302
-5.158904
-5.117149
-5.070135
-5.031997
-5.002407
-4.973475
-4.937310
-4.922844
-4.900487
-4.888980
-4.880761
-4.876487
-4.871884
-4.882076
-4.892926
-4.899501
-4.931721
-4.942570
-4.984982
-5.016216
-5.048107
-5.093477
-5.141479
-5.180931
-5.230247
-5.273645
-5.328222
-5.371949
-5.422580
-5.468937
-5.532719
-5.576446
-5.632338
-5.670804
-5.720778
-5.780943
-5.824341
-5.861822
-5.899302
-5.934809
-5.960125
-5.981495
-6.013386
-6.030482
-6.041003
-6.053497
-6.051853
-6.060401
-6.050538
-6.039031
-6.015687
-5.992673
-5.964728
-5.951906
-5.923302
-5.890425
-5.844725
-5.819410
-5.776669
-5.727353
-5.680667
-5.629378
-5.579734
-5.517595
-5.481431
-5.425210
-5.370634
-5.316715
-5.267727
-5.216767
-5.165808
-5.118793
-5.066189
-5.041860
-5.003722
-4.969530
-4.935338
-4.925146
-4.891939
-4.884049
-4.881747
-4.866295
-4.873857
-4.876487
-4.889966
-4.903118
-4.921200
-4.947502
-4.977749
-5.010298
-5.050737
-5.086902
-5.126026
-5.177315
-5.216439
-5.265755
-5.320003
-5.366688
-5.419292
-5.474855
-5.518582
-5.571186
-5.621817
-5.663242
-5.726696
-5.774039
-5.810204
-5.844397
-5.895357
-5.918371
-5.964728
-5.977879
-6.013386
-6.021277
-6.029825
-6.054154
-6.056785
-6.051853
-6.049551
-6.037387
-6.010098
-5.996290
-5.970317
-5.954865
-5.929878
-5.898644
-5.860178
-5.824013
-5.784888
-5.733271
-5.678037
-5.634310
-5.592227
-5.532062
-5.485704
-5.435731
-5.367675
-5.324934
-5.272001
-5.230576
-5.178630
-5.129314
-5.087888
-5.045805
-5.008654
-4.981037
-4.951776
-4.923501
-4.909036
-4.888323
-4.879446
-4.862350
-4.869583
-4.871227
-4.882076
-4.894241
-4.917255
-4.941584
-4.962955
-4.993202
-5.037915
-5.076381
-5.124053
-5.161862
-5.201644
-5.263124
-5.308167
-5.353538
-5.405155
-5.449539
-5.510691
-5.565597
-5.616556
-5.659955
-5.706640
-5.760559
-5.809546
-5.848670
-5.876945
-5.919686
-5.959138
-5.985112
-6.002208
-6.027195
-6.034099
-6.053497
-6.059086
-6.054812
-6.050538
-6.031140
-6.022263
-6.009770
-5.988070
-5.948618
-5.930535
-5.897986
-5.859191
-5.829930
-5.792450
-5.743463
-5.692503
-5.649434
-5.590254
-5.549815
-5.491622
-5.429813
-5.385099
-5.333153
-5.284824
-5.235507
-5.175671
-5.135231
-5.089861
-5.046792
-5.011613
-4.988599
-4.959338
-4.934351
-4.908049
-4.891611
-4.884049
-4.877473
-4.872213
-4.875829
-4.887008
-4.897200
-4.914296
-4.943228
-4.971502
-4.989914
-5.028709
-5.073751
-5.117478
-5.150355
-5.206904
-5.250302
-5.288769
-5.344332
-5.402853
-5.454142
-5.502472
-5.552445
-5.602090
-5.655023
-5.696777
-5.754970
-5.801985
-5.841766
-5.881219
-5.909494
-5.944344
-5.978536
-6.006811
-6.010098
-6.040346
-6.037387
-6.045935
-6.054812
-6.052182
-6.041332
-6.017003
-6.006811
-5.983139
-5.968673
-5.939741
-5.911138
-5.871027
-5.841109
-5.801327
-5.747408
-5.703024
-5.652721
-5.599131
-5.558034
-5.505431
-5.452169
-5.399237
-5.336441
-5.285481
-5.241755
-5.197370
-5.150026
-5.103012
-5.057312
-5.021805
-4.993530
-4.964270
-4.934351
-4.905419
-4.888651
-4.871884
-4.871884
-4.875501
-4.871227
-4.884706
-4.885035
-4.911994
-4.935995
-4.964270
-4.996818
-5.031339
-5.062901
-5.103670
-5.150684
-5.193425
-5.245371
-5.285152
-5.343017
-5.395292
-5.438690
-5.482417
-5.548172
-5.599131
-5.644173
-5.685599
-5.740833
-5.785546
-5.823355
-5.875959
-5.901603
-5.943357
-5.976563
-6.002208
-6.017332
-6.023250
-6.041332
-6.041990
-6.051524
-6.058099
-6.044949
-6.034428
-6.015687
-5.995304
-5.965056
-5.943686
-5.912124
-5.869383
-5.844725
-5.804286
-5.749381
-5.717490
-5.667516
-5.605049
-5.565597
-5.513650
-5.462690
-5.411401
-5.348935
-5.297975
-5.257535
-5.202959
-5.146081
-5.099067
-5.065860
-5.026408
-4.986297
-4.969530
-4.933365
-4.908378
-4.893254
-4.887994
-4.865637
-4.876487
-4.874843
-4.883720
-4.887336
-4.911994
-4.925803
-4.946516
-4.981037
-5.012270
-5.061915
-5.103341
-5.145424
-5.189479
-5.234192
-5.271344
-5.333482
-5.386086
-5.437046
-5.478800
-5.539294
-5.576446
-5.642200
-5.677380
-5.727024
-5.787519
-5.821711
-5.870698
-5.908836
-5.928234
-5.973605
-5.994975
-6.016016
-6.030482
-6.040346
-6.041990
-6.047907
-6.055470
-6.041003
-6.034757
-6.020290
-6.001222
-5.963084
-5.944344
-5.915740
-5.880233
-5.854589
-5.814149
-5.771738
-5.717161
-5.670475
-5.619515
-5.577432
-5.523513
-5.471238
-5.415676
-5.363400
-5.311454
-5.255892
-5.213480
-5.168766
-5.119122
-5.074738
-5.035285
-5.005366
-4.972160
-4.934351
-4.920214
-4.904104
-4.886350
-4.873528
-4.867610
-4.877144
-4.881419
-4.892926
-4.906076
-4.926461
-4.950132
-4.985969
-5.018188
-5.048107
-5.080327
-5.129314
-5.174027
-5.227946
-5.270687
-5.314085
-5.376552
-5.430141
-5.481759
-5.528445
-5.582035
-5.623132
-5.679023
-5.723736
-5.769107
-5.810533
-5.847684
-5.897986
-5.921987
-5.965056
-5.992016
-6.011414
-6.023907
-6.040017
-6.056127
-6.057771
-6.059743
-6.047907
-6.036400
-6.023907
-6.004509
-5.975248
-5.953878
-5.927248
-5.894042
-5.845054
-5.813492
-5.775354
-5.733929
-5.684941
-5.636611
-5.572829
-5.528445
-5.482088
-5.427183
-5.370962
-5.322633
-5.258522
-5.218411
-5.173369
-5.125040
-5.078025
-5.044161
-5.006352
-4.962955
-4.949475
-4.918899
-4.904104
-4.887336
-4.872541
-4.878131
-4.874843
-4.877802
-4.876487
-4.903775
-4.924159
-4.951118
-4.964598
-5.006024
-5.045805
-5.083614
-5.127999
-5.176328
-5.210521
-5.268056
-5.303564
-5.367346
-5.421594
-5.467293
-5.522527
-5.569870
-5.618200
-5.665544
-5.725380
-5.771738
-5.816122
-5.849657
-5.895028
-5.931193
-5.962098
-5.975577
-6.012071
-6.022592
-6.029825
-6.054483
-6.056456
-6.060730
-6.044291
-6.034757
-6.020619
-6.001879
-5.977550
-5.951906
-5.928563
-5.897329
-5.860835
-5.814807
-5.787848
-5.734257
-5.679023
-5.637269
-5.592227
-5.542911
-5.478800
-5.436388
-5.374579
-5.319345
-5.272988
-5.226302
-5.177315
-5.129314
-5.082628
-5.049751
-5.015887
-4.982681
-4.946187
-4.924817
-4.908378
-4.893912
-4.869583
-4.874186
-4.868597
-4.878459
-4.880761
-4.896871
-4.913967
-4.947831
-4.967886
-4.996818
-5.028051
-5.074409
-5.124053
-5.162520
-5.210850
-5.244056
-5.308824
-5.356167
-5.404169
-5.449539
-5.507403
-5.557706
-5.611296
-5.662585
-5.712887
-5.749052
-5.803300
-5.848013
-5.874972
-5.924617
-5.958481
-5.986098
-6.004838
-6.019633
-6.039031
-6.046264
-6.044949
-6.050538
-6.054154
-6.044291
-6.028839
-6.010756
-5.985112
-5.965385
-5.932508
-5.903576
-5.870698
-5.836835
-5.792450
-5.735572
-5.700394
-5.649105
-5.590254
-5.547185
-5.498855
-5.434744
-5.380497
-5.341702
-5.290741
-5.237152
-5.190465
-5.143780
-5.099395
-5.043833
-5.017531
-4.989256
-4.958352
-4.924488
-4.908049
-4.889638
-4.884377
-4.870240
-4.869912
-4.878788
-4.882405
-4.898515
-4.916597
-4.941584
-4.960324
-4.993202
-5.020490
-5.065532
-5.117478
-5.155616
-5.201644
-5.251946
-5.298632
-5.345647
-5.390031
-5.450197
-5.494910
-5.546527
-5.602419
-5.644831
-5.700065
-5.741161
-5.798697
-5.833876
-5.881548
-5.918371
-5.946645
-5.972947
-5.989057
-6.009770
-6.025551
-6.037715
-6.057442
-6.053825
-6.055470
-6.039031
-6.026866
-6.015687
-5.978865
-5.956508
-5.938097
-5.912124
-5.879247
-5.844397
-5.792450
-5.752997
-5.711572
-5.656995
-5.601761
-5.560007
-5.511349
-5.455128
-5.405155
-5.350250
-5.300605
-5.246686
-5.187178
-5.150684
-5.106628
-5.056326
-5.027394
-4.995503
-4.965256
-4.935995
-4.908707
-4.900158
-4.882076
-4.866295
-4.862679
-4.877802
-4.880104
-4.891939
-4.914625
-4.929420
-4.963283
-4.994188
-5.026408
-5.067504
-5.106628
-5.138848
-5.193425
-5.243070
-5.275947
-5.342030
-5.379182
-5.446251
-5.497540
-5.547185
-5.596172
-5.645488
-5.692832
-5.746422
-5.787848
-5.820396
-5.863137
-5.906864
-5.934481
-5.967358
-6.001222
-6.014044
-6.023250
-6.049551
-6.050867
-6.061059
-6.057771
-6.039688
-6.028510
-6.017332
-5.992016
-5.967029
-5.944673
-5.918042
-5.880890
-5.844397
-5.806588
-5.766477
-5.706640
-5.671133
-5.622474
-5.570528
-5.512335
-5.465321
-5.399237
-5.358469
-5.296331
-5.253919
-5.209863
-5.159561
-5.108601
-5.068820
-5.029366
-4.986955
-4.961968
-4.935995
-4.916926
-4.892597
-4.885693
-4.881419
-4.864651
-4.876816
-4.873857
-4.890953
-4.909036
-4.926461
-4.953420
-4.975777
-5.018846
-5.044819
-5.102026
-5.128656
-5.188164
-5.220384
-5.275947
-5.332167
-5.382141
-5.421922
-5.485375
-5.536664
-5.585651
-5.637927
-5.683955
-5.730969
-5.776011
-5.812834
-5.854917
-5.905877
-5.941056
-5.969988
-5.984454
-6.012729
-6.034099
-6.039031
-6.053825
-6.053497
-6.056127
-6.035743
-6.024565
-6.018975
-5.998591
-5.979523
-5.952234
-5.924617
-5.882863
-5.854259
-5.806259
-5.775025
-5.717819
-5.674420
-5.629378
-5.579076
-5.528445
-5.463019
-5.421265
-5.358798
-5.315071
-5.264769
-5.218740
-5.169753
-5.121094
-5.072107
-5.037257
-5.004709
-4.960653
-4.939940
-4.922515
-4.903446
-4.887665
-4.868925
-4.873199
-4.867939
-4.877802
-4.883720
-4.907721
-4.924488
-4.941913
-4.980051
-5.009969
-5.048764
-5.094792
-5.129314
-5.175013
-5.219069
-5.271344
-5.320660
-5.362085
-5.426196
-5.478471
-5.521870
-5.569541
-5.627735
-5.668174
-5.716175
-5.771738
-5.819738
-5.846040
-5.895685
-5.920343
-5.961111
-5.978865
-6.013058
-6.024236
-6.045277
-6.053168
-6.060072
-6.060401
-6.047250
-6.032126
-6.012729
-6.004838
-5.967029
-5.948618
-5.920343
-5.882534
-5.857876
-5.815135
-5.781929
-5.722750
-5.684284
-5.639570
-5.590583
-5.539294
-5.483732
-5.429155
-5.380826
-5.321975
-5.265755
-5.213809
-5.174356
-5.128327
-5.088546
-5.044161
-5.005366
-4.980708
-4.943228
-4.926789
-4.903118
-4.892597
-4.883062
-4.863994
-4.875172
-4.874514
-4.881747
-4.900158
-4.916926
-4.943557
-4.972489
-5.002079
-5.034627
-5.072107
-5.128327
-5.172712
-5.212822
-5.255234
-5.314742
-5.360770
-5.410415
-5.467293
-5.509048
-5.557377
-5.612611
-5.665544
-5.708942
-5.769436
-5.799026
-5.848342
-5.890425
-5.916069
-5.958810
-5.983797
-6.004180
-6.024236
-6.036072
-6.051853
-6.046921
-6.045606
-6.053497
-6.044949
-6.028839
-6.006153
-5.981495
-5.953549
-5.926261
-5.894370
-5.868726
-5.827958
-5.776998
-5.743134
-5.696777
-5.649434
-5.598803
-5.548500
-5.494581
-5.438690
-5.389374
-5.337756
-5.286796
-5.236165
-5.186521
-5.137204
-5.093477
-5.037586
-5.014572
-4.985640
-4.953091
-4.924159
-4.894898
-4.891611
-4.881090
-4.874843
-4.872541
-4.864322
-4.880104
-4.895885
-4.918241
-4.945529
-4.968544
-5.001750
-5.036600
-5.066189
-5.112875
-5.157917
-5.207562
-5.248659
-5.303893
-5.350250
-5.407785
-5.455457
-5.510362
-5.552774
-5.608337
-5.649763
-5.713216
-5.745764
-5.797710
-5.844068
-5.881548
-5.922316
-5.948289
-5.967687
-5.999578
-6.025222
-6.032455
-6.037387
-6.058757
-6.060072
-6.048236
-6.036729
-6.022921
-5.996948
-5.991358
-5.960454
-5.924617
-5.895357
-5.874644
-5.838479
-5.790149
-5.741161
-5.701709
-5.655680
-5.608008
-5.558034
-5.505431
-5.442635
-5.396278
-5.331838
-5.282522
-5.233206
-5.188822
-5.132930
-5.087560
-5.060600
-5.023448
-4.989256
-4.956379
-4.919885
-4.902789
-4.897529
-4.886679
-4.876158
-4.876816
-4.877802
-4.876487
-4.900487
-4.919228
-4.933365
-4.959009
-4.998791
-5.033312
-5.071778
-5.100382
-5.150026
-5.185863
-5.247015
-5.289426
-5.348277
-5.392333
-5.446251
-5.494910
-5.552117
-5.594529
-5.646475
-5.701709
-5.750039
-5.793766
-5.832890
-5.872014
-5.902589
-5.944344
-5.973605
-5.997605
-6.015687
-6.032126
-6.043304
-6.057771
-6.059743
-6.047250
-6.041003
-6.027195
-6.002537
-5.995304
-5.965714
-5.934809
-5.899631
-5.881877
-5.844397
-5.804286
-5.753326
-5.704997
-5.658639
-5.610638
-5.558692
-5.509705
-5.455128
-5.392333
-5.355181
-5.302906
-5.250302
-5.200986
-5.151670
-5.106628
-5.061915
-5.021476
-4.987284
-4.959009
-4.935666
-4.917583
-4.893254
-4.881090
-4.876816
-4.873528
-4.873199
-4.884706
-4.886679
-4.900487
-4.936324
-4.961968
-4.984653
-5.011613
-5.061586
-5.106957
-5.135231
-5.193753
-5.224329
-5.280550
-5.338414
-5.376552
-5.442635
-5.488992
-5.529102
-5.584994
-5.644502
-5.696119
-5.736559
-5.785217
-5.828944
-5.873329
-5.911138
-5.945330
-5.966701
-5.998591
-6.018647
-6.036072
-6.045935
-6.057771
-6.058757
-6.051853
-6.049222
-6.036729
-6.018975
-5.986098
-5.972290
-5.948946
-5.920343
-5.878918
-5.847355
-5.798039
-5.767792
-5.720778
-5.673763
-5.624447
-5.574144
-5.522527
-5.455786
-5.401867
-5.362085
-5.305865
-5.256220
-5.199014
-5.150026
-5.101697
-5.071778
-5.022134
-4.993859
-4.971831
-4.929748
-4.918241
-4.899501
-4.889966
-4.865966
-4.876158
-4.872213
-4.878788
-4.894569
-4.909364
-4.932707
-4.955721
-4.979393
-5.013586
-5.058299
-5.092491
-5.136547
-5.184219
-5.224329
-5.279892
-5.324276
-5.373592
-5.433429
-5.484060
-5.534034
-5.582035
-5.636283
-5.682640
-5.734915
-5.767792
-5.821711
-5.863465
-5.889110
-5.935138
-5.955851
-5.994646
-6.012729
-6.026208
-6.045606
-6.050538
-6.059743
-6.044620
-6.047579
-6.038373
-6.024236
-5.995304
-5.979523
-5.947303
-5.911138
-5.893713
-5.859520
-5.812834
-5.773053
-5.730312
-5.681982
-5.630693
-5.577104
-5.521870
-5.475513
-5.416662
-5.374250
-5.318687
-5.264769
-5.213151
-5.164821
-5.116492
-5.074409
-5.028380
-5.005366
-4.971831
-4.948488
-4.916268
-4.903118
-4.878788
-4.882076
-4.870240
-4.874843
-4.875829
-4.891611
-4.900487
-4.919228
-4.944543
-4.977749
-4.999777
-5.052710
-5.087888
-5.120437
-5.174356
-5.213809
-5.269700
-5.321318
-5.370634
-5.413045
-5.462033
-5.523513
-5.577104
-5.628063
-5.664228
-5.711901
-5.759902
-5.809546
-5.859849
-5.892069
-5.931193
-5.949275
-5.981495
-6.009441
-6.025880
-6.044620
-6.054812
-6.057113
-6.059414
-6.049880
-6.035414
-6.015687
-6.007140
-5.979194
-5.949933
-5.923302
-5.900946
-5.866753
-5.812505
-5.783245
-5.725709
-5.687243
-5.638584
-5.590912
-5.539952
-5.480115
-5.432772
-5.367346
-5.326578
-5.267727
-5.227946
-5.179945
-5.132273
-5.080655
-5.047449
-5.014243
-4.967228
-4.950461
-4.914296
-4.898515
-4.888651
-4.884049
-4.877144
-4.864980
-4.876158
-4.883062
-4.900816
-4.919228
-4.933365
-4.970516
-5.001421
-5.042846
-5.085258
-5.119451
-5.167780
-5.200329
-5.256220
-5.306523
-5.354195
-5.405155
-5.461704
-5.509705
-5.555076
-5.619515
-5.670475
-5.713216
-5.763847
-5.805273
-5.852945
-5.892069
-5.928563
-5.946316
-5.979851
-6.000235
-6.028510
-6.041661
-6.055140
-6.045935
-6.044949
-6.056456
-6.040675
-6.015687
-6.008126
-5.985112
-5.947960
-5.927248
-5.888781
-5.861164
-5.830917
-5.783902
-5.743134
-5.699736
-5.646146
-5.591569
-5.546527
-5.491622
-5.442635
-5.391346
-5.325592
-5.289755
-5.231891
-5.177972
-5.130958
-5.091834
-5.044161
-5.016216
-4.983009
-4.957365
-4.928762
-4.897857
-4.885035
-4.878459
-4.875501
-4.865966
-4.877473
-4.873199
-4.901803
-4.907392
-4.928433
-4.967228
-4.992215
-5.037257
-5.067833
-5.103670
-5.148054
-5.205589
-5.246686
-5.303564
-5.353209
-5.405812
-5.443950
-5.508061
-5.548829
-5.609981
-5.662913
-5.696448
-5.748724
-5.793437
-5.838479
-5.884178
-5.922316
-5.946645
-5.981166
-6.004509
-6.018318
-6.026537
-6.053168
-6.045606
-6.051853
-6.051853
-6.040346
-6.028181
-6.003194
-5.991030
-5.963741
-5.929878
-5.909494
-5.872014
-5.839136
-5.783573
-5.752997
-5.700722
-5.645160
-5.605378
-5.560007
-5.507732
-5.447896
-5.401209
-5.334468
-5.298961
-5.246028
-5.192110
-5.143122
-5.103998
-5.058628
-5.030024
-4.999119
-4.961639
-4.946187
-4.912323
-4.905748
-4.900487
-4.891282
-4.889638
-4.896871
-4.906734
-4.919228
-4.927118
-4.963941
-4.990900
-5.018517
-5.045476
-5.080984
-5.136218
-5.177643
-5.216439
-5.255234
-5.308167
-5.356496
-5.394634
-5.439347
-5.483074
-5.529760
-5.561651
-5.616228
-5.653379
-5.680010
-5.714531
-5.728997
-5.765162
-5.781272
-5.799683
-5.810862
-5.818423
-5.811190
-5.821711
-5.816122
-5.808231
-5.800341
-5.788176
-5.760559
-5.746751
-5.730969
-5.711901
-5.694147
-5.669160
-5.645488
-5.631680
-5.611625
-5.579076
-5.572172
-5.542253
-5.529431
-5.510362
-5.492938
-5.488992
-5.466636
-5.465649
-5.454471
-5.450526
-5.438361
-5.438361
-5.428826
-5.429813
-5.416004
-5.423237
-5.430470
-5.420279
-5.413703
-5.417648
-5.418963
-5.436388
-5.430799
-5.435073
-5.429484
-5.435731
-5.448224
-5.446580
-5.438361
-5.455786
-5.454471
-5.458087
-5.456443
-5.462690
-5.463348
-5.459403
-5.464334
-5.470581
-5.474197
-5.473868
-5.471567
-5.473540
-5.469594
-5.468937
-5.475513
-5.474855
-5.473540
-5.476828
-5.461704
-5.469594
-5.470910
-5.469265
-5.461046
-5.465321
-5.473211
-5.475841
-5.477485
-5.473868
-5.467622
-5.472225
-5.476170
-5.465649
-5.467622
-5.473868
-5.471238
-5.469923
-5.475841
-5.471567
-5.470910
-5.471567
-5.475183
-5.471238
-5.474855
-5.477485
-5.473868
-5.464663
-5.471567
-5.474526
-5.472553
-5.479458
-5.477156
-5.468937
-5.470910
-5.474197
-5.474526
-5.479786
-5.479458
-5.477814
-5.464334
-5.477156
-5.464663
-5.469594
-5.470910
-5.467622
-5.475513
-5.471567
-5.467950
-5.470581
-5.467622
-5.469594
-5.476170
-5.463019
-5.467622
-5.467622
-5.463019
-5.468937
-5.474526
-5.471238
-5.469265
-5.467950
-5.467950
-5.472882
-5.470581
-5.473868
-5.474855
-5.472882
-5.464992
-5.471896
-5.472553
-5.474855
-5.478143
-5.473868
-5.464663
-5.474197
-5.464005
-5.477814
-5.475183
-5.471567
-5.464992
-5.477814
-5.462690
-5.477156
-5.479129
-5.478800
-5.473868
-5.471238
-5.474197
-5.471896
-5.475841
-5.477156
-5.478143
-5.463019
-5.478143
-5.464663
-5.463348
-5.472225
-5.474526
-5.472882
-5.473540
-5.479458
-5.478471
-5.475513
-5.470252
-5.478471
-5.471238
-5.477156
-5.478800
-5.478471
-5.470581
-5.476499
-5.464005
-5.471567
-5.473211
-5.474855
-5.472882
-5.473540
-5.474855
-5.464663
-5.464992
-5.471238
-5.476499
-5.471896
-5.477485
-5.471567
-5.464005
-5.469265
-5.477485
-5.468608
-5.479129
-5.478471
-5.477485
-5.472225
-5.471238
-5.475183
-5.470252
-5.469265
-5.467950
-5.473540
-5.473211
-5.467622
-5.476828
-5.475183
-5.476828
-5.473540
-5.470910
-5.476499
-5.464992
-5.465321
-5.464005
-5.473868
-5.471238
-5.472225
-5.478800
-5.478471
-5.476499
-5.461046
-5.476499
-5.465978
-5.465649
-5.465649
-5.469923
-5.475183
-5.468279
-5.478471
-5.477485
-5.475513
-5.461046
-5.473868
-5.464663
-5.471238
-5.474197
-5.473868
-5.476828
-5.462690
-5.477156
-5.474197
-5.473211
-5.468608
-5.467293
-5.475513
-5.469265
-5.474855
-5.478143
-5.478143
-5.462361
-5.477814
-5.471238
-5.476170
-5.478143
-5.476828
-5.467950
-5.473868
-5.473868
-5.479458
-5.478143
-5.464992
-5.477485
-5.463348
-5.479129
-5.475183
-5.465978
-5.470910
-5.471567
-5.478143
-5.463676
-5.472225
-5.475841
-5.476170
-5.472553
-5.468279
-5.475841
-5.479129
-5.472225
-5.471896
-5.464663
-5.478143
-5.464663
-5.472553
-5.475513
-5.463019
-5.477156
-5.475513
-5.474526
-5.464663
-5.475183
-5.462690
-5.477485
-5.473868
-5.478143
-5.464334
-5.474526
-5.465978
-5.478471
-5.469265
-5.475841
-5.479458
-5.464992
-5.478143
-5.471896
-5.475183
-5.465978
-5.470581
-5.478143
-5.470910
-5.464663
-5.475841
-5.478471
-5.473868
-5.472225
-5.472882
-5.477485
-5.464005
-5.470581
-5.475183
-5.472553
-5.476499
-5.463348
-5.472553
-5.476499
-5.479458
-5.463019
-5.478471
-5.469265
-5.476499
-5.476170
-5.478143
-5.464334
-5.478471
-5.467950
-5.476170
-5.475841
-5.475841
-5.467950
-5.476828
-5.469923
-5.475841
-5.478800
-5.472553
-5.475183
-5.462033
-5.475841
-5.478800
-5.477814
-5.464005
-5.478143
-5.466636
-5.477485
-5.479458
-5.479129
-5.462361
-5.477485
-5.470910
-5.479458
-5.477814
-5.464663
-5.476170
-5.463676
-5.478471
-5.470252
-5.464334
-5.471238
-5.474197
-5.474855
-5.463019
-5.470252
-5.474855
-5.477485
-5.471238
-5.465321
-5.478143
-5.477814
-5.470252
-5.470910
-5.473211
-5.477814
-5.465649
-5.469923
-5.475513
-5.474855
-5.474855
-5.464005
-5.476499
-5.479458
-5.475513
-5.469265
-5.475183
-5.472882
-5.479458
-5.475841
-5.465649
-5.473540
-5.464334
-5.475513
-5.477485
-5.475841
-5.462690
-5.474197
-5.472225
-5.473211
-5.479129
-5.478471
-5.476170
-5.469923
-5.477156
-5.470252
-5.473211
-5.474855
-5.476828
-5.464334
-5.477156
-5.464334
-5.466307
-5.468608
-5.474197
-5.462033
-5.474197
-5.474855
-5.473211
-5.471238
-5.466307
-5.475841
-5.467622
-5.477485
-5.478471
-5.477485
-5.462690
-5.475841
-5.465321
-5.468279
-5.468937
-5.473211
-5.472553
-5.473211
-5.471238
-5.461704
-5.469594
-5.469265
-5.474526
-5.469594
-5.475513
-5.469594
-5.461704
-5.466636
-5.476170
-5.468608
-5.476828
-5.477485
-5.476170
-5.464663
-5.472553
-5.471567
-5.467950
-5.470910
-5.472882
-5.475183
-5.465978
-5.476170
-5.475183
-5.475513
-5.474526
-5.460389
-5.475513
-5.461375
-5.467950
-5.467293
-5.468937
-5.475513
-5.462361
-5.472882
-5.477156
-5.476499
-5.475841
-5.469594
-5.469265
-5.477156
-5.477485
-5.477156
-5.476499
-5.462690
-5.472553
-5.475183
-5.476499
-5.476170
-5.472553
-5.466307
-5.476499
-5.470581
-5.470910
-5.472225
-5.462033
-5.472225
-5.472225
-5.468937
-5.467622
-5.468279
-5.473211
-5.469594
-5.471238
-5.477485
-5.476828
-5.476828
-5.460389
-5.472882
-5.472553
-5.462033
-5.463019
-5.462690
-5.472225
-5.467622
-5.471238
-5.475513
-5.475513
-5.476499
-5.460718
-5.473540
-5.473868
-5.470252
-5.464334
-5.468608
-5.475183
-5.461375
-5.472553
-5.473868
-5.473868
-5.474855
-5.466307
-5.475183
-5.464005
-5.462690
-5.467950
-5.471896
-5.470581
-5.472553
-5.477814
-5.476170
-5.474197
-5.464992
-5.476170
-5.461704
-5.470581
-5.470581
-5.472882
-5.473540
-5.469265
-5.476499
-5.474855
-5.474197
-5.467293
-5.470581
-5.473540
-5.466636
-5.470910
-5.469923
-5.472882
-5.470581
-5.469594
-5.476828
-5.476499
-5.475513
-5.464334
-5.470581
-5.474855
-5.463348
-5.464005
-5.463019
-5.468937
-5.473211
-5.466307
-5.475513
-5.475513
-5.476499
-5.471567
-5.469265
-5.476170
-5.472553
-5.472882
-5.465649
-5.468608
-5.473868
-5.466636
-5.474197
-5.472882
-5.473868
-5.471896
-5.468937
-5.475841
-5.473211
-5.471238
-5.459731
-5.475513
-5.462690
-5.473868
-5.476828
-5.476828
-5.471567
-5.470910
-5.473211
-5.469923
-5.467293
-5.468279
-5.474855
-5.460718
-5.474526
-5.474855
-5.473868
-5.471238
-5.469265
-5.475841
-5.462690
-5.467293
-5.470581
-5.470581
-5.476170
-5.461046
-5.473211
-5.477156
-5.473868
-5.475841
-5.470252
-5.472553
-5.475841
-5.474526
-5.476499
-5.475183
-5.461375
-5.475841
-5.471896
-5.469923
-5.471896
-5.462690
-5.472882
-5.474855
-5.462033
-5.461375
-5.461046
-5.468608
-5.475183
-5.460060
-5.470581
-5.467950
-5.468937
-5.472553
-5.471238
-5.468279
-5.477485
-5.475841
-5.475841
-5.474526
-5.468279
-5.476499
-5.476828
-5.475841
-5.473868
-5.468279
-5.474197
-5.474526
-5.473211
-5.475513
-5.469265
-5.468937
-5.474855
-5.461375
-5.464005
-5.462033
-5.467950
-5.475841
-5.460389
-5.473540
-5.473540
-5.475183
-5.476170
-5.461375
-5.472882
-5.477156
-5.477156
-5.476499
-5.467293
-5.471567
-5.474855
-5.465649
-5.471567
-5.471567
-5.466307
-5.475513
-5.466636
-5.473868
-5.473540
-5.474855
-5.471238
-5.469923
-5.475513
-5.472225
-5.471238
-5.462361
-5.472553
-5.470252
-5.469923
-5.473868
-5.473540
-5.475841
-5.460060
-5.473211
-5.476828
-5.475841
-5.476828
-5.472225
-5.466636
-5.476170
-5.472225
-5.472225
-5.470581
-5.469265
-5.476170
-5.463019
-5.469594
-5.470581
-5.469923
-5.476170
-5.462033
-5.476170
-5.476170
-5.475513
-5.471238
-5.466307
-5.476170
-5.462690
-5.470252
-5.468279
-5.468608
-5.475841
-5.461704
-5.473211
-5.474197
-5.474526
-5.476170
-5.462033
-5.475513
-5.472225
-5.472553
-5.471896
-5.462690
-5.473211
-5.473211
-5.463019
-5.465978
-5.461375
-5.468608
-5.475183
-5.461375
-5.470252
-5.467622
-5.468937
-5.473211
-5.469923
-5.469594
-5.473868
-5.473540
-5.473211
-5.475183
-5.467622
-5.476170
-5.477485
-5.477485
-5.474197
-5.461375
-5.475841
-5.472225
-5.464663
-5.470910
-5.460718
-5.469923
-5.475183
-5.462033
-5.463019
-5.461704
-5.460060
-5.472225
-5.472225
-5.462033
-5.462690
-5.463019
-5.462361
-5.472553
-5.472882
-5.464005
-5.461704
-5.463019
-5.465649
-5.475841
-5.461375
-5.470252
-5.470910
-5.472225
-5.475183
-5.467622
-5.476499
-5.477156
-5.477814
-5.474855
-5.465649
-5.475841
-5.464992
-5.467622
-5.469594
-5.469594
-5.474855
-5.466307
-5.476170
-5.476828
-5.477156
-5.474526
-5.468279
-5.476499
-5.463348
-5.462361
-5.469594
-5.473211
-5.471238
-5.470581
-5.477156
-5.477156
-5.476499
-5.466964
-5.472553
-5.473211
-5.462033
-5.462690
-5.464663
-5.471896
-5.470252
-5.469923
-5.476828
-5.477814
-5.476499
-5.461704
-5.476170
-5.462690
-5.470581
-5.471238
-5.475841
-5.461046
-5.475841
-5.461704
-5.469923
-5.467950
-5.474855
-5.461375
-5.476170
-5.464992
-5.461704
-5.468279
-5.472882
-5.465649
-5.475513
-5.471238
-5.465978
-5.467950
-5.475841
-5.467622
-5.476170
-5.464005
-5.463676
-5.469923
-5.476170
-5.466636
-5.476170
-5.462033
-5.461046
-5.467293
-5.475841
-5.466636
-5.475841
-5.472225
-5.464992
-5.464005
-5.475841
-5.461375
-5.477156
-5.474855
-5.471896
-5.468937
-5.476170
-5.468608
-5.477156
-5.476828
-5.473868
-5.460389
-5.476170
-5.464992
-5.477485
-5.476828
-5.474526
-5.469265
-5.476170
-5.466636
-5.477156
-5.477814
-5.476828
-5.462033
-5.476170
-5.461704
-5.472553
-5.474526
-5.476828
-5.467622
-5.474526
-5.462033
-5.468937
-5.470581
-5.474526
-5.470252
-5.473540
-5.474855
-5.471896
-5.468279
-5.466636
-5.476499
-5.465649
-5.477156
-5.477485
-5.477156
-5.470910
-5.472225
-5.471896
-5.470581
-5.473868
-5.476499
-5.473211
-5.471567
-5.472225
-5.470252
-5.474855
-5.477485
-5.468608
-5.474197
-5.461375
-5.470910
-5.472225
-5.475183
-5.470581
-5.473540
-5.461375
-5.469923
-5.473211
-5.476828
-5.462361
-5.476499
-5.468937
-5.474855
-5.477814
-5.469594
-5.474197
-5.463019
-5.476499
-5.477814
-5.476828
-5.463348
-5.475841
-5.466636
-5.476828
-5.473540
-5.463019
-5.468937
-5.471896
-5.473868
-5.472882
-5.464334
-5.467950
-5.476170
-5.467950
-5.476828
-5.463019
-5.467950
-5.474197
-5.471567
-5.475513
-5.463019
-5.471567
-5.473868
-5.477485
-5.465321
-5.475841
-5.470581
-5.477814
-5.477814
-5.470910
-5.473540
-5.462361
-5.477814
-5.476170
-5.472225
-5.467622
-5.476170
-5.469265
-5.477485
-5.473211
-5.461704
-5.470581
-5.469923
-5.475183
-5.471896
-5.463676
-5.469923
-5.475513
-5.462361
-5.477156
-5.470910
-5.462361
-5.469265
-5.475183
-5.469265
-5.472882
-5.468279
-5.470910
-5.476828
-5.462033
-5.476499
-5.461375
-5.471238
-5.474526
-5.477156
-5.460389
-5.477156
-5.465978
-5.471238
-5.473868
-5.476499
-5.468608
-5.472882
-5.470910
-5.475513
-5.477814
-5.470581
-5.472882
-5.463019
-5.475183
-5.478143
-5.476828
-5.461046
-5.476499
-5.469594
-5.478143
-5.477485
-5.473211
-5.466636
-5.475513
