4.214087
4.212772
4.214745
4.213759
4.214417
4.213759
4.214087
4.215074
4.212772
4.221649
4.210471
4.226910
4.255184
4.277870
4.305158
4.333761
4.371899
4.389982
4.426804
4.448832
4.479737
4.499792
4.531683
4.547793
4.577383
4.595794
4.612890
4.624726
4.646096
4.644453
4.652343
4.649713
4.646096
4.628343
4.587574
4.532998
4.461983
4.383735
4.307459
4.195676
4.065811
3.926739
3.779120
3.588432
3.444100
3.265247
3.059764
2.847048
2.615263
2.377231
2.198378
1.961004
1.746315
1.528010
1.321869
1.156497
1.045371
0.926684
0.851067
0.808655
0.805038
0.834299
0.884601
1.006905
1.171620
1.372172
1.636505
1.919907
2.177665
2.527151
2.923652
3.345468
3.794901
4.236115
4.696727
5.070543
5.534772
6.005249
6.451725
6.884063
7.300950
7.617889
7.984474
8.329031
8.638410
0.026176
0.265193
0.421032
0.569308
0.670242
0.732380
0.744873
0.731722
0.676488
0.575555
0.427936
0.189247
8.834031
8.539119
8.241248
7.885513
7.531093
7.120124
6.674963
6.313310
5.864533
5.390112
4.925554
4.439298
3.939562
3.519060
3.022941
2.510055
2.021498
1.546093
1.090413
0.741256
0.323386
8.827785
8.499008
8.204425
7.985460
7.801017
7.645178
7.539969
7.488352
7.461392
7.517942
7.553121
7.687919
7.889129
8.132094
8.417143
8.737042
0.114616
0.481526
0.881314
1.320554
1.802207
2.282873
2.673784
3.151820
3.643994
4.148662
4.656946
5.173450
5.570609
6.074620
6.558248
7.027738
7.464680
7.891102
8.213302
8.545037
8.849154
0.262892
0.485800
0.658406
0.758353
0.854683
0.900383
0.915506
0.890848
0.845478
0.726790
0.553198
0.325688
0.041299
8.629861
8.379992
8.051544
7.678384
7.280237
6.818637
6.366900
6.003605
5.520635
5.045886
4.545820
4.055619
3.547664
3.150505
2.653071
2.156295
1.677273
1.198580
0.760325
0.422018
0.037354
8.579558
8.262618
8.004529
7.796743
7.662603
7.544244
7.499859
7.480790
7.501174
7.563642
7.666877
7.846060
8.087380
8.378018
8.660438
0.118890
0.407552
0.806354
1.235402
1.713438
2.179309
2.657017
3.039051
3.532211
4.053975
4.550094
5.058050
5.548910
5.953631
6.426080
6.905763
7.359472
7.795428
8.200809
8.482570
8.795236
0.207001
0.450621
0.636378
0.771175
0.851395
0.902684
0.926027
0.911232
0.855669
0.760654
0.595281
0.380264
0.100478
8.696274
8.458240
8.115656
7.749071
7.354869
6.913982
6.460273
6.001961
5.619925
5.140244
4.648398
4.151292
3.647282
3.147218
2.749402
2.253283
1.779521
1.300828
0.855341
0.428594
0.114287
8.628546
8.322784
8.053845
7.832909
7.664904
7.573176
7.486708
7.469941
7.479146
7.542929
7.672137
7.828306
8.055490
8.312593
8.608162
0.052477
0.402292
0.717914
1.144003
1.613491
2.083965
2.562988
3.049243
3.441141
3.956000
4.463955
4.975528
5.476251
5.965138
6.334352
6.805486
7.276621
7.711590
8.128478
8.478624
8.764002
0.151109
0.413141
0.603501
0.746846
0.832327
0.892821
0.916821
0.911232
0.862574
0.748818
0.624871
0.429909
0.162945
8.753152
8.449035
8.192589
7.819100
7.427200
6.999464
6.540493
6.095004
5.617952
5.240849
4.749331
4.252225
3.747229
3.239603
2.743155
2.323312
1.843632
1.362637
0.910903
0.493033
0.099821
8.688383
8.388868
8.099874
7.879923
7.693179
7.563642
7.495585
7.477502
7.473886
7.523531
7.638931
7.812524
7.990392
8.257358
8.542407
8.841264
0.312537
0.705420
1.040769
1.493160
1.964949
2.448903
2.947652
3.445415
3.853423
4.347898
4.869334
5.362495
5.850725
6.325475
6.703895
7.181605
7.619205
8.031817
8.398074
8.736384
0.092917
0.366784
0.568651
0.720544
0.831011
0.881643
0.909259
0.911561
0.873423
0.787942
0.634405
0.471005
0.210288
8.792276
8.499008
8.189631
7.894390
7.521229
7.100397
6.635181
6.181472
5.712639
5.258602
4.870978
4.370913
3.874136
3.356646
2.851322
2.341723
1.944565
1.461269
1.002960
0.579171
0.164589
8.686411
8.429308
8.149191
7.913787
7.706987
7.582382
7.495914
7.463365
7.472242
7.517613
7.611643
7.775044
7.990392
8.205740
8.501309
8.792605
0.260262
0.644597
1.051618
1.397816
1.868948
2.349943
2.844089
3.332646
3.851450
4.251239
4.764126
5.262547
5.745188
6.233418
6.701593
7.089548
7.530764
7.940418
8.353689
8.668985
0.092588
0.312537
0.536431
0.706407
0.824765
0.892492
0.913534
0.914849
0.882958
0.806025
0.663995
0.465745
0.269468
8.854744
8.577914
8.295167
7.912801
7.628081
7.207578
6.743348
6.281090
5.805683
5.339152
4.861115
4.463298
3.966521
3.452319
2.947981
2.445616
1.956730
1.578312
1.112770
0.676817
0.254015
8.764002
8.518077
8.215932
7.961131
7.765510
7.606053
7.519586
7.491640
7.467310
7.499530
7.585998
7.740851
7.951268
8.214617
8.444102
8.737042
0.183658
0.555829
0.952657
1.299184
1.778206
2.253612
2.756964
3.242562
3.743613
4.207512
4.655631
5.161285
5.652802
6.137416
6.616441
6.997162
7.443310
7.860526
8.277084
8.601915
0.027491
0.259604
0.494019
0.672543
0.807997
0.887560
0.920438
0.919780
0.896437
0.824107
0.686680
0.496650
0.306948
0.019929
8.623614
8.323113
8.003872
7.645506
7.296019
6.825212
6.368545
5.898397
5.430223
4.954157
4.554697
4.062523
3.556212
3.055819
2.542933
2.052732
1.669711
1.188388
0.748161
0.321414
8.824496
8.495392
8.277084
8.013078
7.794113
7.619534
7.534052
7.499859
7.473228
7.489667
7.563313
7.700412
7.899650
8.152807
8.378676
8.658135
0.113629
0.479553
0.874081
1.304444
1.697986
2.168460
2.654058
3.143601
3.638734
4.144716
4.552396
5.072516
5.563047
6.057524
6.524055
6.990915
7.428515
7.766496
8.184698
8.534844
8.847511
0.265193
0.462128
0.647885
0.790244
0.877697
0.915506
0.917808
0.908931
0.857642
0.731722
0.548267
0.322071
0.092588
8.708439
8.412211
8.085737
7.715207
7.293388
6.940613
6.467834
6.004920
5.535101
5.059365
4.564232
4.159840
3.653529
3.150505
2.654387
2.145775
1.668396
1.277814
0.837587
0.415443
0.034066
8.563120
8.267550
8.047928
7.816141
7.656356
7.536353
7.471913
7.448899
7.474544
7.557395
7.670165
7.859210
8.094614
8.385252
8.596326
0.055765
0.395059
0.800764
1.228498
1.704232
2.073444
2.552467
3.041353
3.541088
4.047728
4.557985
4.974542
5.469347
5.960535
6.429039
6.879460
7.356513
7.677727
8.103820
8.463500
8.791619
0.212919
0.467717
0.620926
0.770846
0.868163
0.914849
0.925041
0.911890
0.872108
0.757695
0.590021
0.369086
0.090286
8.732439
8.454623
8.145903
7.775702
7.375253
6.929105
6.558905
6.104867
5.632090
5.164573
4.664179
4.164772
3.754791
3.239932
2.740196
2.229612
1.756178
1.281759
0.929972
0.502567
0.108698
8.621642
8.313250
8.056148
7.868088
7.689891
7.578765
7.489338
7.460735
7.476516
7.524517
7.632356
7.823374
8.038393
8.321140
8.604874
8.854744
0.319441
0.717585
1.136113
1.603957
2.075746
2.462383
2.951926
3.443442
3.960274
4.469873
4.980459
5.369399
5.849410
6.331064
6.789047
7.259853
7.690877
8.037736
8.382950
8.727508
0.146835
0.416429
0.611720
0.732051
0.845478
0.903670
0.925041
0.920109
0.884930
0.791559
0.636049
0.428922
0.150781
8.733754
8.504598
8.205740
7.864800
7.481119
7.033327
6.569097
6.193636
5.716256
5.246767
4.755249
4.263075
3.765969
3.344810
2.846061
2.334490
1.854153
1.380391
0.930958
0.592980
0.174781
8.688383
8.375388
8.093628
7.879923
7.722111
7.580738
7.497229
7.468954
7.476845
7.530107
7.629396
7.771756
7.987433
8.258673
8.547009
8.854415
0.243166
0.631446
1.040769
1.494804
1.967908
2.457451
2.855596
3.346454
3.858026
4.356447
4.869663
5.362166
5.743216
6.230459
6.692059
7.174700
7.614602
8.016037
8.317524
8.659451
0.089958
0.365469
0.570623
0.724160
0.823450
0.894136
0.922082
0.922410
0.880656
0.808326
0.659063
0.464101
0.199768
8.782084
8.507885
8.273468
7.923322
7.545887
7.123083
6.652277
6.192650
5.826724
5.350330
4.865388
4.353487
3.846190
3.327385
2.933515
2.418327
1.933716
1.460612
1.018412
0.590021
0.257960
8.763344
8.437856
8.148862
7.895047
7.706330
7.596519
7.502489
7.469283
7.467639
7.516298
7.607697
7.736248
7.941404
8.182726
8.502295
8.788989
0.247440
0.555171
0.947397
1.384994
1.863687
2.351587
2.850993
3.250124
3.764983
4.261102
4.771030
5.267150
5.749133
6.150238
6.608879
7.080013
7.513339
7.928911
8.312593
8.610792
0.028477
0.318455
0.537746
0.703448
0.824107
0.883615
0.920109
0.924712
0.893807
0.808984
0.690625
0.503225
0.253029
8.839621
8.559175
8.278070
7.979542
7.616903
7.214811
6.747951
6.296872
5.836258
5.461127
4.980131
4.469545
3.958959
3.438182
2.930227
2.522877
2.027416
1.549709
1.089098
0.659721
0.247768
8.832387
8.496707
8.201466
7.942391
7.746112
7.598821
7.527805
7.475530
7.481776
7.509065
7.590930
7.740194
7.904253
8.142286
8.435884
8.725534
0.175438
0.554514
0.868820
1.310034
1.784782
2.261174
2.757293
3.244534
3.645309
4.160826
4.654973
5.158984
5.640966
6.127224
6.508274
6.978093
7.426871
7.838827
8.242563
8.587778
8.840607
0.255330
0.492375
0.663666
0.799449
0.877697
0.912218
0.919780
0.901040
0.831998
0.698516
0.550897
0.314509
0.027819
8.634135
8.318510
7.985132
7.702385
7.285826
6.826857
6.370188
5.910233
5.438442
5.067255
4.556999
4.050358
3.533198
3.030503
2.527480
2.135254
1.659848
1.185757
0.739941
0.318455
8.824167
8.556872
8.264262
7.996639
7.795428
7.632027
7.526490
7.480133
7.464351
7.482763
7.563313
7.704029
7.900965
8.093299
8.371115
8.652218
0.106067
0.466074
0.866519
1.214361
1.688123
2.158926
2.646496
3.128806
3.634789
4.039509
4.546478
5.056406
5.545293
6.045688
6.503671
6.869926
7.338102
7.757619
8.166287
8.509858
8.832387
0.194179
0.455882
0.641310
0.784983
0.873094
0.914191
0.922082
0.910903
0.852053
0.725475
0.545637
0.366455
0.090615
8.683123
8.392485
8.076202
7.709618
7.380185
6.944558
6.482958
6.013797
5.530169
5.058708
4.657932
4.150963
3.642679
3.139327
2.641564
2.138213
1.758809
1.282417
0.840875
0.420374
0.035381
8.557201
8.348100
8.043324
7.820415
7.647151
7.529449
7.493941
7.465009
7.480790
7.540956
7.654712
7.852964
8.075216
8.313579
8.602572
0.047217
0.397031
0.780380
1.211073
1.600340
2.062266
2.548193
3.032804
3.536485
4.046413
4.449818
4.976843
5.464086
5.947055
6.412600
6.870913
7.247031
7.681343
8.089354
8.462514
8.775180
0.199110
0.412812
0.608104
0.756380
0.849423
0.901698
0.918136
0.916164
0.871122
0.757695
0.586733
0.367442
0.143548
8.740659
8.447391
8.136369
7.784579
7.379856
7.030368
6.578303
6.114730
5.639980
5.157997
4.642808
4.238746
3.729804
3.217904
2.721128
2.218762
1.744671
1.363295
0.919451
0.501910
0.101793
8.622956
8.312263
8.080806
7.868416
7.690549
7.571861
7.502489
7.481448
7.483091
7.542271
7.656685
7.815812
8.048257
8.333305
8.550297
8.857374
0.314509
0.706735
1.127236
1.597381
1.963634
2.447917
2.946008
3.438840
3.954356
4.466915
4.878540
5.374988
5.857629
6.333365
6.797596
7.252620
7.591588
7.994995
8.376703
8.736384
0.136972
0.411169
0.566349
0.723832
0.833313
0.899067
0.919780
0.917150
0.879012
0.789586
0.629803
0.421032
0.210288
8.817264
8.496378
8.204754
7.857567
7.460406
7.032012
6.653592
6.198568
5.723818
5.245451
4.763469
4.261431
3.860985
3.335605
2.829952
2.322654
1.838701
1.359678
1.008549
0.576541
0.166890
8.683123
8.380649
8.083436
7.917404
7.729015
7.588300
7.508736
7.483091
7.484406
7.521558
7.620520
7.780633
7.990063
8.275112
8.547668
8.785701
0.233631
0.620268
1.023672
1.478694
1.960018
2.350929
2.848363
3.337249
3.847505
4.342967
4.858484
5.253999
5.730393
6.222240
6.688771
7.159577
7.594218
7.919048
8.311606
8.658135
0.077135
0.358236
0.564705
0.691941
0.813915
0.892492
0.922410
0.919123
0.890191
0.809641
0.661365
0.467060
0.211275
8.854086
8.562791
8.256042
7.896362
7.524189
7.108617
6.660496
6.297529
5.840861
5.364468
4.873608
4.356775
3.847834
3.421086
2.923980
2.414382
1.936675
1.459296
1.016439
0.675831
0.269139
8.765646
8.453966
8.167274
7.915431
7.741509
7.603752
7.515640
7.475201
7.473886
7.518270
7.586985
7.757948
7.944364
8.220206
8.487172
8.789646
0.176096
0.543335
0.940164
1.385651
1.865331
2.348299
2.751046
3.239274
3.742626
4.251568
4.761167
5.266821
5.647213
6.145307
6.610851
7.079356
7.517942
7.931541
8.241905
8.605203
0.015326
0.303660
0.523280
0.697859
0.802737
0.885588
0.920766
0.918794
0.887560
0.828381
0.692598
0.508157
0.268152
8.841593
8.570353
8.322784
7.976255
7.604738
7.189167
6.740060
6.291611
5.926014
5.464744
4.971254
4.463298
3.957315
3.429634
3.033791
2.531425
2.051088
1.574038
1.110140
0.672872
0.338181
8.837647
8.507556
8.208370
7.944364
7.762222
7.640904
7.535367
7.506106
7.471913
7.500188
7.583368
7.699097
7.894718
8.154122
8.426349
8.740001
0.175438
0.472649
0.866519
1.303458
1.777549
2.248681
2.748416
3.137354
3.638076
4.142415
4.642808
5.158984
5.639323
6.043057
6.511561
6.982367
7.418981
7.833237
8.248152
8.501638
8.841593
0.245796
0.488430
0.666625
0.800436
0.865533
0.906300
0.916164
0.895780
0.829039
0.727119
0.546952
0.318783
0.037025
8.646957
8.317524
8.072257
7.707316
7.302265
6.851843
6.389915
5.935220
5.547266
5.064626
4.555355
4.049043
3.527937
3.021955
2.618879
2.120459
1.649656
1.180826
0.749147
0.332263
0.036696
8.569366
8.285961
8.004201
7.788853
7.635643
7.547203
7.484735
7.475530
7.490654
7.559039
7.699426
7.855923
8.075545
8.370457
8.650245
0.113629
0.474951
0.783339
1.213374
1.682533
2.154651
2.637948
3.128806
3.517745
4.043125
4.547464
5.058708
5.546608
6.048647
6.413915
6.873871
7.329554
7.771756
8.151821
8.504926
8.768933
0.191548
0.444703
0.630789
0.770846
0.860272
0.898410
0.918465
0.908931
0.846464
0.719558
0.583774
0.373360
0.095875
8.709096
8.386238
8.056476
7.782606
7.360787
6.934366
6.488218
6.042400
5.566664
5.193176
4.676672
4.171676
3.654515
3.146560
2.640249
2.239475
1.761110
1.279129
0.838573
0.417086
0.038011
8.632162
8.335278
8.061408
7.848361
7.682658
7.558710
7.501174
7.471256
7.481448
7.544244
7.674439
7.862170
8.015708
8.308318
8.592381
0.043272
0.390456
0.783668
1.122304
1.575682
2.044841
2.525836
3.018338
3.515444
3.935287
4.434366
4.950212
5.443045
5.931932
6.397477
6.773266
7.242099
7.671480
8.074558
8.438842
8.768276
0.125794
0.399990
0.594624
0.746517
0.850738
0.902026
0.920438
0.918136
0.870464
0.757038
0.592651
0.420703
0.156698
8.742960
8.451993
8.143272
7.774058
7.483749
7.041875
6.585207
6.134786
5.660693
5.184299
4.785825
4.274253
3.759394
3.247165
2.737895
2.239475
1.842975
1.371185
0.928986
0.512431
0.114944
8.639067
8.391828
8.104806
7.861512
7.695480
7.568573
7.509394
7.476516
7.482105
7.534380
7.644520
7.818114
8.019982
8.272482
8.541420
8.844223
0.310235
0.698516
1.120332
1.477050
1.954100
2.434766
2.930885
3.421086
3.934630
4.340665
4.854868
5.341782
5.823436
6.296214
6.758142
7.142480
7.589943
7.988091
8.365525
8.693644
0.125794
0.349688
0.562404
0.720873
0.831998
0.903670
0.920109
0.915506
0.877697
0.782024
0.625528
0.421032
0.207987
8.790304
8.515119
8.206069
7.847046
7.451529
7.132288
6.672990
6.214349
5.742558
5.270109
4.775304
4.372885
3.872163
3.352372
2.845404
2.335477
1.849221
1.466201
1.014138
0.588377
0.180041
8.711069
8.379992
8.149191
7.900965
7.722111
7.579751
7.496900
7.472571
7.485722
7.515969
7.604410
7.761236
7.965076
8.236974
8.466130
8.772879
0.234289
0.623227
1.030577
1.472119
1.851523
2.329559
2.824691
3.310618
3.826135
4.322583
4.731249
5.233944
5.719543
6.203828
6.670689
7.143138
7.585340
7.904582
8.292537
8.632820
0.065300
0.351989
0.525910
0.694242
0.816217
0.883615
0.911890
0.910903
0.892821
0.813915
0.664652
0.466731
0.213247
8.856716
8.604217
8.285961
7.926281
7.565285
7.146755
6.764389
6.308707
5.845793
5.374002
4.889060
4.384721
3.971453
3.456264
2.949954
2.438383
1.948511
1.463571
1.109153
0.676817
0.252371
8.785701
8.467117
8.157410
7.975597
7.765181
7.608026
7.503804
7.477502
7.478489
7.498215
7.578108
7.728029
7.943706
8.193904
8.488816
8.788989
0.170836
0.542020
0.934575
1.365925
1.840344
2.327257
2.730662
3.217904
3.713694
4.220335
4.726974
5.236246
5.628144
6.114730
6.581919
7.046807
7.474872
7.882554
8.221521
8.570024
0.011052
0.304975
0.523938
0.659721
0.792216
0.872437
0.911890
0.917808
0.886574
0.834957
0.693256
0.508814
0.263550
8.836332
8.627231
8.308976
7.982502
7.613286
7.202975
6.752224
6.396162
5.947713
5.474278
4.995583
4.483353
3.982302
3.553253
3.038723
2.531754
2.034978
1.564504
1.101920
0.753750
0.342126
8.838963
8.513803
8.218891
7.951925
7.826005
7.642876
7.535367
7.485064
7.498215
7.494270
7.567915
7.702385
7.892417
8.139985
8.412868
8.721261
0.098506
0.457526
0.853368
1.282088
1.754863
2.235530
2.622496
3.112696
3.623281
4.126963
4.627685
5.143202
5.535759
6.021030
6.486903
6.948503
7.399911
7.820744
8.222178
8.486843
8.814962
0.235933
0.474293
0.659063
0.772490
0.870793
0.914849
0.925369
0.901040
0.835614
0.730078
0.554514
0.325030
0.038011
8.627560
8.381964
8.078504
7.693179
7.293717
6.850857
6.408655
6.050948
5.572582
5.093229
4.586259
4.075345
3.552266
3.143272
2.636961
2.138213
1.668067
1.187730
0.756380
0.429909
0.044258
8.567393
8.271495
8.007817
7.800360
7.686275
7.552792
7.489009
7.473228
7.493941
7.554765
7.659973
7.839155
8.059435
8.365196
8.624271
0.097519
0.457526
0.767558
1.195292
1.663465
2.129993
2.618879
3.008475
3.505252
4.018796
4.524450
5.046214
5.533457
6.023331
6.403723
6.865323
7.314430
7.733618
8.129464
8.488158
8.753152
0.182014
0.445361
0.635392
0.778737
0.856327
0.905972
0.920109
0.909917
0.856656
0.757695
0.595281
0.373360
0.095547
8.694630
8.387882
8.152807
7.778661
7.374596
6.921544
6.480985
6.038784
5.659049
5.200080
4.692782
4.187786
3.669310
3.159054
2.758279
2.252297
1.768672
1.289978
0.845806
0.426621
0.116917
8.639067
8.334291
8.053517
7.842443
7.663918
7.568573
7.505448
7.473557
7.469283
7.539641
7.665233
7.809237
8.039051
8.307661
8.616053
0.037025
0.377305
0.693584
1.113427
1.569764
2.039910
2.516302
3.006831
3.419113
3.926411
4.432065
4.953829
5.444031
5.927000
6.297200
6.765047
7.231250
7.660302
8.076860
8.427993
8.761372
0.124807
0.398675
0.596925
0.744544
0.850409
0.898081
0.919123
0.913534
0.870135
0.764599
0.633090
0.423991
0.167548
8.756768
8.468760
8.162342
7.890444
7.483091
7.068506
6.597043
6.144649
5.668583
5.292795
4.794702
4.286089
3.771230
3.249795
2.750717
2.344025
1.849879
1.376446
0.929315
0.508485
0.112643
8.700548
8.393471
8.100861
7.875978
7.705672
7.564628
7.507421
7.492297
7.481448
7.548847
7.623807
7.811538
7.978885
8.246180
8.536489
8.846196
0.301687
0.686351
1.015782
1.459296
1.940620
2.429506
2.938775
3.435223
3.848163
4.335734
4.852238
5.346714
5.824751
6.295885
6.674305
7.146426
7.588300
7.990063
8.365854
8.703506
0.070889
0.346729
0.553527
0.713311
0.828710
0.890848
0.920109
0.916821
0.881971
0.787942
0.638022
0.469361
0.215220
8.807729
8.533529
8.207055
7.864800
7.553778
7.151029
6.689757
6.224212
5.749133
5.273068
4.881170
4.365981
3.858355
3.336591
2.837513
2.324627
1.946209
1.472119
1.023672
0.603829
0.195165
8.706466
8.455938
8.160369
7.923651
7.732961
7.602108
7.516627
7.486708
7.482105
7.510709
7.626109
7.756961
7.974282
8.178781
8.469748
8.801153
0.240535
0.624871
1.031892
1.379076
1.849550
2.329559
2.831267
3.329687
3.835669
4.231513
4.739797
5.239204
5.725133
6.222240
6.682524
7.065218
7.496243
7.927925
8.300098
8.629532
0.069245
0.296098
0.522294
0.687995
0.807669
0.880656
0.914520
0.916164
0.892492
0.806354
0.658406
0.464430
0.266180
8.854744
8.585805
8.266235
7.891759
7.535367
7.199030
6.751567
6.304433
5.846779
5.375646
4.888402
4.483025
3.968822
3.444429
2.938447
2.424574
1.935688
1.568120
1.100934
0.675502
0.257960
8.768604
8.453308
8.218562
7.966392
7.765838
7.605067
7.517284
7.472242
7.470269
7.505448
7.574820
7.743153
7.931870
8.176479
8.426678
8.728823
0.170836
0.544979
0.936876
1.372500
1.747630
2.223036
2.726717
3.223493
3.732434
4.231184
4.633274
5.141559
5.634391
6.118018
6.582248
7.060944
7.412405
7.824032
8.222836
8.571668
0.013025
0.301358
0.488101
0.662680
0.795175
0.873423
0.916164
0.926027
0.907287
0.837916
0.695886
0.508814
0.272098
0.045244
8.640382
8.343826
7.985460
7.611643
7.214153
6.847898
6.408326
5.958891
5.479867
4.990323
4.472175
4.062852
3.543718
3.033462
2.528795
2.031690
1.558586
1.190032
0.764928
0.351003
8.860333
8.521694
8.222178
8.016694
7.801675
7.645835
7.535038
7.479804
7.460077
7.482105
7.551477
7.709289
7.898006
8.133080
8.412211
8.671287
0.099492
0.459169
0.848436
1.281102
1.759795
2.139199
2.628742
3.127820
3.622953
4.129264
4.633274
5.043913
5.530827
6.023660
6.495451
6.965600
7.414378
7.751372
8.158068
8.526297
8.825482
0.248097
0.481855
0.623885
0.773147
0.867177
0.918136
0.928986
0.917808
0.863231
0.738626
0.560103
0.338181
0.109026
8.701534
8.383279
8.067983
7.694165
7.292073
6.848885
6.493808
6.040428
5.561074
5.083694
4.570807
4.068769
3.657474
3.145574
2.648140
2.153665
1.684177
1.210744
0.857313
0.440758
0.052477
8.589093
8.272810
8.008474
7.841785
7.687919
7.548189
7.483420
7.467968
7.481448
7.564957
7.668521
7.844416
8.073243
8.364210
8.652547
0.044587
0.394730
0.785970
1.207128
1.670040
2.138213
2.526494
3.025243
3.525964
4.043454
4.546149
5.066927
5.452250
5.939165
6.413258
6.873214
7.344019
7.750386
8.076860
8.445417
8.763016
0.183658
0.441087
0.598569
0.752106
0.853697
0.909917
0.928328
0.920109
0.874409
0.767230
0.599227
0.386839
0.105081
8.754796
8.467445
8.144588
7.765838
7.387747
6.958366
6.537535
6.149909
5.663981
5.194491
4.682919
4.181868
3.666351
3.246507
2.746772
2.238488
1.762425
1.288006
0.934904
0.518677
0.117246
8.635779
8.338566
8.059435
7.882883
7.721125
7.577779
7.504462
7.475859
7.475530
7.529120
7.630712
7.802661
8.018995
8.307661
8.587120
0.050505
0.317797
0.703448
1.120989
1.582258
2.045170
2.524192
2.926282
3.423387
3.940877
4.434366
4.954815
5.446990
5.826396
6.300817
6.771294
7.232893
7.672137
8.085079
8.382950
8.708767
0.132369
0.404922
0.601199
0.727448
0.840217
0.898081
0.924712
0.918136
0.873094
0.789915
0.638351
0.427607
0.156370
8.742303
8.515119
8.213631
7.877293
7.479146
7.065218
6.613153
6.234076
5.756366
5.275370
4.784839
4.277212
3.759722
3.350728
2.846390
2.335805
1.856125
1.382035
0.934575
0.589035
0.186617
8.701534
8.395773
8.106121
7.888801
7.735591
7.598163
7.523202
7.471913
7.467639
7.552135
7.626109
7.771099
7.984803
8.267879
8.542735
8.857045
0.251714
0.637035
1.041097
1.483954
1.955086
2.426218
2.837513
3.328043
3.841587
4.344940
4.860785
5.353947
5.733352
6.216650
6.678579
7.151029
7.595204
8.003214
8.309633
8.645313
0.075492
0.355935
0.563719
0.724818
0.819833
0.887889
0.919451
0.926356
0.886245
0.818847
0.667283
0.471005
0.214562
8.799838
8.508543
8.264920
7.912472
7.558381
7.143467
6.679236
6.229144
5.853355
5.378276
4.890047
4.378146
3.867231
3.352043
2.944365
2.435424
1.944565
1.473763
1.018412
0.596596
0.260591
8.765317
8.449692
8.154451
7.921021
7.737235
7.609341
7.531093
7.489667
7.487037
7.525504
7.611971
7.734276
7.940418
8.188643
8.481912
8.773536
0.240207
0.547938
0.942465
1.383679
1.865002
2.343367
2.837184
3.221849
3.723229
4.222307
4.733550
5.242821
5.728749
6.124265
6.592111
7.071465
7.534052
7.912801
8.304702
8.579558
0.012696
0.303660
0.526897
0.696872
0.815559
0.877040
0.914191
0.923068
0.902684
0.820162
0.707064
0.517033
0.279002
8.876772
8.588106
8.286619
8.002557
7.628739
7.211523
6.759787
6.311337
5.851711
5.477895
5.002816
4.488614
3.981973
3.452648
2.946666
2.531097
2.040896
1.567463
1.104222
0.671228
0.255988
8.831072
8.504269
8.212974
7.965076
7.771428
7.618876
7.543586
7.502161
7.483749
7.504462
7.590601
7.737235
7.895376
8.130450
8.415828
8.714356
0.171822
0.548267
0.859286
1.291622
1.769001
2.244735
2.742169
3.230726
3.621966
4.139127
4.640507
5.155367
5.647871
6.133471
6.510575
6.983682
7.414378
7.836196
8.231713
8.570682
8.822853
0.251056
0.491389
0.673201
0.802408
0.883944
0.914520
0.925041
0.908273
0.844820
0.703119
0.557144
0.332263
0.050176
8.642683
8.328045
8.018667
7.703371
7.297005
6.856775
6.400764
5.954288
5.471977
5.083694
4.575410
4.063180
3.545362
3.037736
2.539316
2.151364
1.680889
1.202854
0.768545
0.341140
8.835346
8.564763
8.250125
7.995981
7.792798
7.634986
7.534380
7.488681
7.478817
7.497229
7.566600
7.708302
7.915431
8.080806
8.371443
8.658135
0.117903
0.484485
0.873094
1.216333
1.687465
2.153994
2.634989
3.121573
3.619665
4.042468
4.547135
5.061338
5.544307
6.035496
6.495780
6.866310
7.328896
7.756304
8.164972
8.507556
8.812660
0.181685
0.440758
0.628816
0.771504
0.863560
0.902026
0.920766
0.915506
0.859615
0.738955
0.558459
0.379606
0.102451
8.686411
8.392485
8.080148
7.707645
7.377226
6.954421
6.498082
6.038455
5.557458
5.078763
4.666809
4.160498
3.653200
3.138998
2.636961
2.141172
1.764398
1.287677
0.853039
0.437470
0.049190
8.575613
8.346785
8.065681
7.850662
7.672466
7.545230
7.468954
7.457119
7.470598
7.544244
7.653069
7.857238
8.083107
8.311606
8.600600
0.053793
0.397360
0.789257
1.210744
1.587518
2.050759
2.537343
3.034777
3.530567
4.038851
4.437983
4.955801
5.442387
5.940480
6.401751
6.875844
7.258209
7.682987
8.089025
8.445089
8.765974
0.187274
0.406566
0.603172
0.755723
0.855012
0.903999
0.923397
0.920766
0.875067
0.769531
0.599227
0.428265
0.159000
8.756111
8.456924
8.156424
7.786222
7.480133
7.052396
6.582577
6.120977
5.651159
5.178381
4.701330
4.280171
3.773860
3.256370
2.751046
2.242763
1.856125
1.379405
0.929643
0.510129
0.113629
8.653533
8.332976
8.095929
7.872690
7.694823
7.571861
7.502161
7.481448
7.483749
7.538983
7.649781
7.817456
8.036750
8.315880
8.540434
8.852443
0.311879
0.699502
1.121318
1.583244
1.961004
2.439698
2.936803
3.426675
3.942192
4.434037
4.849936
5.349673
5.836258
6.308707
6.774252
7.245716
7.592903
7.977570
8.370786
8.707124
0.121849
0.392429
0.554185
0.720544
0.836272
0.898410
0.921424
0.919123
0.885259
0.793531
0.634734
0.428265
0.219823
8.804770
8.514132
8.194233
7.848032
7.441008
7.114206
6.658524
6.222240
5.741900
5.270109
4.777935
4.371570
3.868546
3.351057
2.853623
2.342381
1.865002
1.478694
1.028933
0.601199
0.191548
8.714685
8.380649
8.171219
7.915760
7.740194
7.580081
7.497229
7.470269
7.471913
7.520572
7.609013
7.782606
7.987104
8.249467
8.483885
8.794907
0.255001
0.644597
1.048002
1.486585
1.954100
2.330216
2.830280
3.327385
3.840272
4.342638
4.856512
5.251369
5.736311
6.225527
6.695346
7.172399
7.610328
7.925294
8.310948
8.667341
0.078451
0.361853
0.529856
0.696872
0.815559
0.884930
0.916492
0.917479
0.896766
0.816545
0.666954
0.474622
0.215549
8.864607
8.577914
8.261632
7.924637
7.567587
7.127686
6.756499
6.298187
5.838231
5.377618
4.898266
4.388009
3.977371
3.452319
2.946666
2.435752
1.958374
1.480009
1.124934
0.695228
0.271769
8.780440
8.455609
8.158068
7.960145
7.766496
7.602766
7.516955
7.474544
7.470598
7.513668
7.581067
7.721783
7.938774
8.196534
8.488487
8.735727
0.190891
0.565034
0.954959
1.389268
1.865002
2.249009
2.754662
3.250124
3.743941
4.242362
4.746372
5.156682
5.640966
6.132155
6.601974
7.079684
7.513668
7.857567
8.243878
8.587778
0.017628
0.301358
0.520650
0.663337
0.795504
0.883286
0.920438
0.924712
0.898739
0.842519
0.705749
0.518677
0.280317
8.864279
8.624271
8.329360
7.986118
7.620848
7.208235
6.757156
6.405038
5.954618
5.475593
4.991638
4.476778
3.973425
3.549308
3.051216
2.546878
2.062924
1.585217
1.126578
0.774791
0.353305
8.847511
8.514790
8.220206
7.959816
7.807593
7.645506
7.536682
7.482763
7.470598
7.520572
7.564628
7.704357
7.894390
8.154451
8.411225
8.724877
0.117903
0.491060
0.888218
1.320226
1.787412
2.252954
2.650112
3.135053
3.630186
4.145045
4.648398
5.158655
5.559102
6.046345
6.513206
6.984668
7.440351
7.843101
8.175493
8.516434
8.830743
0.255001
0.493033
0.669255
0.776106
0.864546
0.908273
0.920766
0.903013
0.853368
0.732051
0.555171
0.335880
0.054121
8.667670
8.401690
8.068641
7.713892
7.290429
6.844610
6.414573
6.039770
5.565349
5.082379
4.572122
4.069098
3.551280
3.148861
2.648469
2.158268
1.677930
1.206470
0.768873
0.436484
0.047875
8.588764
8.268537
7.996310
7.785236
7.666219
7.544244
7.473228
7.469283
7.487037
7.586327
7.674767
7.857895
8.082121
8.369142
8.656820
0.118890
0.408867
0.803066
1.222909
1.690424
2.160241
2.645181
3.036092
3.533526
4.039180
4.547793
5.071530
5.563704
5.957576
6.421148
6.881762
7.329882
7.760907
8.193904
8.440157
8.779454
0.204042
0.458183
0.644597
0.781367
0.856985
0.906300
0.923068
0.911232
0.854354
0.765257
0.599884
0.383223
0.107711
8.696274
8.381964
8.134067
7.763866
7.359801
6.941270
6.492164
6.034181
5.655761
5.181998
4.683905
4.171018
3.656159
3.143601
2.744470
2.241776
1.768014
1.289321
0.840875
0.429251
0.110341
8.620655
8.315880
8.031160
7.806935
7.643205
7.557724
7.491640
7.464023
7.484735
7.554765
7.674439
7.820086
8.034120
8.315551
8.596655
0.046888
0.400648
0.713968
1.129208
1.595408
2.056348
2.533398
3.034777
3.427004
3.948438
4.443572
4.963692
5.450277
5.942124
6.307393
6.777869
7.246702
7.685617
8.089025
8.444760
8.703178
0.135986
0.412484
0.604158
0.754079
0.853039
0.897095
0.922739
0.918136
0.870135
0.762298
0.632433
0.424648
0.159000
8.750522
8.463829
8.141300
7.848690
7.463365
7.042204
6.583563
6.132155
5.651487
5.284575
4.787140
4.277212
3.762681
3.246507
2.742826
2.333504
1.851194
1.369542
0.923068
0.505526
0.108369
8.719617
8.389197
8.103491
7.879595
7.700412
7.571203
7.514983
7.474215
7.483091
7.533065
7.644849
7.826333
7.984803
8.255385
8.541092
8.853100
0.319770
0.709037
1.035508
1.482968
1.951470
2.425560
2.931871
3.424702
3.845204
4.338364
4.852238
5.347043
5.830669
6.308050
6.681538
7.157933
7.597177
8.021626
8.364539
8.707452
0.067930
0.351332
0.561418
0.718571
0.835286
0.896109
0.920438
0.921424
0.885259
0.787285
0.638351
0.467717
0.217193
8.790304
8.512816
8.215604
7.836854
7.523860
7.120781
6.660825
6.218623
5.751435
5.279644
4.887087
4.378146
3.874136
3.357633
2.851650
2.342381
1.953771
1.480996
1.027946
0.602514
0.192863
8.724548
8.442459
8.181082
7.922664
7.733618
7.591588
7.508736
7.494270
7.488681
7.516298
7.632684
7.774386
7.985789
8.202453
8.481912
8.788331
0.245138
0.633748
1.043728
1.385323
1.857769
2.328901
2.828308
3.328043
3.839614
4.237102
4.745386
5.245780
5.727434
6.220596
6.680881
7.067520
7.508079
7.914116
8.325744
8.647614
0.080094
0.308920
0.527225
0.693256
0.816217
0.886245
0.922739
0.928328
0.905972
0.821477
0.672872
0.478238
0.279002
8.867237
8.578572
8.252426
7.906226
7.527805
7.197057
6.761430
6.314625
5.861903
5.391756
4.911417
4.491573
3.982960
3.458237
2.959488
2.449890
1.960347
1.581271
1.112770
0.680762
0.261906
8.777481
8.462843
8.228426
7.957186
7.782277
7.605067
7.520572
7.474215
7.461063
7.500845
7.581395
7.729015
7.934172
8.184698
8.421417
8.718302
0.171164
0.557801
0.954959
1.388939
1.773932
2.239804
2.730991
3.216589
3.720927
4.228882
4.634918
5.150764
5.638665
6.129197
6.596056
7.070150
7.421939
7.832251
8.241905
8.580215
0.017628
0.305961
0.489088
0.662680
0.799121
0.876711
0.913534
0.918794
0.906958
0.838244
0.702461
0.520321
0.284920
0.056094
8.647943
8.335936
8.016037
7.625123
7.208893
6.848885
6.410628
5.956261
5.476908
4.991966
4.477764
4.072386
3.548979
3.043654
2.541946
2.051088
1.584559
1.207456
0.772490
0.351989
8.838305
8.510186
8.214946
8.029845
7.804305
7.635972
7.529778
7.473228
7.467968
7.510709
7.564299
7.705344
7.897677
8.137026
8.422732
8.654190
0.114616
0.479553
0.867177
1.295896
1.767028
2.144459
2.643537
3.127162
3.627227
4.133867
4.635904
5.054762
5.540033
6.043057
6.511890
6.969216
7.439364
7.779318
8.155437
8.510515
8.826140
0.236261
0.480211
0.622898
0.768216
0.864546
0.909259
0.926027
0.913534
0.859286
0.740599
0.563062
0.337852
0.054450
8.718631
8.397745
8.082121
7.706987
7.303909
6.846912
6.492821
6.041414
5.569294
5.095531
4.604013
4.096058
3.685420
3.176150
2.667866
2.172734
1.691410
1.209429
0.856656
0.437470
0.041299
8.579558
8.273139
8.007159
7.840799
7.667534
7.552463
7.487694
7.470598
7.489667
7.546874
7.674439
7.858553
8.082121
8.365525
8.661095
0.052149
0.398346
0.794518
1.218306
1.679903
2.149391
2.523535
3.020640
3.521691
4.036879
4.551409
5.062653
5.463100
5.955604
6.422135
6.879132
7.348951
7.762222
8.088696
8.439171
8.767947
0.186288
0.450293
0.632761
0.753092
0.856327
0.907287
0.922739
0.914191
0.870464
0.761640
0.597583
0.383880
0.108369
8.758741
8.457911
8.151821
7.777674
7.393336
6.940941
6.498082
6.130512
5.666940
5.186272
4.690810
4.187786
3.671283
3.258672
2.753019
2.241447
1.763083
1.294581
0.932602
0.516047
0.117246
8.633149
8.346785
8.054503
7.843101
7.698768
7.568573
7.485064
7.492297
7.506763
7.550490
7.648137
7.823045
8.032475
8.311934
8.595340
0.046231
0.319112
0.717256
1.132167
1.595408
2.054704
2.538001
2.930556
3.422401
3.939233
4.450476
4.961061
5.452908
5.839546
6.307393
6.778198
7.244401
7.682658
8.110723
8.375388
8.699233
0.124479
0.397031
0.595281
0.716599
0.833642
0.899067
0.919780
0.920109
0.868820
0.796819
0.634405
0.433196
0.162616
8.750193
8.516434
8.206069
7.840142
7.482434
7.042861
6.590796
6.138073
5.758668
5.288192
4.791743
4.291678
3.779778
3.363550
2.856911
2.347312
1.865002
1.389597
0.946740
0.608104
0.201412
8.712055
8.405307
8.115656
7.903266
7.763866
7.587642
7.516627
7.487037
7.485722
7.547860
7.646493
7.784907
7.978227
8.242892
8.535173
8.853758
0.325030
0.643611
1.049317
1.489544
1.956072
2.433451
2.932858
3.328372
3.843231
4.337707
4.846977
5.338494
5.818833
6.205143
6.677593
7.156289
7.597177
8.008803
8.380321
8.653533
0.075820
0.353962
0.562733
0.721530
0.816545
0.889533
0.920438
0.922410
0.879670
0.788929
0.665639
0.472649
0.221467
8.811345
8.522680
8.276755
7.929569
7.545230
7.127028
6.676935
6.222898
5.749791
5.386824
4.901225
4.382420
3.875780
3.353687
2.852637
2.440684
1.956072
1.474420
1.035508
0.606131
0.272755
8.779783
8.454623
8.147218
7.917075
7.729015
7.590601
7.530764
7.477831
7.474544
7.538326
7.599478
7.800689
7.934172
8.209028
8.471063
8.788331
0.254344
0.631118
0.957918
1.397487
1.876509
2.342381
2.837184
3.328701
3.734736
4.237431
4.751962
5.260246
5.746832
6.138073
6.602632
7.073767
7.516955
7.918061
8.310619
8.654519
0.023874
0.312866
0.530513
0.690297
0.810956
0.875725
0.914191
0.927342
0.903670
0.821477
0.707722
0.520979
0.283276
-0.003743
8.582846
8.272810
7.979214
7.628410
7.224017
6.776225
6.323831
5.870780
5.482497
4.999528
4.481380
3.978686
3.462840
2.960146
2.552138
2.058978
1.588176
1.127893
0.690297
0.270454
8.839621
8.503940
8.205740
7.976255
7.763537
7.606382
7.538983
7.485393
7.477502
7.503804
7.595204
7.745783
7.901623
8.126177
8.427993
8.717645
0.177740
0.561418
0.876053
1.300828
1.778864
2.258215
2.755977
3.241247
3.644652
4.143730
4.648398
5.153395
5.636364
6.119991
6.502685
6.974476
7.426542
7.852635
8.246837
8.601586
8.848168
0.269139
0.498622
0.664652
0.790572
0.872108
0.908602
0.925369
0.909917
0.842847
0.700489
0.563719
0.333907
0.048203
8.635450
8.333305
7.978556
7.685288
7.281224
6.837049
6.393531
5.951001
5.482169
5.099804
4.598424
4.089811
3.571007
3.060750
2.544248
2.154980
1.674972
1.196607
0.758024
0.342126
8.830743
8.569695
8.277413
8.010448
7.801346
7.645506
7.553121
7.483749
7.480790
7.502161
7.565943
7.709289
7.898006
8.073901
8.349744
8.665698
0.106067
0.472978
0.868492
1.214032
1.685821
2.162213
2.649126
3.142944
3.627556
4.031618
4.535628
5.046214
5.542006
6.039113
6.504328
6.866638
7.329882
7.778989
8.190617
8.520707
8.830415
0.191877
0.449306
0.632433
0.781696
0.879670
0.920109
0.930958
0.920109
0.858300
0.738626
0.563719
0.385853
0.110341
8.704494
8.393143
8.048257
7.684959
7.353225
6.932393
6.487232
6.039113
5.568307
5.095201
4.689823
4.183840
3.666680
3.152478
2.648140
2.144788
1.766370
1.296554
0.855669
0.443388
0.053464
8.582518
8.365854
8.051873
7.842772
7.666548
7.542271
7.480790
7.469283
7.499530
7.554765
7.678713
7.862170
8.081463
8.327716
8.596326
0.042285
0.395388
0.794518
1.213703
1.579627
2.043855
2.525507
3.021626
3.517416
4.031618
4.434695
4.946596
5.445346
5.938836
6.403723
6.877159
7.241771
7.681343
8.087052
8.448706
8.771893
0.192206
0.401634
0.597912
0.746846
0.849094
0.904657
0.920766
0.923397
0.875067
0.768873
0.601528
0.390456
0.163603
8.753152
8.466788
8.146890
7.780962
7.392350
7.042533
6.580933
6.124594
5.648857
5.173779
4.679303
4.281157
3.772873
3.260644
2.763211
2.254270
1.778864
1.386638
0.944438
0.519006
0.119876
8.637094
8.333962
8.104149
7.903266
7.711590
7.573505
7.497558
7.468626
7.474544
7.517942
7.646821
7.821073
8.033133
8.313579
8.530571
8.840278
0.312208
0.714297
1.138743
1.598039
1.965607
2.440355
2.930556
3.407935
3.928383
4.428777
4.843360
5.340467
5.832313
6.313968
6.785431
7.255579
7.607368
8.015708
8.409581
8.721261
0.136315
0.401634
0.564048
0.716599
0.830354
0.896437
0.926684
0.924054
0.889533
0.797477
0.638022
0.423991
0.159986
8.806743
8.509200
8.215932
7.853621
7.486379
7.043519
6.668716
6.216322
5.751435
5.281616
4.789442
4.292336
3.881697
3.356318
2.851322
2.342381
1.860728
1.380720
1.028275
0.610076
0.199439
8.716658
8.399060
8.092641
7.936801
7.732303
7.592574
7.508407
7.476187
7.484406
7.524846
7.613286
7.779647
7.970337
8.259660
8.541420
8.784715
0.248426
0.640652
1.048330
1.485927
1.949168
2.334819
2.837184
3.330673
3.841587
4.343953
4.858155
5.248410
5.740256
6.225856
6.695018
7.168125
7.594218
7.939432
8.328702
8.646957
0.080423
0.364154
0.573254
0.701475
0.820162
0.889204
0.924383
0.921424
0.899725
0.819176
0.672543
0.471005
0.219165
8.817921
8.575613
8.274454
7.931212
7.555422
7.130645
6.676278
6.300488
5.837245
5.371700
4.891033
4.385050
3.874793
3.447716
2.946008
2.433780
1.948839
1.473763
1.024659
0.684379
0.269139
8.762358
8.453308
8.160369
7.917075
7.788195
7.612629
7.538655
7.477831
7.476516
7.521558
7.598492
7.739208
7.939103
8.184370
8.476651
8.781426
0.177082
0.555500
0.952986
1.391240
1.863358
2.341723
2.752690
3.241247
3.747229
4.242362
4.748345
5.253013
5.645241
6.132484
6.602632
7.080999
7.519914
7.929240
8.254727
8.605861
0.028148
0.306619
0.527883
0.698516
0.799778
0.883615
0.925369
0.924054
0.896437
0.836929
0.703448
0.517691
0.277687
8.861320
8.640382
8.337908
8.028530
7.632684
7.218756
6.758800
6.294570
5.936535
5.458826
4.984405
4.483353
3.981973
3.465142
3.055819
2.551481
2.053718
1.581929
1.118030
0.684050
0.340811
8.839292
8.514790
8.213302
7.963432
7.793456
7.644849
7.535696
7.481119
7.473228
7.495914
7.588628
7.722111
7.896362
8.130450
8.428979
8.722904
0.180699
0.476923
0.865861
1.294910
1.763740
2.239804
2.636961
3.129793
3.634460
4.138141
4.640836
5.149449
5.638008
6.038784
6.509918
6.991244
7.432131
7.851320
8.250782
8.526626
8.827127
0.251385
0.483170
0.658406
0.773147
0.868163
0.916164
0.925369
0.907287
0.832327
0.731065
0.549582
0.329633
0.047546
8.632491
8.387882
8.060093
7.687261
7.293717
6.833432
6.386956
5.931932
5.546937
5.082050
4.574095
4.073044
3.555554
3.157738
2.655044
2.150048
1.675629
1.204169
0.768873
0.432539
0.062998
8.609477
8.296811
8.018995
7.810552
7.667863
7.547860
7.487037
7.474215
7.497229
7.570546
7.677069
7.855594
8.076202
8.361580
8.655505
0.115931
0.488101
0.800436
1.219292
1.689438
2.159583
2.643866
3.040366
3.527937
4.040495
4.548779
5.065612
5.561403
5.952645
6.426409
6.886036
7.352897
7.765510
8.178781
8.524324
8.786687
0.207658
0.460485
0.640652
0.776435
0.851395
0.904328
0.923397
0.915506
0.855341
0.731393
0.599555
0.377963
0.104095
8.676876
8.391170
8.143930
7.751372
7.342047
6.912338
6.476054
6.030564
5.654118
5.181012
4.676015
4.166087
3.658132
3.155766
2.766827
2.261503
1.778535
1.300170
0.855341
0.436484
0.122835
8.638738
8.340867
8.060421
7.836196
7.664904
7.548518
7.494599
7.473228
7.481119
7.555093
7.674110
7.864471
8.028201
8.310948
8.595669
0.047546
0.399662
0.797148
1.134469
1.589819
2.050102
2.529782
3.028202
3.519060
3.943178
4.435681
4.954157
5.439428
5.931932
6.407011
6.780828
7.257881
7.689562
8.104806
8.452322
8.779454
0.137958
0.410840
0.597254
0.745531
0.853368
0.891506
0.920766
0.920109
0.872437
0.766572
0.595610
0.426950
0.162945
8.751180
8.455281
8.137026
7.765510
7.448570
7.019847
6.567124
6.115717
5.654775
5.194162
4.801606
4.295623
3.786682
3.265247
2.762553
2.252954
1.856454
1.383021
0.943781
0.521307
0.122835
8.634135
8.397745
8.092970
7.879266
7.701398
7.561340
7.503476
7.472571
7.483749
7.537340
7.638931
7.814497
8.028859
8.245851
8.520050
8.839949
0.311550
0.711667
1.132496
1.488229
1.960675
2.437068
2.933515
3.427661
3.938246
4.340008
4.845005
5.344083
5.832642
6.315940
6.784116
7.170755
7.606711
8.003214
8.404979
8.734412
0.135657
0.364154
0.570952
0.720873
0.832655
0.898739
0.920109
0.922739
0.883615
0.795833
0.634077
0.472978
0.219165
8.813647
8.502295
8.194233
7.840799
7.526819
7.103356
6.652935
6.212048
5.764585
5.295425
4.909115
4.393269
3.881369
3.350399
2.850993
2.335477
1.950155
1.476721
1.030905
0.604816
0.192535
8.708110
8.462514
8.149520
7.917733
7.742496
7.584354
7.505119
7.480790
7.482434
7.531422
7.624136
7.784250
7.992036
8.199493
8.482898
8.775180
0.249412
0.639337
1.046029
1.390583
1.868948
2.351258
2.846061
3.336262
3.844546
4.238417
4.743742
5.245122
5.726777
6.216322
6.685483
7.070150
7.531093
7.926939
8.298126
8.669643
0.080752
0.312208
0.529856
0.694571
0.814573
0.886903
0.920438
0.925698
0.898739
0.820162
0.675173
0.478567
0.282290
-0.002099
8.594025
8.283660
7.933185
7.555093
7.215468
6.762745
6.297529
5.834615
5.371700
4.887087
4.470531
3.969151
3.439826
2.934173
2.433780
1.954429
1.586203
1.121647
0.685694
0.270783
8.773865
8.446075
8.206398
7.979871
7.764524
7.625451
7.521558
7.480790
7.491969
7.517284
7.614273
7.744468
7.938446
8.175493
8.419116
8.713699
0.175438
0.561089
0.953973
1.391898
1.786754
2.251311
2.750060
3.241904
3.745256
4.252554
4.637219
5.149778
5.631432
6.128868
6.598029
7.073438
7.426871
7.839484
8.235002
8.594354
0.023545
0.311879
0.493362
0.669913
0.803395
0.880985
0.916492
0.923397
0.905643
0.833642
0.699174
0.518020
0.279002
0.053793
8.645313
8.341853
8.001899
7.627424
7.226318
6.856446
6.412929
5.956261
5.475593
4.991966
4.472175
4.073372
3.549636
3.048586
2.532083
2.045170
1.574367
1.196936
0.761969
0.345414
8.840936
8.503940
8.211000
8.000913
7.799702
7.645835
7.551477
7.481119
7.473557
7.495914
7.583368
7.726057
7.903924
8.138012
8.437527
8.657478
0.111328
0.481855
0.870793
1.302801
1.768014
2.149720
2.640907
3.135382
3.639720
4.143073
4.652672
5.064626
5.544964
6.034838
6.502685
6.980066
7.428186
7.766496
8.178781
8.538790
8.843566
0.270454
0.499280
0.640652
0.777422
0.863889
0.915177
0.922082
0.916164
0.861259
0.727119
0.548924
0.325359
0.103108
8.685753
8.395115
8.070285
7.687590
7.285826
6.846912
6.494794
6.039770
5.559759
5.087968
4.572122
4.066468
3.650241
3.152807
2.637290
2.135582
1.655245
1.187073
0.833970
0.421032
0.047546
8.577257
8.288591
8.014064
7.850005
7.672795
7.538655
7.485722
7.474872
7.495256
7.550490
7.678713
7.852306
8.102505
8.378018
8.678520
0.048203
0.399004
0.793203
1.225539
1.695684
2.161884
2.543919
3.038065
3.527608
4.045427
4.556012
5.065940
5.453237
5.949028
6.428381
6.888995
7.347307
7.773729
8.099216
8.475336
8.782084
0.201412
0.451279
0.638679
0.757366
0.858300
0.916492
0.928986
0.915506
0.872437
0.764271
0.591994
0.377963
0.102122
8.774523
8.472378
8.157082
7.784579
7.374267
6.936667
6.475725
6.105525
5.632419
5.170820
4.675028
4.182525
3.667337
3.259658
2.751375
2.247037
1.769001
1.294581
0.853368
0.518677
0.120533
8.634792
8.329689
8.047270
7.830607
7.690877
7.561997
7.494599
7.465338
7.497887
7.551805
7.648466
7.820415
8.030174
8.309962
8.596655
0.043601
0.315824
0.710023
1.137099
1.600011
2.070814
2.549179
2.950940
3.439826
3.952384
4.454750
4.970596
5.458497
5.848094
6.314954
6.784444
7.254264
7.691535
8.100204
8.387553
8.726850
0.142890
0.403936
0.597912
0.723174
0.839888
0.904657
0.928657
0.920766
0.871122
0.785970
0.628816
0.428594
0.166562
8.751508
8.532214
8.203110
7.840142
7.457447
7.034971
6.576330
6.122293
5.739928
5.270109
4.772017
4.267678
3.757092
3.241575
2.842774
2.330216
1.847577
1.384336
0.939835
0.523280
0.189247
8.703835
8.389525
8.098559
7.875649
7.694165
7.575806
7.510051
7.478160
7.477502
7.534052
7.667534
7.780962
7.992036
8.259331
8.544379
8.869867
0.321414
0.639337
1.050961
1.502037
1.977772
2.461068
2.956529
3.343824
3.849478
4.347898
4.854868
5.354933
5.844149
6.226514
6.691072
7.174372
7.610985
8.027215
8.386895
8.667341
0.094560
0.370730
0.573254
0.725147
0.815888
0.887560
0.919780
0.927342
0.886245
0.792874
0.671557
0.472649
0.220809
8.809373
8.521365
8.277413
7.924637
7.546545
7.132288
6.673976
6.216322
5.843821
5.370057
4.882813
4.381104
3.866903
3.344482
2.952584
2.439698
1.955744
1.472447
1.026631
0.598898
0.262235
8.766961
8.447062
8.156095
7.915431
7.733947
7.614931
7.531093
7.486379
7.482763
7.523202
7.619205
7.735262
7.946665
8.178452
8.482241
8.783729
0.240207
0.548924
0.954630
1.388939
1.870920
2.346984
2.847705
3.241247
3.746572
4.250253
4.764126
5.264191
5.751106
6.141690
6.610851
7.079356
7.520243
7.928254
8.314236
8.657807
0.027491
0.312866
0.536102
0.700817
0.822135
0.881971
0.918465
0.924712
0.897424
0.813915
0.701804
0.507828
0.271111
8.843566
8.580873
8.275769
7.998940
7.648137
7.221715
6.754197
6.307064
5.835930
5.469018
4.984076
4.482696
3.971781
3.445415
2.936145
2.530439
2.038594
1.567792
1.105866
0.685694
0.268481
8.845209
8.522022
8.230727
7.952583
7.761564
7.611314
7.533065
7.485393
7.483420
7.513339
7.597834
7.739536
7.910500
8.122560
8.427993
8.723562
0.185630
0.564705
0.875067
1.307403
1.781823
2.257886
2.759265
3.245850
3.641364
4.152607
4.654315
5.162271
5.647213
6.134457
6.518466
6.985326
7.433775
7.849347
8.254727
8.596326
0.063327
0.261906
0.502239
0.674844
0.802079
0.887232
0.916164
0.927013
0.909588
0.833642
0.700817
0.556157
0.327989
0.043601
8.632491
8.322784
7.987762
7.682329
7.297991
6.852830
6.409641
5.947055
5.470990
5.072516
4.559300
4.057591
3.542732
3.045955
2.537672
2.147418
1.674972
1.202525
0.762627
0.342455
8.849813
8.558846
8.272153
8.005187
7.797729
7.655041
7.544901
7.494270
7.471256
7.495914
7.563642
7.704686
7.904253
8.071271
8.372101
8.658793
0.118232
0.483499
0.880985
1.220607
1.694698
2.165501
2.656359
3.139656
3.652214
4.057591
4.550423
5.065940
5.554828
6.051277
6.513206
6.883077
7.350924
7.766825
8.187986
8.539119
8.842908
0.207658
0.457526
0.640323
0.781696
0.867834
0.919451
0.923397
0.914849
0.852382
0.729092
0.551883
0.379935
0.102780
8.689369
8.406951
8.055819
7.674439
7.374925
6.921544
6.489862
6.042400
5.572910
5.097503
4.689495
4.175292
3.660762
3.144916
2.645510
2.151035
1.769329
1.289321
0.852710
0.436484
0.044916
8.565421
8.330675
8.038393
7.837840
7.674767
7.574820
7.505448
7.478817
7.476187
7.554107
7.675754
7.870389
8.100861
8.339223
8.582189
0.047546
0.392757
0.787942
1.219950
1.599354
2.074431
2.547206
3.034448
3.526951
4.039837
4.442256
4.963363
5.457510
5.956261
6.419176
6.896228
7.262812
7.690220
8.099874
8.454294
8.779783
0.197795
0.402292
0.600870
0.754407
0.853368
0.907287
0.928657
0.920766
0.870135
0.759997
0.596268
0.381908
0.158671
8.750193
8.451007
8.139985
7.773400
7.375253
7.041218
6.588495
6.124922
5.658391
5.182327
4.688179
4.286747
3.781750
3.266562
2.752690
2.244078
1.771960
1.384665
0.950685
0.527883
0.127438
8.647286
8.341524
8.104806
7.864142
7.687919
7.573176
7.509394
7.482763
7.503804
7.544572
7.661945
7.816141
8.032475
8.301743
8.558517
8.851785
0.316811
0.708379
1.132496
1.598039
1.968566
2.450876
2.952584
3.443114
3.954356
4.447846
4.861443
5.352303
5.842505
6.314625
6.787404
7.268730
7.629725
8.022941
8.396430
8.715343
0.153739
0.420045
0.576541
0.731393
0.835614
0.895122
0.920766
0.918465
0.884930
0.788600
0.629474
0.423004
0.154068
8.804770
8.512816
8.218234
7.850662
7.487037
7.048779
6.677921
6.213363
5.742229
5.265178
4.772674
4.269650
3.865916
3.350399
2.844418
2.336792
1.861386
1.380062
1.033207
0.605145
0.195822
8.710411
8.399718
8.099545
7.921021
7.729015
7.594218
7.513010
7.479804
7.488352
7.524517
7.616574
7.778003
7.986118
8.253084
8.537475
8.789317
0.242837
0.632104
1.039782
1.486913
1.960675
2.348956
2.854281
3.343167
3.856053
4.353487
4.864402
5.254657
5.731380
6.215335
6.687785
7.159905
7.609670
7.932857
8.329360
8.659780
0.084040
0.357579
0.564705
0.696543
0.817861
0.891834
0.921753
0.921424
0.894136
0.817861
0.670570
0.474293
0.220152
8.819565
8.582189
8.276755
7.928254
7.557395
7.142809
6.684826
6.320215
5.851711
5.374660
4.887416
4.365981
3.866903
3.443771
2.940090
2.431807
1.949826
1.477379
1.028604
0.688982
0.277358
8.776495
8.453308
8.155108
7.908527
7.756961
7.621177
7.528462
7.486379
7.480790
7.532408
7.587313
7.744797
7.937788
8.193247
8.479281
8.771235
0.172151
0.556486
0.957260
1.400117
1.869605
2.346984
2.754662
3.245192
3.752161
4.250581
4.765770
5.261232
5.646884
6.130840
6.595399
7.070150
7.513997
7.926281
8.268865
8.601915
0.035052
0.318126
0.533801
0.694571
0.789586
0.876711
0.917808
0.929315
0.900711
0.840546
0.698187
0.514732
0.276372
8.874471
8.576599
8.330346
7.997954
7.632684
7.218756
6.765704
6.311009
5.946727
5.462771
4.983089
4.471846
3.968822
3.443771
3.046942
2.537014
2.054047
1.577655
1.119674
0.683721
0.345085
8.842908
8.506241
8.210671
7.948309
7.743153
7.632356
7.527147
7.491311
7.481448
7.516955
7.620848
7.714221
7.889787
8.123218
8.421746
8.712384
0.178069
0.477581
0.870793
1.308390
1.784124
2.264462
2.758279
3.138998
3.625912
4.136826
4.646096
5.156682
5.640638
6.046674
6.516164
6.990586
7.447584
7.862827
8.251769
8.530242
8.839621
0.259276
0.495334
0.668926
0.783668
0.871122
0.920766
0.925698
0.905314
0.843176
0.732051
0.550897
0.321085
0.050834
8.644656
8.403664
8.081463
7.702056
7.289443
6.838692
6.401093
5.953960
5.568636
5.096845
4.587574
4.073044
3.541746
3.035435
2.635975
2.129336
1.656560
1.188716
0.757366
0.347387
0.041957
8.561805
8.274125
8.007817
7.802661
7.638931
7.556737
7.494599
7.474215
7.497229
7.573176
7.715536
7.865786
8.090669
8.377361
8.662081
0.115602
0.483499
0.794518
1.226197
1.697986
2.166158
2.661948
3.139327
3.526293
4.036879
4.533327
5.049831
5.540362
6.037797
6.417861
6.889652
7.347636
7.777346
8.187328
8.528927
8.786030
0.206014
0.454895
0.639994
0.780709
0.873094
0.909259
0.924054
0.909259
0.853039
0.729749
0.593309
0.375990
0.107054
8.701534
8.412540
8.081463
7.782935
7.383801
6.947188
6.490849
6.033523
5.551211
5.165888
4.660891
4.154908
3.633802
3.131108
2.632688
2.242434
1.764727
1.292937
0.855998
0.440758
0.051491
8.643012
8.331990
8.054503
7.853950
7.671151
7.559368
7.500188
7.483420
7.502818
7.560025
7.679370
7.862498
8.053517
8.333634
8.600271
0.042943
0.386839
0.785641
1.131839
1.589819
2.064568
2.546549
3.043983
3.534184
3.949425
4.456394
4.970596
5.453565
5.943110
6.411285
6.784116
7.257552
7.695480
8.100204
8.463172
8.809702
0.148479
0.412155
0.603501
0.746846
0.848108
0.899725
0.920438
0.919123
0.871451
0.763942
0.595939
0.424977
0.156698
8.740330
8.450021
8.165958
7.850005
7.464023
7.049766
6.578303
6.129854
5.650501
5.185286
4.775962
4.266691
3.755448
3.234343
2.735594
2.231584
1.851194
1.371843
0.935890
0.524595
0.121191
8.712055
8.398731
8.108094
7.884526
7.700412
7.569231
7.521229
7.484406
7.473886
7.536353
7.647808
7.822059
7.987762
8.258673
8.550955
8.870854
0.320756
0.713640
1.045043
1.488557
1.964621
2.446273
2.951926
3.448374
3.864930
4.363679
4.873608
5.359536
5.844478
6.322516
6.702251
7.177660
7.611971
8.025571
8.396430
8.727837
0.147493
0.370730
0.573582
0.731722
0.836272
0.904657
0.921753
0.923068
0.891177
0.795175
0.643282
0.484156
0.220480
8.801811
8.522022
8.207713
7.850005
7.544572
7.125055
6.665757
6.201856
5.736640
5.271096
4.884786
4.380118
3.873149
3.350399
2.849349
2.331860
1.946209
1.472119
1.019727
0.594953
0.183000
8.703506
8.454952
8.167603
7.934829
7.732303
7.603095
7.515969
7.485064
7.484406
7.529778
7.628739
7.791483
8.004529
8.210671
8.489473
8.794578
0.255001
0.641967
1.057536
1.401104
1.875523
2.353230
2.848691
3.343824
3.864273
4.253869
4.762154
5.260246
5.736969
6.229802
6.702579
7.090534
7.532079
7.943048
8.329031
8.670300
0.091273
0.309578
0.525253
0.688982
0.821148
0.894465
0.925369
0.922082
0.891506
0.809312
0.664324
0.468375
0.269139
8.852114
8.565750
8.255385
7.903595
7.535367
7.210208
6.761430
6.309365
5.844149
5.365783
4.877224
4.461654
3.957973
3.446730
2.935159
2.428191
1.944894
1.569435
1.107181
0.679776
0.266509
8.776166
8.447720
8.211658
7.959158
7.759921
7.616246
7.517942
7.479146
7.479804
7.508407
7.586327
7.742824
7.943706
8.192918
8.429308
8.727837
0.188261
0.567007
0.957260
1.391240
1.779850
2.252297
2.754991
3.241575
3.750188
4.256171
4.657275
5.164902
5.642282
6.144649
6.620057
7.090205
7.460735
7.861841
8.262947
8.609806
0.048203
0.330290
0.502896
0.677475
0.804710
0.880327
0.918465
0.921424
0.903013
0.837587
0.700817
0.506513
0.268810
0.038011
8.623614
8.315551
7.978227
7.606711
7.191468
6.831460
6.395833
5.937192
5.461785
4.976514
4.468230
4.059235
3.538458
3.032476
2.527151
2.043526
1.575682
1.199566
0.759339
0.341798
8.854415
8.507228
8.213631
8.007159
7.807264
7.662603
7.548189
7.483091
7.504462
7.505448
7.582053
7.718495
7.909842
8.142286
8.432595
8.654848
0.134999
0.495663
0.884273
1.309047
1.782480
2.162213
2.658661
3.145903
3.650570
4.151620
4.652014
5.076133
5.558444
6.050948
6.524384
6.997491
7.441337
7.773400
8.198507
8.527941
8.865922
0.264536
0.502239
0.643282
0.781367
0.864218
0.912218
0.927013
0.920438
0.855012
0.730736
0.555171
0.325359
0.101465
8.692328
8.395444
8.065681
7.690220
7.299964
6.854474
6.490191
6.027605
5.546279
5.065283
4.557327
4.052989
3.643666
3.135382
2.634989
2.145775
1.685492
1.208443
0.855012
0.433854
0.044258
8.556544
8.279058
7.999598
7.859868
7.669178
7.561997
7.498215
7.486379
7.528462
7.555422
7.684631
7.885513
8.087709
8.378018
8.651889
0.055108
0.406566
0.800764
1.227512
1.700287
2.175364
2.557399
3.049572
3.542403
4.052660
4.559300
5.077119
5.468689
5.963823
6.422135
6.891296
7.345335
7.771099
8.106779
8.463500
8.792276
0.212261
0.460485
0.642953
0.751777
0.847450
0.902355
0.921095
0.914191
0.870464
0.760654
0.591994
0.372702
0.095547
8.739015
8.450021
8.125848
7.768797
7.372952
6.924831
6.482300
6.122293
5.634720
5.160956
4.662206
4.158525
3.653529
3.247822
2.759923
2.248352
1.773603
1.295896
0.863560
0.521636
0.119218
8.650903
8.346785
8.061079
7.832580
7.695809
7.569231
7.497558
7.489009
7.506106
7.565614
7.658329
7.836525
8.048585
8.326730
8.606847
0.054121
0.320756
0.714626
1.135126
1.604614
2.071472
2.559700
2.955543
3.451333
3.955014
4.457709
4.978487
5.461127
5.851382
6.329420
6.797596
7.270703
7.688247
8.114669
8.393800
8.730795
0.149465
0.414456
0.603829
0.725147
0.832655
0.905314
0.925369
0.917150
0.868820
0.783339
0.625857
0.421032
0.153739
8.751837
8.517420
8.229412
7.827320
7.432460
7.003737
6.558905
6.114730
5.734010
5.278000
4.794044
4.282801
3.772873
3.254726
2.854938
2.338436
1.860071
1.384994
0.937205
0.514403
0.183329
8.701534
8.391828
8.094614
7.874992
7.710604
7.595861
7.513010
7.486379
7.489338
7.538983
7.650767
7.783264
7.986775
8.253084
8.542735
8.865594
0.327332
0.650515
1.048659
1.492831
1.965936
2.455479
2.957515
3.358619
3.862300
4.361378
4.871964
5.367755
5.848752
6.231445
6.694360
7.170755
7.608684
7.990721
8.393143
8.665040
0.095875
0.377305
0.577528
0.728434
0.817861
0.889862
0.921095
0.923397
0.885588
0.792545
0.668926
0.471005
0.216206
8.809373
8.515447
8.262290
7.900308
7.520243
7.104671
6.652606
6.211390
5.757353
5.371043
4.892677
4.388667
3.871177
3.343824
2.840472
2.434437
1.940949
1.466858
1.020385
0.596925
0.260919
8.757426
8.461857
8.147218
7.916089
7.735920
7.647151
7.534052
7.505119
7.491969
7.531422
7.629725
7.755646
7.940747
8.196863
8.486186
8.788989
0.258289
0.569637
0.976329
1.416556
1.888016
2.363422
2.854938
3.344810
3.751503
4.245979
4.752948
5.253999
5.740585
6.230130
6.609536
7.090205
7.525832
7.938774
8.324100
8.683452
0.032422
0.322071
0.535773
0.705091
0.826737
0.889862
0.923725
0.932274
0.899725
0.817532
0.661693
0.508485
0.270454
8.858360
8.584819
8.278728
8.021626
7.629725
7.214811
6.753540
6.311009
5.848094
5.470004
4.991309
4.481052
3.976713
3.453306
2.951926
2.539973
2.040896
1.567463
1.107509
0.677475
0.266509
8.840278
8.504926
8.206726
7.942391
7.744139
7.598492
7.530435
7.502161
7.481776
7.534380
7.615917
7.753674
7.911157
8.153464
8.438842
8.721589
0.187274
0.566678
0.880656
1.313321
1.793659
2.265119
2.759265
3.246178
3.642350
4.149977
4.655960
5.174107
5.659049
6.153526
6.532603
6.998806
7.445611
7.855594
8.254727
8.595669
0.032422
0.258618
0.491389
0.669913
0.800436
0.884601
0.918465
0.925041
0.907287
0.842519
0.700817
0.553856
0.328647
0.052806
8.622956
8.324429
8.003543
7.691535
7.289443
6.840665
6.397805
5.947055
5.462771
5.074160
4.565218
4.061537
3.541417
3.038394
2.528795
2.143144
1.666752
1.193977
0.757695
0.340482
8.837318
8.566407
8.270509
8.011105
7.805949
7.643863
7.543586
7.500188
7.484078
7.508079
7.577779
7.722440
7.909184
8.114998
8.376703
8.666355
0.120862
0.492047
0.877040
1.307075
1.693383
2.164515
2.655044
3.150505
3.651885
4.161813
4.559629
5.069557
5.554828
6.051277
6.519781
6.891954
7.353225
7.774386
8.180753
8.529256
8.836332
0.213905
0.456210
0.638351
0.777422
0.861587
0.902684
0.913862
0.904328
0.855669
0.731065
0.550897
0.374017
0.088971
8.670959
8.379992
8.051873
7.682329
7.368349
6.919900
6.466519
6.014125
5.539375
5.066598
4.658918
4.161155
3.656159
3.156423
2.652743
2.166487
1.784782
1.315294
0.878684
0.473635
0.094889
8.628217
8.400704
8.143601
7.933514
7.790168
7.695152
7.646493
7.639260
7.682987
7.756961
7.896691
8.087380
8.343826
8.554571
8.850799
0.299386
0.669584
1.054577
1.474091
1.833111
2.270051
2.735594
3.183054
3.627884
4.088825
4.530039
4.895636
5.301014
5.672858
6.053578
6.382353
6.701922
6.934695
7.181933
7.362431
7.504133
7.598163
7.652411
7.683973
7.677727
7.638602
7.577121
7.435419
7.291087
7.149056
6.947845
6.733156
6.535233
6.314954
6.096319
5.912534
5.672200
5.460141
5.245451
5.057721
4.861443
4.686535
4.522149
4.384064
4.256828
4.146689
4.057920
3.995124
3.932329
3.881369
3.844875
3.820217
3.799504
3.794901
3.787997
3.793257
3.803449
3.821532
3.840601
3.866574
3.888273
3.914575
3.939562
3.963233
3.988549
4.015180
4.033262
4.057920
4.080277
4.104606
4.122031
4.148991
4.160826
4.179895
4.196662
4.208827
4.215403
4.224937
