0.00161749
0.00143738
0.00100741
0.00047059
-0.00009183
-0.00057808
-0.00089051
-0.00096076
-0.00076940
-0.00035490
0.00019094
0.00074079
0.00115945
0.00133530
0.00120834
0.00078776
0.00015418
-0.00055502
-0.00117499
-0.00155125
-0.00157793
-0.00122691
-0.00056064
0.00027607
0.00108483
0.00165795
0.00182913
0.00151890
0.00076370
-0.00028025
-0.00136174
-0.00218579
-0.00248268
-0.00208138
-0.00097195
0.00065799
0.00242341
0.00378272
0.00411569
0.00282681
-0.00054315
-0.00621769
-0.01411648
-0.02383312
-0.03466551
-0.04569620
-0.05591107
-0.06433704
-0.07017609
-0.07291293
-0.07237808
-0.06875632
-0.06253968
-0.05443449
-0.04523957
-0.03571749
-0.02648147
-0.01791660
-0.01014740
-0.00305448
0.00366579
0.01041247
0.01758047
0.02546948
0.03421767
0.04377088
0.05389016
0.06419306
0.07421791
0.08349676
0.09162202
0.09829488
0.10334814
0.10674229
0.10853958
0.10886472
0.10786312
0.10566688
0.10237551
0.09805426
0.09274790
0.08650398
0.07939728
0.07154702
0.06312071
0.05432203
0.04536471
0.03643814
0.02767314
0.01911690
0.01072433
0.00236944
-0.00612377
-0.01493662
-0.02420597
-0.03398002
-0.04418952
-0.05464127
-0.06503654
-0.07501132
-0.08419118
-0.09224980
-0.09895958
-0.10422394
-0.10808482
-0.11070377
-0.11232049
-0.11319742
-0.11356161
-0.11355574
-0.11320830
-0.11242861
-0.11102749
-0.10875909
-0.10537488
-0.10067890
-0.09457283
-0.08708221
-0.07835873
-0.06865894
-0.05830407
-0.04762965
-0.03693519
-0.02644379
-0.01627926
-0.00646411
0.00306226
0.01241033
0.02169995
0.03102143
0.04040625
0.04981294
0.05912997
0.06819372
0.07681656
0.08481791
0.09205111
0.09842027
0.10388375
0.10844457
0.11213082
0.11497158
0.11697488
0.11811350
0.11832248
0.11750947
0.11557573
0.11244318
0.10808117
0.10252656
0.09589199
0.08835968
0.08016103
0.07154579
0.06274629
0.05394398
0.04524490
0.03666904
0.02815610
0.01958660
0.01081459
0.00170567
-0.00782667
-0.01779336
-0.02811583
-0.03862823
-0.04909544
-0.05924332
-0.06879564
-0.07751100
-0.08521325
-0.09181030
-0.09729848
-0.10175206
-0.10530057
-0.10809807
-0.11029018
-0.11198450
-0.11322924
-0.11400353
-0.11422025
-0.11374064
-0.11239770
-0.11002432
-0.10648149
-0.10168219
-0.09560760
-0.08831346
-0.07992620
-0.07062987
-0.06064628
-0.05021150
-0.03955226
-0.02886550
-0.01830364
-0.00796735
0.00209398
0.01187455
0.02139895
0.03070594
0.03983166
0.04879499
0.05758698
0.06616573
0.07445699
0.08235991
0.08975648
0.09652281
0.10254015
0.10770385
0.11192902
0.11515250
0.11733152
0.11844024
0.11846563
0.11740442
0.11526218
0.11205523
0.10781484
0.10259263
0.09646541
0.08953730
0.08193760
0.07381355
0.06531812
0.05659450
0.04775980
0.03889110
0.03001721
0.02111846
0.01213575
0.00298814
-0.00640337
-0.01608981
-0.02607089
-0.03627884
-0.04657332
-0.05674928
-0.06655718
-0.07573297
-0.08403267
-0.09126560
-0.09732014
-0.10217691
-0.10590651
-0.10865164
-0.11059648
-0.11192852
-0.11279984
-0.11329482
-0.11341055
-0.11305380
-0.11205541
-0.11019979
-0.10726440
-0.10306210
-0.09747885
-0.09049983
-0.08221938
-0.07283304
-0.06261324
-0.05187304
-0.04092461
-0.03003974
-0.01941916
-0.00917576
0.00066618
0.01015629
0.01939161
0.02848369
0.03752579
0.04656616
0.05559184
0.06452532
0.07323375
0.08154772
0.08928551
0.09627750
0.10238597
0.10751695
0.11162253
0.11469426
0.11675008
0.11781857
0.11792455
0.11707946
0.11527889
0.11250747
0.10874983
0.10400484
0.09829919
0.09169701
0.08430245
0.07625411
0.06771174
0.05883761
0.04977596
0.04063488
0.03147437
0.02230343
0.01308732
0.00376391
-0.00573338
-0.01545042
-0.02538965
-0.03549439
-0.04564327
-0.05565658
-0.06531372
-0.07437903
-0.08263176
-0.08989487
-0.09605761
-0.10108768
-0.10503067
-0.10799668
-0.11013612
-0.11160890
-0.11255230
-0.11305305
-0.11312864
-0.11272122
-0.11170539
-0.10990864
-0.10714118
-0.10323012
-0.09805235
-0.09156037
-0.08379687
-0.07489557
-0.06506812
-0.05457930
-0.04371488
-0.03274720
-0.02190437
-0.01134800
-0.00116271
0.00864124
0.01811314
0.02733807
0.03640856
0.04539686
0.05433261
0.06318951
0.07188277
0.08027719
0.08820372
0.09548098
0.10193743
0.10743029
0.11185803
0.11516481
0.11733710
0.11839406
0.11837481
0.11732561
0.11529029
0.11230564
0.10840282
0.10361341
0.09797839
0.09155683
0.08443149
0.07670898
0.06851365
0.05997568
0.05121567
0.04232886
0.03337272
0.02436125
0.01526800
0.00603821
-0.00339163
-0.01306992
-0.02300667
-0.03315524
-0.04340338
-0.05357613
-0.06345070
-0.07278149
-0.08133099
-0.08890120
-0.09535967
-0.10065526
-0.10482036
-0.10795887
-0.11022188
-0.11177529
-0.11276536
-0.11328840
-0.11337043
-0.11296041
-0.11193854
-0.11013811
-0.10737681
-0.10349193
-0.09837300
-0.09198597
-0.08438487
-0.07570895
-0.06616623
-0.05600669
-0.04549017
-0.03485469
-0.02429071
-0.01392549
-0.00381945
0.00602557
0.01564866
0.02510673
0.03445072
0.04370537
0.05285623
0.06184536
0.07057573
0.07892250
0.08674810
0.09391779
0.10031254
0.10583699
0.11042174
0.11402054
0.11660399
0.11815247
0.11865034
0.11808369
0.11644230
0.11372539
0.10994990
0.10515866
0.09942621
0.09285994
0.08559525
0.07778489
0.06958372
0.06113140
0.05253619
0.04386314
0.03512925
0.02630705
0.01733661
0.00814430
-0.00133461
-0.01113345
-0.02123559
-0.03156335
-0.04197673
-0.05228238
-0.06225199
-0.07164711
-0.08024672
-0.08787295
-0.09441092
-0.09981919
-0.10412930
-0.10743415
-0.10986719
-0.11157571
-0.11269249
-0.11331051
-0.11346484
-0.11312461
-0.11219664
-0.11054005
-0.10798967
-0.10438465
-0.09959748
-0.09355917
-0.08627618
-0.07783672
-0.06840520
-0.05820586
-0.04749802
-0.03654703
-0.02559533
-0.01483809
-0.00440720
0.00563439
0.01528725
0.02460059
0.03365052
0.04251544
0.05125280
0.05988091
0.06836865
0.07663422
0.08455266
0.09197017
0.09872237
0.10465294
0.10962960
0.11355481
0.11637006
0.11805395
0.11861541
0.11808423
0.11650164
0.11391302
0.11036430
0.10590243
0.10057906
0.09445575
0.08760850
0.08012959
0.07212514
0.06370823
0.05498840
0.04605955
0.03698907
0.02781098
0.01852551
0.00910608
-0.00048669
-0.01028595
-0.02029815
-0.03048495
-0.04075181
-0.05094613
-0.06086641
-0.07028167
-0.07895850
-0.08669117
-0.09332942
-0.09879882
-0.10310944
-0.10635071
-0.10867279
-0.11025734
-0.11128245
-0.11188800
-0.11214763
-0.11205238
-0.11150923
-0.11035511
-0.10838391
-0.10538211
-0.10116683
-0.09561970
-0.08871098
-0.08050983
-0.07117933
-0.06095752
-0.05012794
-0.03898499
-0.02780002
-0.01679357
-0.00611786
0.00414839
0.01399320
0.02345471
0.03259875
0.04149484
0.05019511
0.05871920
0.06704695
0.07511907
0.08284418
0.09010994
0.09679538
0.10278185
0.10796094
0.11223859
0.11553599
0.11778847
0.11894410
0.11896357
0.11782241
0.11551547
0.11206284
0.10751570
0.10195976
0.09551484
0.08832905
0.08056772
0.07239796
0.06397123
0.05540676
0.04677896
0.03811154
0.02938002
0.02052279
0.01145946
0.00211362
-0.00756355
-0.01757305
-0.02785474
-0.03828361
-0.04867665
-0.05880948
-0.06844042
-0.07733814
-0.08530846
-0.09221611
-0.09799766
-0.10266381
-0.10629045
-0.10900010
-0.11093670
-0.11223794
-0.11300952
-0.11330553
-0.11311802
-0.11237745
-0.11096375
-0.10872629
-0.10550954
-0.10118024
-0.09565207
-0.08890381
-0.08098847
-0.07203202
-0.06222204
-0.05178835
-0.04097839
-0.03003142
-0.01915510
-0.00850792
0.00181020
0.01175824
0.02134578
0.03061774
0.03963503
0.04845426
0.05710968
0.06559998
0.07388170
0.08186967
0.08944392
0.09646138
0.10277017
0.10822418
0.11269559
0.11608395
0.11832113
0.11937214
0.11923286
0.11792585
0.11549555
0.11200415
0.10752851
0.10215818
0.09599397
0.08914609
0.08173090
0.07386577
0.06566194
0.05721594
0.04860133
0.03986205
0.03100975
0.02202613
0.01287123
0.00349700
-0.00613544
-0.01603756
-0.02617743
-0.03646927
-0.04677118
-0.05689224
-0.06660889
-0.07568847
-0.08391630
-0.09112213
-0.09720097
-0.10212470
-0.10594175
-0.10876453
-0.11074619
-0.11205055
-0.11282012
-0.11314791
-0.11305798
-0.11249837
-0.11134802
-0.10943663
-0.10657427
-0.10258574
-0.09734381
-0.09079566
-0.08297807
-0.07401870
-0.06412354
-0.05355272
-0.04258894
-0.03150399
-0.02052878
-0.00983178
0.00049116
0.01041456
0.01996993
0.02922421
0.03825448
0.04712349
0.05586016
0.06444799
0.07282261
0.08087797
0.08847903
0.09547810
0.10173135
0.10711255
0.11152216
0.11489086
0.11717814
0.11836738
0.11845961
0.11746803
0.11541475
0.11233065
0.10825784
0.10325364
0.09739416
0.09077569
0.08351240
0.07572982
0.06755442
0.05910105
0.05046044
0.04168954
0.03280711
0.02379610
0.01461340
0.00520571
-0.00447065
-0.01442955
-0.02463811
-0.03500637
-0.04538623
-0.05558035
-0.06536037
-0.07449171
-0.08276131
-0.09000354
-0.09611992
-0.10108911
-0.10496512
-0.10786370
-0.10993896
-0.11135389
-0.11224952
-0.11271805
-0.11278444
-0.11239959
-0.11144665
-0.10975931
-0.10714943
-0.10343942
-0.09849406
-0.09224677
-0.08471588
-0.07600845
-0.06631104
-0.05586917
-0.04495873
-0.03385416
-0.02279842
-0.01197936
-0.00151598
0.00854382
0.01821422
0.02755336
0.03663962
0.04554660
0.05432087
0.06296622
0.07143624
0.07963599
0.08743171
0.09466608
0.10117618
0.10681082
0.11144452
0.11498642
0.11738338
0.11861797
0.11870280
0.11767303
0.11557918
0.11248165
0.10844762
0.10355032
0.09786966
0.09149284
0.08451365
0.07702947
0.06913566
0.06091808
0.05244515
0.04376137
0.03488436
0.02580684
0.01650430
0.00694763
-0.00288093
-0.01297139
-0.02327238
-0.03368327
-0.04405436
-0.05419602
-0.06389594
-0.07294206
-0.08114758
-0.08837354
-0.09454493
-0.09965701
-0.10377039
-0.10699517
-0.10946677
-0.11131743
-0.11264844
-0.11350803
-0.11387915
-0.11367937
-0.11277319
-0.11099483
-0.10817746
-0.10418387
-0.09893331
-0.09241980
-0.08471883
-0.07598156
-0.06641754
-0.05626934
-0.04578343
-0.03518233
-0.02464268
-0.01428240
-0.00415856
0.00572442
0.01539858
0.02491157
0.03430529
0.04359787
0.05277175
0.06176951
0.07049737
0.07883487
0.08664824
0.09380463
0.10018435
0.10568933
0.11024661
0.11380738
0.11634258
0.11783706
0.11828424
0.11768291
0.11603712
0.11335914
0.10967452
0.10502772
0.09948629
0.09314203
0.08610788
0.07851044
0.07047890
0.06213213
0.05356621
0.04484493
0.03599546
0.02701030
0.01785600
0.00848738
-0.00113472
-0.01102516
-0.02115887
-0.03146079
-0.04180350
-0.05201348
-0.06188533
-0.07120231
-0.07975987
-0.08738865
-0.09397327
-0.09946358
-0.10387655
-0.10728800
-0.10981554
-0.11159505
-0.11275447
-0.11338916
-0.11354283
-0.11319734
-0.11227324
-0.11064127
-0.10814316
-0.10461859
-0.09993408
-0.09400916
-0.08683560
-0.07848649
-0.06911350
-0.05893290
-0.04820219
-0.03719125
-0.02615253
-0.01529490
-0.00476524
0.00535954
0.01506924
0.02440678
0.03344705
0.04227205
0.05094677
0.05949961
0.06791066
0.07610909
0.08397953
0.09137563
0.09813780
0.10411167
0.10916392
0.11319309
0.11613402
0.11795625
0.11865778
0.11825653
0.11678204
0.11426969
0.11075859
0.10629352
0.10092945
0.09473712
0.08780689
0.08024897
0.07218874
0.06375689
0.05507604
0.04624614
0.03733192
0.02835572
0.01929793
0.01010637
0.00071348
-0.00894080
-0.01888484
-0.02909422
-0.03947833
-0.04987798
-0.06007548
-0.06981628
-0.07883904
-0.08690922
-0.09385022
-0.09956644
-0.10405373
-0.10739496
-0.10974111
-0.11128084
-0.11220382
-0.11266423
-0.11275092
-0.11246974
-0.11174113
-0.11041352
-0.10829028
-0.10516537
-0.10086145
-0.09526386
-0.08834463
-0.08017259
-0.07090823
-0.06078450
-0.05007736
-0.03907144
-0.02802665
-0.01715119
-0.00658520
0.00360335
0.01341057
0.02287914
0.03207504
0.04106332
0.04988710
0.05855331
0.06702663
0.07523179
0.08306270
0.09039546
0.09710250
0.10306468
0.10817967
0.11236540
0.11555946
0.11771545
0.11879869
0.11878295
0.11765009
0.11539289
0.11202086
0.10756741
0.10209633
0.09570539
0.08852503
0.08071142
0.07243386
0.06385825
0.05512901
0.04635284
0.03758728
0.02883685
0.02005814
0.01117363
0.00209256
-0.00726423
-0.01693976
-0.02692073
-0.03712565
-0.04740368
-0.05754517
-0.06730253
-0.07641857
-0.08465793
-0.09183647
-0.09784360
-0.10265383
-0.10632512
-0.10898403
-0.11079994
-0.11195224
-0.11259610
-0.11283237
-0.11268702
-0.11210370
-0.11095102
-0.10904374
-0.10617437
-0.10215029
-0.09683010
-0.09015309
-0.08215682
-0.07297980
-0.06284857
-0.05205138
-0.04090267
-0.02970441
-0.01871046
-0.00809995
0.00203634
0.01169464
0.02094256
0.02989256
0.03866936
0.04737709
0.05607210
0.06474556
0.07331860
0.08164993
0.08955392
0.09682520
0.10326501
0.10870452
0.11302124
0.11614651
0.11806362
0.11879843
0.11840533
0.11695233
0.11450852
0.11113667
0.10689160
0.10182404
0.09598771
0.08944692
0.08228169
0.07458825
0.06647379
0.05804625
0.04940114
0.04060861
0.03170415
0.02268597
0.01352058
0.00415664
-0.00545510
-0.01533928
-0.02547542
-0.03578383
-0.04612165
-0.05629055
-0.06605578
-0.07517355
-0.08342223
-0.09063163
-0.09670493
-0.10162878
-0.10546945
-0.10835538
-0.11044888
-0.11191231
-0.11287463
-0.11340462
-0.11349561
-0.11306475
-0.11196679
-0.11001996
-0.10703938
-0.10287170
-0.09742519
-0.09068979
-0.08274407
-0.07374817
-0.06392435
-0.05352913
-0.04282188
-0.03203550
-0.02135376
-0.01089867
-0.00072912
0.00915017
0.01877182
0.02818488
0.03743388
0.04654156
0.05549767
0.06425514
0.07273303
0.08082489
0.08841000
0.09536503
0.10157399
0.10693499
0.11136362
0.11479316
0.11717309
0.11846710
0.11865210
0.11771885
0.11567441
0.11254576
0.10838339
0.10326347
0.09728724
0.09057683
0.08326735
0.07549607
0.06738996
0.05905374
0.05056039
0.04194612
0.03321089
0.02432503
0.01524117
0.00591004
-0.00370229
-0.01359821
-0.02373625
-0.03402467
-0.04432239
-0.05444751
-0.06419261
-0.07334478
-0.08170779
-0.08912290
-0.09548544
-0.10075423
-0.10495221
-0.10815791
-0.11048856
-0.11207735
-0.11304813
-0.11349152
-0.11344643
-0.11289012
-0.11173907
-0.10986074
-0.10709494
-0.10328165
-0.09829090
-0.09204988
-0.08456254
-0.07591835
-0.06628820
-0.05590790
-0.04505170
-0.03400009
-0.02300711
-0.01227254
-0.00192372
0.00799030
0.01749137
0.02665346
0.03557584
0.04435357
0.05305037
0.06167887
0.07019127
0.07848171
0.08639910
0.09376739
0.10040894
0.10616620
0.11091779
0.11458636
0.11713759
0.11857179
0.11891105
0.11818574
0.11642414
0.11364803
0.10987503
0.10512712
0.09944256
0.09288748
0.08556326
0.07760648
0.06918006
0.06045611
0.05159353
0.04271476
0.03388690
0.02511214
0.01633072
0.00743717
-0.00169208
-0.01116439
-0.02103631
-0.03128573
-0.04179686
-0.05236212
-0.06270157
-0.07249750
-0.08143815
-0.08926300
-0.09580092
-0.10099397
-0.10490186
-0.10768568
-0.10957375
-0.11081531
-0.11163088
-0.11216821
-0.11247223
-0.11247466
-0.11200514
-0.11082193
-0.10865644
-0.10526337
-0.10046720
-0.09419688
-0.08650245
-0.07755128
-0.06760515
-0.05698287
-0.04601576
-0.03500411
-0.02418228
-0.01369797
-0.00360835
0.00610774
0.01552509
0.02474060
0.03384161
0.04287997
0.05185622
0.06071578
0.06935648
0.07764454
0.08543457
0.09258898
0.09899252
0.10455974
0.10923435
0.11298226
0.11578083
0.11760816
0.11843565
0.11822629
0.11693958
0.11454197
0.11102060
0.10639666
0.10073496
0.09414670
0.08678392
0.07882579
0.07045878
0.06185410
0.05314648
0.04441855
0.03569390
0.02694061
0.01808489
0.00903281
-0.00030344
-0.00997942
-0.01999684
-0.03029042
-0.04072554
-0.05110730
-0.06119968
-0.07075175
-0.07952686
-0.08733025
-0.09403052
-0.09957197
-0.10397568
-0.10732935
-0.10976754
-0.11144536
-0.11250981
-0.11307304
-0.11319187
-0.11285660
-0.11199099
-0.11046344
-0.10810797
-0.10475161
-0.10024445
-0.09448751
-0.08745427
-0.07920239
-0.06987368
-0.05968205
-0.04889127
-0.03778559
-0.02663789
-0.01568001
-0.00508007
0.00506996
0.01475452
0.02402274
0.03296681
0.04169434
0.05029933
0.05883668
0.06730444
0.07563654
0.08370697
0.09134404
0.09835207
0.10453624
0.10972616
0.11379421
0.11666579
0.11832048
0.11878483
0.11811911
0.11640146
0.11371303
0.11012710
0.10570432
0.10049411
0.09454105
0.08789388
0.08061379
0.07277930
0.06448566
0.05583823
0.04694109
0.03788333
0.02872654
0.01949704
0.01018556
0.00075565
-0.00883997
-0.01863775
-0.02864047
-0.03879819
-0.04899746
-0.05906201
-0.06876601
-0.07785841
-0.08609469
-0.09327030
-0.09924962
-0.10398464
-0.10751940
-0.10997860
-0.11154193
-0.11240845
-0.11275735
-0.11271222
-0.11231572
-0.11151943
-0.11019105
-0.10813802
-0.10514320
-0.10100637
-0.09558400
-0.08882013
-0.08076271
-0.07156289
-0.06145730
-0.05073693
-0.03970842
-0.02865466
-0.01780160
-0.00729689
0.00279670
0.01249275
0.02186007
0.03099371
0.03998400
0.04888931
0.05771742
0.06641813
0.07488742
0.08298146
0.09053659
0.09739098
0.10340353
0.10846662
0.11251108
0.11550353
0.11743780
0.11832372
0.11817627
0.11700837
0.11482887
0.11164618
0.10747622
0.10235232
0.09633393
0.08951131
0.08200411
0.07395328
0.06550719
0.05680444
0.04795683
0.03903606
0.03006737
0.02103199
0.01187868
0.00254254
-0.00703201
-0.01686828
-0.02693897
-0.03715601
-0.04737106
-0.05738694
-0.06697843
-0.07591904
-0.08400905
-0.09109998
-0.09711109
-0.10203492
-0.10593086
-0.10890786
-0.11109921
-0.11263404
-0.11361035
-0.11407448
-0.11401048
-0.11334128
-0.11194141
-0.10965895
-0.10634305
-0.10187212
-0.09617820
-0.08926335
-0.08120561
-0.07215375
-0.06231197
-0.05191724
-0.04121320
-0.03042465
-0.01973663
-0.00928090
0.00086861
0.01069139
0.02020857
0.02946605
0.03851582
0.04739841
0.05612906
0.06468928
0.07302437
0.08104639
0.08864155
0.09568001
0.10202654
0.10755034
0.11213315
0.11567506
0.11809827
0.11934933
0.11940039
0.11825003
0.11592401
0.11247553
0.10798474
0.10255659
0.09631651
0.08940346
0.08196053
0.07412386
0.06601117
0.05771159
0.04927867
0.04072806
0.03204086
0.02317276
0.01406803
0.00467658
-0.00502839
-0.01503504
-0.02528235
-0.03565661
-0.04599576
-0.05610147
-0.06575747
-0.07475153
-0.08289789
-0.09005673
-0.09614763
-0.10115475
-0.10512303
-0.10814565
-0.11034470
-0.11184809
-0.11276599
-0.11317075
-0.11308318
-0.11246748
-0.11123566
-0.10926080
-0.10639719
-0.10250443
-0.09747180
-0.09123926
-0.08381209
-0.07526692
-0.06574823
-0.05545614
-0.04462691
-0.03350947
-0.02234096
-0.01132506
-0.00061582
0.00969071
0.01955646
0.02899308
0.03804727
0.04678212
0.05525745
0.06351211
0.07155079
0.07933699
0.08679279
0.09380490
0.10023565
0.10593690
0.11076452
0.11459139
0.11731736
0.11887515
0.11923229
0.11838962
0.11637745
0.11325061
0.10908359
0.10396628
0.09800061
0.09129774
0.08397500
0.07615209
0.06794573
0.05946305
0.05079411
0.04200480
0.03313183
0.02418120
0.01513161
0.00594317
-0.00342910
-0.01301863
-0.02283019
-0.03282527
-0.04291317
-0.05295008
-0.06274733
-0.07208825
-0.08075158
-0.08853774
-0.09529350
-0.10093068
-0.10543499
-0.10886307
-0.11132753
-0.11297238
-0.11394270
-0.11435408
-0.11426747
-0.11367414
-0.11249408
-0.11058842
-0.10778424
-0.10390744
-0.09881792
-0.09244087
-0.08478834
-0.07596709
-0.06617114
-0.05566031
-0.04472830
-0.03366609
-0.02272685
-0.01209844
-0.00188800
0.00787925
0.01724745
0.02630661
0.03516310
0.04390957
0.05259989
0.06123305
0.06974835
0.07803174
0.08593099
0.09327618
0.09990097
0.10566062
0.11044382
0.11417692
0.11682119
0.11836487
0.11881333
0.11818008
0.11648149
0.11373631
0.10996991
0.10522163
0.09955253
0.09305085
0.08583241
0.07803495
0.06980625
0.06128813
0.05259911
0.04381964
0.03498329
0.02607653
0.01704798
0.00782609
-0.00165745
-0.01144299
-0.02152143
-0.03182049
-0.04220171
-0.05246947
-0.06239079
-0.07172289
-0.08024369
-0.08777997
-0.09422799
-0.09956304
-0.10383588
-0.10715686
-0.10967033
-0.11152400
-0.11283851
-0.11368268
-0.11405858
-0.11389904
-0.11307787
-0.11143100
-0.10878479
-0.10498677
-0.09993371
-0.09359253
-0.08601084
-0.07731578
-0.06770160
-0.05740841
-0.04669546
-0.03581332
-0.02497911
-0.01435813
-0.00405417
0.00589055
0.01548676
0.02478250
0.03384348
0.04273242
0.05149071
0.06012464
0.06859802
0.07683167
0.08470934
0.09208876
0.09881577
0.10473929
0.10972510
0.11366647
0.11649066
0.11816094
0.11867436
0.11805643
0.11635403
0.11362798
0.10994669
0.10538169
0.10000538
0.09389080
0.08711260
0.07974812
0.07187779
0.06358375
0.05494675
0.04604142
0.03693113
0.02766348
0.01826810
0.00875793
-0.00086567
-0.01060384
-0.02044873
-0.03037128
-0.04031088
-0.05016924
-0.05981044
-0.06906810
-0.07775916
-0.08570273
-0.09274081
-0.09875756
-0.10369324
-0.10754997
-0.11038769
-0.11231034
-0.11344434
-0.11391278
-0.11381003
-0.11318127
-0.11201126
-0.11022449
-0.10769745
-0.10428108
-0.09982966
-0.09423121
-0.08743382
-0.07946317
-0.07042792
-0.06051190
-0.04995424
-0.03902104
-0.02797336
-0.01703721
-0.00638054
0.00389898
0.01377384
0.02327466
0.03246918
0.04143640
0.05024087
0.05891161
0.06742930
0.07572322
0.08367786
0.09114701
0.09797209
0.10400095
0.10910354
0.11318213
0.11617494
0.11805360
0.11881637
0.11847948
0.11706929
0.11461725
0.11115888
0.10673639
0.10140370
0.09523184
0.08831222
0.08075613
0.07268937
0.06424229
0.05553696
0.04667368
0.03772009
0.02870533
0.01962126
0.01043117
0.00108504
-0.00846114
-0.01822546
-0.02818328
-0.03825704
-0.04831489
-0.05817901
-0.06764250
-0.07649226
-0.08453409
-0.09161559
-0.09764304
-0.10258911
-0.10649027
-0.10943397
-0.11153808
-0.11292598
-0.11370151
-0.11392813
-0.11361577
-0.11271758
-0.11113705
-0.10874431
-0.10539903
-0.10097599
-0.09538936
-0.08861183
-0.08068563
-0.07172377
-0.06190146
-0.05143914
-0.04057974
-0.02956367
-0.01860523
-0.00787382
0.00251750
0.01251472
0.02211691
0.03136283
0.04031255
0.04902705
0.05754911
0.06588834
0.07401244
0.08184573
0.08927481
0.09615996
0.10235020
0.10769933
0.11208039
0.11539639
0.11758604
0.11862418
0.11851763
0.11729811
0.11501401
0.11172302
0.10748720
0.10237108
0.09644258
0.08977591
0.08245455
0.07457281
0.06623441
0.05754743
0.04861609
0.03953060
0.03035736
0.02113208
0.01185808
0.00251113
-0.00694874
-0.01656012
-0.02634042
-0.03626709
-0.04626406
-0.05619660
-0.06587696
-0.07508064
-0.08357160
-0.09113228
-0.09759318
-0.10285656
-0.10690930
-0.10982183
-0.11173264
-0.11282045
-0.11326865
-0.11322846
-0.11278758
-0.11195056
-0.11063481
-0.10868376
-0.10589509
-0.10205920
-0.09700103
-0.09061771
-0.08290482
-0.07396651
-0.06400745
-0.05330797
-0.04218705
-0.03095977
-0.01989699
-0.00919441
0.00104381
0.01080453
0.02014904
0.02918435
0.03802834
0.04677577
0.05547146
0.06409527
0.07256101
0.08072840
0.08842453
0.09546996
0.10170354
0.10700108
0.11128461
0.11452127
0.11671334
0.11788291
0.11805557
0.11724775
0.11546096
0.11268446
0.10890545
0.10412416
0.09836955
0.09171102
0.08426261
0.07617731
0.06763187
0.05880452
0.04985005
0.04087743
0.03193528
0.02300883
0.01402979
0.00489820
-0.00448768
-0.01419904
-0.02424800
-0.03456895
-0.04501379
-0.05536270
-0.06534897
-0.07469362
-0.08314369
-0.09050703
-0.09667733
-0.10164441
-0.10548809
-0.10835653
-0.11043318
-0.11189838
-0.11289259
-0.11348807
-0.11367384
-0.11335672
-0.11237778
-0.11054119
-0.10765015
-0.10354335
-0.09812582
-0.09138892
-0.08341660
-0.07437720
-0.06450301
-0.05406136
-0.04332239
-0.03252895
-0.02187317
-0.01148278
-0.00141861
0.00831751
0.01776675
0.02699256
0.03605895
0.04501140
0.05386284
0.06258640
0.07111496
0.07934654
0.08715405
0.09439703
0.10093367
0.10663129
0.11137438
0.11506982
0.11764965
0.11907167
0.11931902
0.11839906
0.11634210
0.11320012
0.10904520
0.10396732
0.09807104
0.09147088
0.08428529
0.07662952
0.06860804
0.06030758
0.05179164
0.04309769
0.03423777
0.02520286
0.01597083
0.00651734
-0.00317179
-0.01308832
-0.02319130
-0.03340058
-0.04359552
-0.05361955
-0.06329068
-0.07241665
-0.08081318
-0.08832255
-0.09482995
-0.10027474
-0.10465474
-0.10802231
-0.11047244
-0.11212429
-0.11309883
-0.11349594
-0.11337479
-0.11274084
-0.11154201
-0.10967492
-0.10700084
-0.10336900
-0.09864364
-0.09273071
-0.08559958
-0.07729623
-0.06794549
-0.05774182
-0.04692989
-0.03577800
-0.02454866
-0.01347081
-0.00271818
0.00760305
0.01745557
0.02686166
0.03588520
0.04460841
0.05310753
0.06143139
0.06958630
0.07752922
0.08516970
0.09237944
0.09900718
0.10489588
0.10989907
0.11389400
0.11678981
0.11853056
0.11909365
0.11848523
0.11673450
0.11388850
0.11000857
0.10516876
0.09945575
0.09296895
0.08581957
0.07812722
0.07001369
0.06159409
0.05296654
0.04420254
0.03534021
0.02638265
0.01730251
0.00805328
-0.00141420
-0.01113239
-0.02109822
-0.03125861
-0.04150337
-0.05166781
-0.06154530
-0.07090842
-0.07953551
-0.08723826
-0.09388538
-0.09941800
-0.10385365
-0.10727774
-0.10982344
-0.11164338
-0.11287793
-0.11362563
-0.11392130
-0.11372581
-0.11292967
-0.11137030
-0.10885991
-0.10521962
-0.10031376
-0.09407847
-0.08653966
-0.07781720
-0.06811456
-0.05769576
-0.04685354
-0.03587414
-0.02500449
-0.01442717
-0.00424681
0.00551031
0.01488419
0.02395921
0.03283677
0.04160739
0.05032705
0.05900133
0.06757953
0.07595875
0.08399624
0.09152714
0.09838388
0.10441364
0.10949123
0.11352582
0.11646149
0.11827272
0.11895718
0.11852805
0.11700819
0.11442755
0.11082403
0.10624720
0.10076291
0.09445693
0.08743553
0.07982177
0.07174710
0.06333949
0.05470989
0.04593990
0.03707343
0.02811468
0.01903365
0.00977899
0.00029637
-0.00945053
-0.01946032
-0.02967924
-0.03999478
-0.05023924
-0.06020338
-0.06965824
-0.07838175
-0.08618567
-0.09293818
-0.09857813
-0.10311824
-0.10663657
-0.10925746
-0.11112524
-0.11237516
-0.11310650
-0.11336269
-0.11312171
-0.11229853
-0.11075926
-0.10834437
-0.10489733
-0.10029348
-0.09446472
-0.08741566
-0.07922903
-0.07005947
-0.06011713
-0.04964399
-0.03888677
-0.02807085
-0.01737920
-0.00693910
0.00318164
0.01296925
0.02245097
0.03167691
0.04070030
0.04955927
0.05826280
0.06678277
0.07505254
0.08297160
0.09041499
0.09724529
0.10332526
0.10852915
0.11275127
0.11591136
0.11795649
0.11886040
0.11862106
0.11725747
0.11480672
0.11132157
0.10686888
0.10152837
0.09539132
0.08855835
0.08113605
0.07323201
0.06494875
0.05637707
0.04759003
0.03863856
0.02955007
0.02033057
0.01097070
0.00145508
-0.00822603
-0.01806461
-0.02802416
-0.03803242
-0.04797913
-0.05771968
-0.06708472
-0.07589459
-0.08397668
-0.09118319
-0.09740642
-0.10258896
-0.10672696
-0.10986556
-0.11208688
-0.11349240
-0.11418234
-0.11423557
-0.11369340
-0.11255026
-0.11075303
-0.10820964
-0.10480556
-0.10042575
-0.09497851
-0.08841702
-0.08075508
-0.07207404
-0.06251959
-0.05228896
-0.04161020
-0.03071732
-0.01982506
-0.00910759
0.00131548
0.01138373
0.02109071
0.03047026
0.03957700
0.04846468
0.05716630
0.06567930
0.07395813
0.08191496
0.08942792
0.09635465
0.10254844
0.10787382
0.11221893
0.11550294
0.11767794
0.11872608
0.11865347
0.11748313
0.11524892
0.11199207
0.10776097
0.10261353
0.09662102
0.08987127
0.08246945
0.07453500
0.06619419
0.05756922
0.04876552
0.03985997
0.03089280
0.02186564
0.01274691
0.00348465
-0.00597504
-0.01566693
-0.02558686
-0.03567713
-0.04582049
-0.05584441
-0.06553587
-0.07466441
-0.08300994
-0.09039044
-0.09668462
-0.10184532
-0.10590094
-0.10894448
-0.11111178
-0.11255274
-0.11340066
-0.11374509
-0.11361306
-0.11296230
-0.11168748
-0.10963860
-0.10664826
-0.10256295
-0.09727311
-0.09073660
-0.08299180
-0.07415824
-0.06442491
-0.05402857
-0.04322594
-0.03226443
-0.02135643
-0.01066088
-0.00027472
0.00976515
0.01947066
0.02888460
0.03805972
0.04703849
0.05583694
0.06443485
0.07277330
0.08075902
0.08827418
0.09518904
0.10137514
0.10671666
0.11111836
0.11450957
0.11684432
0.11809877
0.11826725
0.11735848
0.11539298
0.11240233
0.10843018
0.10353409
0.09778733
0.09127920
0.08411284
0.07640037
0.06825517
0.05978270
0.05107112
0.04218368
0.03315467
0.02399017
0.01467421
0.00517977
-0.00451680
-0.01442006
-0.02450147
-0.03468942
-0.04486581
-0.05487025
-0.06451181
-0.07358719
-0.08190242
-0.08929499
-0.09565255
-0.10092493
-0.10512710
-0.10833215
-0.11065495
-0.11222896
-0.11317985
-0.11360023
-0.11353004
-0.11294616
-0.11176326
-0.10984646
-0.10703372
-0.10316480
-0.09811173
-0.09180592
-0.08425708
-0.07556060
-0.06589197
-0.05548897
-0.04462441
-0.03357410
-0.02258512
-0.01184976
-0.00148928
0.00845011
0.01798879
0.02719469
0.03615757
0.04496114
0.05365835
0.06225380
0.07069611
0.07888101
0.08666380
0.09387832
0.10035840
0.10595759
0.11056374
0.11410611
0.11655463
0.11791246
0.11820435
0.11746426
0.11572518
0.11301391
0.10935143
0.10475891
0.09926687
0.09292517
0.08581028
0.07802742
0.06970613
0.06098924
0.05201721
0.04291074
0.03375550
0.02459265
0.01541768
0.00618871
-0.00315655
-0.01267818
-0.02240970
-0.03233691
-0.04238432
-0.05241229
-0.06222618
-0.07159640
-0.08028620
-0.08808228
-0.09482282
-0.10041770
-0.10485709
-0.10820657
-0.11058965
-0.11216060
-0.11307257
-0.11344666
-0.11334758
-0.11277031
-0.11164007
-0.10982569
-0.10716379
-0.10348961
-0.09866891
-0.09262548
-0.08535968
-0.07695490
-0.06757133
-0.05742827
-0.04677850
-0.03587889
-0.02496245
-0.01421593
-0.00376620
0.00632306
0.01604479
0.02543393
0.03454798
0.04344613
0.05217056
0.06073251
0.06910478
0.07722096
0.08498070
0.09225925
0.09891934
0.10482319
0.10984316
0.11386976
0.11681684
0.11862413
0.11925778
0.11870985
0.11699721
0.11416051
0.11026308
0.10538938
0.09964251
0.09314025
0.08600914
0.07837682
0.07036306
0.06207069
0.05357763
0.04493169
0.03614924
0.02721868
0.01810881
0.00878115
-0.00079507
-0.01062768
-0.02068835
-0.03090394
-0.04115413
-0.05127637
-0.06107797
-0.07035397
-0.07890834
-0.08657537
-0.09323786
-0.09883903
-0.10338575
-0.10694237
-0.10961558
-0.11153241
-0.11281485
-0.11355507
-0.11379567
-0.11351831
-0.11264320
-0.11103997
-0.10854844
-0.10500645
-0.10027992
-0.09429056
-0.08703614
-0.07859995
-0.06914738
-0.05891009
-0.04816000
-0.03717738
-0.02621825
-0.01548630
-0.00511414
0.00484339
0.01440294
0.02363483
0.03263710
0.04150626
0.05030983
0.05906561
0.06773078
0.07620247
0.08432906
0.09192949
0.09881679
0.10482104
0.10980798
0.11368992
0.11642792
0.11802580
0.11851803
0.11795510
0.11638980
0.11386764
0.11042335
0.10608385
0.10087636
0.09483908
0.08803113
0.08053861
0.07247442
0.06397104
0.05516704
0.04618993
0.03713893
0.02807161
0.01899785
0.00988334
0.00066284
-0.00873865
-0.01838024
-0.02828000
-0.03839514
-0.04861206
-0.05874864
-0.06856944
-0.07781166
-0.08621779
-0.09356932
-0.09971565
-0.10459281
-0.10822847
-0.11073209
-0.11227164
-0.11304084
-0.11322256
-0.11295475
-0.11230497
-0.11125784
-0.10971772
-0.10752613
-0.10449086
-0.10042164
-0.09516644
-0.08864201
-0.08085376
-0.07190172
-0.06197197
-0.05131515
-0.04021601
-0.02895918
-0.01779677
-0.00692307
0.00354026
0.01354637
0.02311359
0.03230603
0.04120853
0.04990035
0.05843210
0.06680954
0.07498633
0.08286633
0.09031418
0.09717164
0.10327666
0.10848144
0.11266694
0.11575169
0.11769425
0.11848994
0.11816341
0.11675913
0.11433229
0.11094173
0.10664640
0.10150517
0.09557949
0.08893733
0.08165661
0.07382645
0.06554517
0.05691476
0.04803256
0.03898175
0.02982282
0.02058823
0.01128220
0.00188635
-0.00762879
-0.01728817
-0.02709498
-0.03701505
-0.04696632
-0.05681581
-0.06638573
-0.07546858
-0.08384911
-0.09133005
-0.09775709
-0.10303862
-0.10715634
-0.11016440
-0.11217646
-0.11334257
-0.11381949
-0.11373954
-0.11318365
-0.11216368
-0.11061745
-0.10841814
-0.10539654
-0.10137286
-0.09619246
-0.08975941
-0.08206165
-0.07318323
-0.06330119
-0.05266734
-0.04157806
-0.03033717
-0.01921830
-0.00843324
0.00188848
0.01170550
0.02105548
0.03003300
0.03875891
0.04734690
0.05587334
0.06435569
0.07274275
0.08091791
0.08871398
0.09593604
0.10238776
0.10789597
0.11232917
0.11560742
0.11770252
0.11862995
0.11843533
0.11717908
0.11492313
0.11172247
0.10762305
0.10266571
0.09689423
0.09036463
0.08315250
0.07535547
0.06708943
0.05847857
0.04964102
0.04067319
0.03163671
0.02255124
0.01339592
0.00411993
-0.00533884
-0.01503035
-0.02496859
-0.03511215
-0.04535378
-0.05552148
-0.06539211
-0.07471565
-0.08324617
-0.09077432
-0.09715521
-0.10232660
-0.10631362
-0.10921895
-0.11119979
-0.11243566
-0.11309266
-0.11329063
-0.11307915
-0.11242684
-0.11122585
-0.10931101
-0.10648998
-0.10257948
-0.09744079
-0.09100877
-0.08330914
-0.07446133
-0.06466673
-0.05418445
-0.04329911
-0.03228627
-0.02138114
-0.01075571
-0.00050755
0.00933871
0.01881815
0.02800377
0.03698041
0.04581919
0.05455662
0.06318174
0.07163257
0.07980166
0.08754879
0.09471794
0.10115504
0.10672339
0.11131436
0.11485238
0.11729429
0.11862438
0.11884720
0.11798040
0.11604945
0.11308556
0.10912685
0.10422206
0.09843525
0.09184945
0.08456755
0.07670918
0.06840330
0.05977728
0.05094423
0.04199109
0.03297004
0.02389532
0.01474707
0.00548198
-0.00395038
-0.01358817
-0.02343808
-0.03346006
-0.04355894
-0.05358522
-0.06334540
-0.07262078
-0.08119203
-0.08886535
-0.09549607
-0.10100534
-0.10538680
-0.10870185
-0.11106399
-0.11261465
-0.11349467
-0.11381618
-0.11363997
-0.11296237
-0.11171409
-0.10977148
-0.10697847
-0.10317543
-0.09823010
-0.09206529
-0.08467858
-0.07615065
-0.06664084
-0.05637076
-0.04559882
-0.03459006
-0.02358626
-0.01278128
-0.00230543
0.00777909
0.01747152
0.02681650
0.03588203
0.04473564
0.05342292
0.06195203
0.07028625
0.07834506
0.08601279
0.09315236
0.09962118
0.10528599
0.11003428
0.11378080
0.11646890
0.11806768
0.11856677
0.11797070
0.11629473
0.11356344
0.10981210
0.10509008
0.09946489
0.09302482
0.08587846
0.07815016
0.06997128
0.06146826
0.05274968
0.04389472
0.03494578
0.02590738
0.01675211
0.00743352
-0.00209613
-0.01186599
-0.02186841
-0.03204583
-0.04228556
-0.05242407
-0.06226041
-0.07157706
-0.08016470
-0.08784685
-0.09450012
-0.10006653
-0.10455555
-0.10803551
-0.11061583
-0.11242291
-0.11357406
-0.11415377
-0.11419654
-0.11367905
-0.11252322
-0.11060930
-0.10779703
-0.10395116
-0.09896714
-0.09279276
-0.08544243
-0.07700183
-0.06762247
-0.05750722
-0.04688928
-0.03600793
-0.02508485
-0.01430436
-0.00380019
0.00634958
0.01611943
0.02552621
0.03461378
0.04343533
0.05203602
0.06043845
0.06863290
0.07657311
0.08417782
0.09133722
0.09792284
0.10379932
0.10883614
0.11291796
0.11595237
0.11787468
0.11864975
0.11827121
0.11675892
0.11415542
0.11052194
0.10593470
0.10048132
0.09425754
0.08736387
0.07990181
0.07196967
0.06365799
0.05504483
0.04619190
0.03714210
0.02791948
0.01853214
0.00897833
-0.00074477
-0.01063047
-0.02065189
-0.03075301
-0.04084322
-0.05079708
-0.06045981
-0.06965862
-0.07821838
-0.08597961
-0.09281593
-0.09864788
-0.10345053
-0.10725302
-0.11012962
-0.11218323
-0.11352383
-0.11424532
-0.11440480
-0.11400820
-0.11300507
-0.11129408
-0.10873878
-0.10519139
-0.10052074
-0.09463978
-0.08752780
-0.07924326
-0.06992484
-0.05978015
-0.04906372
-0.03804786
-0.02699120
-0.01611005
-0.00555740
0.00458709
0.01431488
0.02367465
0.03274972
0.04163092
0.05038987
0.05905726
0.06760967
0.07596680
0.08399882
0.09154201
0.09841922
0.10446121
0.10952503
0.11350654
0.11634564
0.11802423
0.11855850
0.11798823
0.11636579
0.11374759
0.11018949
0.10574670
0.10047707
0.09444620
0.08773179
0.08042519
0.07262874
0.06444866
0.05598451
0.04731753
0.03850070
0.02955318
0.02046151
0.01118816
0.00168685
-0.00807794
-0.01811056
-0.02836729
-0.03874646
-0.04908847
-0.05918653
-0.06880706
-0.07771664
-0.08571101
-0.09264096
-0.09843031
-0.10308238
-0.10667354
-0.10933450
-0.11122256
-0.11248961
-0.11325147
-0.11356429
-0.11341206
-0.11270781
-0.11130816
-0.10903878
-0.10572634
-0.10123120
-0.09547536
-0.08846073
-0.08027490
-0.07108354
-0.06111124
-0.05061409
-0.03984910
-0.02904553
-0.01838270
-0.00797752
0.00211683
0.01190182
0.02141652
0.03071617
0.03985041
0.04884510
0.05769036
0.06633639
0.07469673
0.08265760
0.09009084
0.09686744
0.10286942
0.10799787
0.11217657
0.11535134
0.11748643
0.11855977
0.11855871
0.11747807
0.11532094
0.11210229
0.10785432
0.10263177
0.09651558
0.08961303
0.08205342
0.07397923
0.06553369
0.05684663
0.04802099
0.03912271
0.03017620
0.02116666
0.01204961
0.00276651
-0.00673586
-0.01648530
-0.02646686
-0.03661145
-0.04679285
-0.05683394
-0.06652190
-0.07563023
-0.08394433
-0.09128655
-0.09753671
-0.10264444
-0.10663122
-0.10958132
-0.11162304
-0.11290301
-0.11355780
-0.11368752
-0.11333591
-0.11248048
-0.11103465
-0.10886177
-0.10579901
-0.10168719
-0.09640176
-0.08987962
-0.08213737
-0.07327750
-0.06348158
-0.05299135
-0.04208064
-0.03102298
-0.02005995
-0.00937574
0.00091819
0.01078596
0.02025755
0.02940855
0.03833334
0.04711652
0.05580777
0.06440439
0.07284429
0.08101022
0.08874380
0.09586635
0.10220224
0.10760025
0.11194926
0.11518571
0.11729218
0.11828837
0.11821730
0.11713018
0.11507383
0.11208346
0.10818229
0.10338779
0.09772267
0.09122722
0.08396959
0.07605059
0.06760091
0.05877036
0.04971080
0.04055590
0.03140212
0.02229532
0.01322667
0.00413975
-0.00505150
-0.01443670
-0.02407930
-0.03398914
-0.04410278
-0.05427627
-0.06429281
-0.07388462
-0.08276614
-0.09067272
-0.09739813
-0.10282372
-0.10693366
-0.10981303
-0.11162846
-0.11259468
-0.11293255
-0.11282625
-0.11238742
-0.11163292
-0.11048032
-0.10876239
-0.10625780
-0.10273283
-0.09798654
-0.09189133
-0.08442169
-0.07566618
-0.06582063
-0.05516410
-0.04402207
-0.03272340
-0.02155884
-0.01074788
-0.00041934
0.00939180
0.01873173
0.02770243
0.03642907
0.04502625
0.05356913
0.06207420
0.07049214
0.07871291
0.08658105
0.09391708
0.10054083
0.10629194
0.11104438
0.11471326
0.11725396
0.11865533
0.11892970
0.11810284
0.11620641
0.11327474
0.10934616
0.10446782
0.09870190
0.09213087
0.08485923
0.07701040
0.06871841
0.06011550
0.05131781
0.04241222
0.03344729
0.02443065
0.01533422
0.00610678
-0.00330782
-0.01294990
-0.02282447
-0.03288658
-0.04303462
-0.05311317
-0.06292518
-0.07225198
-0.08087760
-0.08861373
-0.09532084
-0.10092213
-0.10540788
-0.10882960
-0.11128498
-0.11289629
-0.11378591
-0.11405305
-0.11375559
-0.11289978
-0.11143958
-0.10928540
-0.10632082
-0.10242435
-0.09749283
-0.09146250
-0.08432481
-0.07613435
-0.06700798
-0.05711538
-0.04666273
-0.03587196
-0.02495880
-0.01411278
-0.00348200
0.00683542
0.01679225
0.02638569
0.03564490
0.04461468
0.05333779
0.06183887
0.07011198
0.07811368
0.08576225
0.09294303
0.09951856
0.10534198
0.11027149
0.11418374
0.11698436
0.11861453
0.11905302
0.11831415
0.11644239
0.11350516
0.10958499
0.10477252
0.09916093
0.09284232
0.08590568
0.07843598
0.07051350
0.06221291
0.05360158
0.04473726
0.03566576
0.02641939
0.01701721
0.00746793
-0.00222427
-0.01205129
-0.02199107
-0.03199785
-0.04199443
-0.05186881
-0.06147633
-0.07064815
-0.07920529
-0.08697659
-0.09381775
-0.09962826
-0.10436289
-0.10803529
-0.11071244
-0.11250016
-0.11352189
-0.11389394
-0.11370170
-0.11298097
-0.11170837
-0.10980268
-0.10713779
-0.10356512
-0.09894220
-0.09316232
-0.08618014
-0.07802861
-0.06882391
-0.05875740
-0.04807555
-0.03705131
-0.02595163
-0.01500663
-0.00438572
0.00581562
0.01557617
0.02493705
0.03397984
0.04279898
0.05147360
0.06004373
0.06849485
0.07675308
0.08469135
0.09214467
0.09893134
0.10487580
0.10982911
0.11368353
0.11637932
0.11790346
0.11828161
0.11756578
0.11582101
0.11311394
0.10950553
0.10504896
0.09979242
0.09378504
0.08708380
0.07975884
0.07189510
0.06358934
0.05494268
0.04605014
0.03698972
0.02781362
0.01854429
0.00917694
-0.00031132
-0.00994670
-0.01974114
-0.02967511
-0.03968466
-0.04965574
-0.05942765
-0.06880580
-0.07758215
-0.08555992
-0.09257842
-0.09853325
-0.10338804
-0.10717520
-0.10998512
-0.11194530
-0.11319309
-0.11384666
-0.11397959
-0.11360378
-0.11266404
-0.11104564
-0.10859393
-0.10514261
-0.10054603
-0.09470975
-0.08761404
-0.07932619
-0.06999922
-0.05985720
-0.04916961
-0.03821900
-0.02726737
-0.01652692
-0.00613981
0.00382990
0.01339134
0.02261006
0.03158302
0.04040974
0.04916476
0.05787618
0.06651343
0.07498597
0.08315246
0.09083802
0.09785616
0.10403111
0.10921678
0.11330930
0.11625180
0.11803146
0.11867052
0.11821400
0.11671718
0.11423554
0.11081937
0.10651341
0.10136102
0.09541112
0.08872528
0.08138245
0.07347959
0.06512699
0.05643901
0.04752177
0.03846062
0.02931031
0.02009056
0.01078888
0.00137082
-0.00820366
-0.01796040
-0.02789167
-0.03794120
-0.04799707
-0.05789454
-0.06742923
-0.07637888
-0.08453029
-0.09170680
-0.09779121
-0.10273988
-0.10658492
-0.10942381
-0.11139770
-0.11266222
-0.11335568
-0.11357053
-0.11333324
-0.11259644
-0.11124502
-0.10911537
-0.10602449
-0.10180418
-0.09633413
-0.08956844
-0.08155074
-0.07241552
-0.06237532
-0.05169626
-0.04066600
-0.02955952
-0.01860862
-0.00797966
0.00223701
0.01202484
0.02142726
0.03052524
0.03941048
0.04815910
0.05681013
0.06535209
0.07371915
0.08179683
0.08943532
0.09646746
0.10272809
0.10807122
0.11238274
0.11558707
0.11764776
0.11856298
0.11835777
0.11707515
0.11476821
0.11149446
0.10731316
0.10228539
0.09647591
0.08995542
0.08280200
0.07510044
0.06693929
0.05840576
0.04957945
0.04052636
0.03129468
0.02191375
0.01239678
0.00274749
-0.00703025
-0.01692142
-0.02688939
-0.03686809
-0.04675873
-0.05643192
-0.06573546
-0.07450693
-0.08258912
-0.08984611
-0.09617708
-0.10152559
-0.10588249
-0.10928170
-0.11178942
-0.11348819
-0.11445861
-0.11476161
-0.11442442
-0.11343294
-0.11173200
-0.10923378
-0.10583341
-0.10142927
-0.09594470
-0.08934750
-0.08166381
-0.07298381
-0.06345796
-0.05328425
-0.04268812
-0.03189842
-0.02112316
-0.01052899
-0.00022779
0.00972753
0.01933765
0.02864278
0.03770286
0.04657545
0.05529526
0.06385904
0.07221796
0.08027879
0.08791299
0.09497173
0.10130357
0.10677160
0.11126663
0.11471457
0.11707721
0.11834705
0.11853827
0.11767657
0.11579058
0.11290721
0.10905192
0.10425372
0.09855313
0.09201067
0.08471288
0.07677334
0.06832738
0.05952045
0.05049206
0.04135818
0.03219622
0.02303609
0.01386034
0.00461430
-0.00477464
-0.01437190
-0.02420912
-0.03426174
-0.04443553
-0.05456561
-0.06442925
-0.07377093
-0.08233559
-0.08990423
-0.09632517
-0.10153478
-0.10556328
-0.10852403
-0.11058781
-0.11194651
-0.11277294
-0.11318437
-0.11321684
-0.11281525
-0.11184162
-0.11009996
-0.10737346
-0.10346706
-0.09824740
-0.09167276
-0.08380747
-0.07481807
-0.06495228
-0.05450470
-0.04377598
-0.03303282
-0.02247620
-0.01222321
-0.00230516
0.00731856
0.01673445
0.02604225
0.03532242
0.04460994
0.05387909
0.06304133
0.07195573
0.08044888
0.08833953
0.09546252
0.10168740
0.10692828
0.11114395
0.11432943
0.11650186
0.11768490
0.11789579
0.11713825
0.11540294
0.11267508
0.10894708
0.10423271
0.09857898
0.09207207
0.08483543
0.07701952
0.06878488
0.06028172
0.05163015
0.04290531
0.03413061
0.02528106
0.01629619
0.00710068
-0.00237125
-0.01215204
-0.02222220
-0.03250023
-0.04284333
-0.05305852
-0.06292260
-0.07220729
-0.08070549
-0.08825416
-0.09475034
-0.10015784
-0.10450392
-0.10786699
-0.11035744
-0.11209506
-0.11318655
-0.11370657
-0.11368486
-0.11310117
-0.11188842
-0.10994329
-0.10714264
-0.10336346
-0.09850358
-0.09250047
-0.08534573
-0.07709335
-0.06786053
-0.05782090
-0.04719049
-0.03620840
-0.02511405
-0.01412436
-0.00341356
0.00690113
0.01676587
0.02618735
0.03522080
0.04395056
0.05246594
0.06083618
0.06908868
0.07719406
0.08506094
0.09254139
0.09944632
0.10556844
0.11070875
0.11470205
0.11743708
0.11886798
0.11901510
0.11795561
0.11580607
0.11270057
0.10876885
0.10411882
0.09882637
0.09293424
0.08645927
0.07940567
0.07178084
0.06360947
0.05494248
0.04585849
0.03645748
0.02684820
0.01713255
0.00739104
-0.00232663
-0.01200313
-0.02164585
-0.03127135
-0.04088501
-0.05046047
-0.05992390
-0.06914739
-0.07795421
-0.08613574
-0.09347786
-0.09979180
-0.10494348
-0.10887493
-0.11161308
-0.11326313
-0.11398700
-0.11397051
-0.11338525
-0.11235262
-0.11091720
-0.10903528
-0.10658122
-0.10337106
-0.09919934
-0.09388219
-0.08729874
-0.07942264
-0.07033769
-0.06023436
-0.04938771
-0.03812072
-0.02676001
-0.01559190
-0.00482714
0.00541972
0.01513283
0.02437978
0.03328207
0.04197755
0.05058227
0.05915889
0.06769736
0.07611065
0.08424536
0.09190423
0.09887516
0.10496089
0.11000344
0.11389920
0.11660283
0.11812074
0.11849677
0.11779459
0.11608120
0.11341553
0.10984410
0.10540419
0.10013253
0.09407633
0.08730280
0.07990377
0.07199324
0.06369768
0.05514073
0.04642572
0.03762015
0.02874629
0.01978095
0.01066545
0.00132481
-0.00830715
-0.01826146
-0.02851181
-0.03896137
-0.04944183
-0.05972573
-0.06955064
-0.07865105
-0.08679274
-0.09380333
-0.09959334
-0.10416414
-0.10760083
-0.11005149
-0.11169629
-0.11271190
-0.11323756
-0.11334858
-0.11304206
-0.11223696
-0.11078857
-0.10851451
-0.10522792
-0.10077191
-0.09504977
-0.08804574
-0.07983353
-0.07057125
-0.06048414
-0.04983807
-0.03890848
-0.02794944
-0.01716779
-0.00670585
0.00336511
0.01304034
0.02236740
0.03142504
0.04029882
0.04905741
0.05773316
0.06630952
0.07471688
0.08283696
0.09051437
0.09757341
0.10383711
0.10914567
0.11337154
0.11642940
0.11827989
0.11892740
0.11841275
0.11680281
0.11417891
0.11062635
0.10622661
0.10105315
0.09517097
0.08863922
0.08151544
0.07385989
0.06573834
0.05722228
0.04838623
0.03930257
0.03003521
0.02063380
0.01113044
0.00154022
-0.00813357
-0.01788992
-0.02771770
-0.03758263
-0.04741651
-0.05711126
-0.06652001
-0.07546592
-0.08375808
-0.09121243
-0.09767413
-0.10303754
-0.10725972
-0.11036455
-0.11243608
-0.11360149
-0.11400639
-0.11378640
-0.11304026
-0.11180939
-0.11006790
-0.10772555
-0.10464337
-0.10065968
-0.09562209
-0.08941986
-0.08201084
-0.07343806
-0.06383279
-0.05340357
-0.04241282
-0.03114521
-0.01987326
-0.00882610
0.00183338
0.01201941
0.02172081
0.03098617
0.03990001
0.04855454
0.05702243
0.06533516
0.07347062
0.08135134
0.08885283
0.09581970
0.10208595
0.10749523
0.11191768
0.11526060
0.11747197
0.11853746
0.11847263
0.11731321
0.11510578
0.11190146
0.10775334
0.10271780
0.09685838
0.09025019
0.08298277
0.07515955
0.06689312
0.05829660
0.04947252
0.04050178
0.03143516
0.02228986
0.01305273
0.00369012
-0.00583660
-0.01555270
-0.02545210
-0.03548352
-0.04554367
-0.05547948
-0.06509953
-0.07419324
-0.08255476
-0.09000759
-0.09642554
-0.10174637
-0.10597542
-0.10917857
-0.11146545
-0.11296582
-0.11380315
-0.11406988
-0.11380880
-0.11300361
-0.11158051
-0.10942050
-0.10638035
-0.10231878
-0.09712360
-0.09073522
-0.08316284
-0.07449082
-0.06487413
-0.05452394
-0.04368555
-0.03261221
-0.02153896
-0.01066025
-0.00011455
0.01002205
0.01973281
0.02904888
0.03803151
0.04675115
0.05526660
0.06360755
0.07176278
0.07967552
0.08724611
0.09434115
0.10080714
0.10648647
0.11123297
0.11492521
0.11747559
0.11883481
0.11899167
0.11796904
0.11581754
0.11260810
0.10842509
0.10336067
0.09751085
0.09097299
0.08384419
0.07621957
0.06818997
0.05983846
0.05123605
0.04243718
0.03347622
0.02436630
0.01510171
0.00566427
-0.00396623
-0.01379891
-0.02381780
-0.03396971
-0.04415632
-0.05423309
-0.06401594
-0.07329577
-0.08185919
-0.08951256
-0.09610542
-0.10154916
-0.10582736
-0.10899523
-0.11116764
-0.11249713
-0.11314511
-0.11325117
-0.11290572
-0.11213104
-0.11087450
-0.10901563
-0.10638622
-0.10280056
-0.09809049
-0.09213952
-0.08490987
-0.07645760
-0.06693304
-0.05656630
-0.04564021
-0.03445536
-0.02329309
-0.01238292
-0.00187953
0.00814684
0.01770566
0.02686829
0.03574083
0.04443284
0.05302766
0.06155924
0.06999940
0.07825692
0.08618775
0.09361375
0.10034593
0.10620758
0.11105344
0.11478172
0.11733817
0.11871224
0.11892790
0.11803157
0.11608059
0.11313473
0.10925212
0.10448983
0.09890790
0.09257470
0.08557119
0.07799207
0.06994246
0.06153028
0.05285553
0.04399894
0.03501272
0.02591609
0.01669746
0.00732367
-0.00224469
-0.01203456
-0.02204160
-0.03221524
-0.04245094
-0.05259171
-0.06243958
-0.07177527
-0.08038338
-0.08807838
-0.09472725
-0.10026422
-0.10469507
-0.10808986
-0.11056525
-0.11225938
-0.11330359
-0.11379615
-0.11378241
-0.11324502
-0.11210587
-0.11023950
-0.10749562
-0.10372690
-0.09881728
-0.09270607
-0.08540392
-0.07699810
-0.06764647
-0.05756128
-0.04698571
-0.03616688
-0.02532974
-0.01465574
-0.00426923
0.00576677
0.01544545
0.02480303
0.03390020
0.04280132
0.05155475
0.06017700
0.06864306
0.07688358
0.08478895
0.09221904
0.09901681
0.10502355
0.11009360
0.11410658
0.11697599
0.11865348
0.11912884
0.11842649
0.11659931
0.11372121
0.10987938
0.10516733
0.09967912
0.09350528
0.08673010
0.07943022
0.07167401
0.06352140
0.05502400
0.04622541
0.03716188
0.02786346
0.01835609
0.00866467
-0.00118294
-0.01115106
-0.02119136
-0.03123850
-0.04120743
-0.05099293
-0.06047219
-0.06951037
-0.07796899
-0.08571615
-0.09263731
-0.09864496
-0.10368562
-0.10774281
-0.11083519
-0.11300976
-0.11433105
-0.11486771
-0.11467853
-0.11380047
-0.11224058
-0.10997358
-0.10694578
-0.10308502
-0.09831534
-0.09257397
-0.08582812
-0.07808847
-0.06941726
-0.05992917
-0.04978473
-0.03917702
-0.02831363
-0.01739658
-0.00660341
0.00392782
0.01410719
0.02389405
0.03329082
0.04233035
0.05105936
0.05952052
0.06773620
0.07569617
0.08335130
0.09061359
0.09736247
0.10345585
0.10874411
0.11308479
0.11635583
0.11846588
0.11936063
0.11902486
0.11748089
0.11478398
0.11101601
0.10627838
0.10068487
0.09435507
0.08740830
0.07995823
0.07210784
0.06394490
0.05553811
0.04693442
0.03815822
0.02921307
0.02008646
0.01075769
0.00120823
-0.00856638
-0.01854504
-0.02867178
-0.03885062
-0.04894608
-0.05879009
-0.06819471
-0.07696953
-0.08494105
-0.09197122
-0.09797192
-0.10291277
-0.10682056
-0.10976991
-0.11186642
-0.11322477
-0.11394542
-0.11409380
-0.11368576
-0.11268218
-0.11099376
-0.10849580
-0.10505062
-0.10053395
-0.09486098
-0.08800743
-0.08002204
-0.07102809
-0.06121353
-0.05081116
-0.04007216
-0.02923728
-0.01851046
-0.00803920
0.00209521
0.01187614
0.02133962
0.03055393
0.03959490
0.04852123
0.05735409
0.06606441
0.07456976
0.08274082
0.09041590
0.09742038
0.10358751
0.10877675
0.11288674
0.11586107
0.11768669
0.11838616
0.11800604
0.11660435
0.11423988
0.11096548
0.10682627
0.10186257
0.09611600
0.08963660
0.08248854
0.07475239
0.06652279
0.05790160
0.04898790
0.03986693
0.03060086
0.02122379
0.01174285
0.00214583
-0.00758563
-0.01745949
-0.02745684
-0.03751884
-0.04754031
-0.05737190
-0.06683117
-0.07572103
-0.08385276
-0.09106922
-0.09726415
-0.10239357
-0.10647702
-0.10958793
-0.11183480
-0.11333636
-0.11419533
-0.11447574
-0.11418803
-0.11328498
-0.11166936
-0.10921200
-0.10577705
-0.10124999
-0.09556300
-0.08871338
-0.08077148
-0.07187695
-0.06222401
-0.05203850
-0.04155102
-0.03097078
-0.02046467
-0.01014493
-0.00006691
0.00976326
0.01937333
0.02880513
0.03809440
0.04725383
0.05626218
0.06506082
0.07355757
0.08163628
0.08916965
0.09603241
0.10211236
0.10731745
0.11157825
0.11484631
0.11708988
0.11828879
0.11843054
0.11750880
0.11552511
0.11249307
0.10844390
0.10343158
0.09753547
0.09085923
0.08352519
0.07566467
0.06740572
0.05886032
0.05011359
0.04121737
0.03218961
0.02302017
0.01368219
0.00414732
-0.00559803
-0.01553825
-0.02561871
-0.03574240
-0.04577388
-0.05554997
-0.06489543
-0.07364105
-0.08164105
-0.08878702
-0.09501597
-0.10031146
-0.10469771
-0.10822785
-0.11096850
-0.11298327
-0.11431794
-0.11498968
-0.11498187
-0.11424540
-0.11270583
-0.11027535
-0.10686767
-0.10241341
-0.09687404
-0.09025218
-0.08259714
-0.07400487
-0.06461262
-0.05458885
-0.04412001
-0.03339561
-0.02259363
-0.01186793
-0.00133910
0.00891019
0.01883484
0.02842240
0.03768400
0.04664275
0.05532104
0.06372857
0.07185273
0.07965263
0.08705751
0.09396972
0.10027162
0.10583549
0.11053480
0.11425534
0.11690474
0.11841926
0.11876730
0.11794954
0.11599629
0.11296290
0.10892408
0.10396825
0.09819230
0.09169733
0.08458494
0.07695413
0.06889810
0.06050095
0.05183422
0.04295369
0.03389731
0.02468505
0.01532147
0.00580152
-0.00388059
-0.01372057
-0.02369265
-0.03373980
-0.04376776
-0.05364462
-0.06320695
-0.07227245
-0.08065755
-0.08819750
-0.09476554
-0.10028779
-0.10475064
-0.10819882
-0.11072397
-0.11244493
-0.11348310
-0.11393695
-0.11386039
-0.11324917
-0.11203810
-0.11011028
-0.10731691
-0.10350475
-0.09854633
-0.09236782
-0.08496922
-0.07643350
-0.06692256
-0.05666090
-0.04590945
-0.03493441
-0.02397625
-0.01322421
-0.00280055
0.00724329
0.01691831
0.02627974
0.03540246
0.04435518
0.05317776
0.06186587
0.07036497
0.07857412
0.08635800
0.09356416
0.10004177
0.10565812
0.11031014
0.11392935
0.11648021
0.11795361
0.11835773
0.11770925
0.11602728
0.11333161
0.10964544
0.10500157
0.09944999
0.09306411
0.08594341
0.07821071
0.07000365
0.06146152
0.05270963
0.04384434
0.03492212
0.02595530
0.01691615
0.00774921
-0.00160988
-0.01121203
-0.02107313
-0.03115708
-0.04136710
-0.05154724
-0.06149439
-0.07097917
-0.07977224
-0.08767175
-0.09452724
-0.10025579
-0.10484773
-0.10836084
-0.11090402
-0.11261330
-0.11362435
-0.11404603
-0.11393973
-0.11330759
-0.11209192
-0.11018543
-0.10745069
-0.10374551
-0.09894980
-0.09298983
-0.08585581
-0.07761019
-0.06838555
-0.05837259
-0.04780041
-0.03691206
-0.02593947
-0.01508120
-0.00448639
0.00575324
0.01560253
0.02507395
0.03421241
0.04307653
0.05171951
0.06017238
0.06843213
0.07645589
0.08416176
0.09143532
0.09814059
0.10413316
0.10927354
0.11343879
0.11653105
0.11848249
0.11925667
0.11884706
0.11727382
0.11457990
0.11082737
0.10609454
0.10047368
0.09406903
0.08699421
0.07936847
0.07131111
0.06293428
0.05433481
0.04558630
0.03673316
0.02778822
0.01873527
0.00953707
0.00014827
-0.00946811
-0.01932336
-0.02938769
-0.03958013
-0.04976594
-0.05976293
-0.06935652
-0.07832170
-0.08644854
-0.09356725
-0.09956823
-0.10441347
-0.10813692
-0.11083324
-0.11263665
-0.11369321
-0.11413148
-0.11403670
-0.11343327
-0.11227893
-0.11047190
-0.10786991
-0.10431780
-0.09967886
-0.09386429
-0.08685531
-0.07871423
-0.06958219
-0.05966428
-0.04920481
-0.03845706
-0.02765318
-0.01697935
-0.00656033
0.00354436
0.01333260
0.02284253
0.03212967
0.04124327
0.05020622
0.05900221
0.06757190
0.07581815
0.08361833
0.09084064
0.09736048
0.10307372
0.10790403
0.11180365
0.11474815
0.11672724
0.11773469
0.11776025
0.11678622
0.11478971
0.11175035
0.10766175
0.10254374
0.09645232
0.08948415
0.08177388
0.07348377
0.06478711
0.05584798
0.04680132
0.03773718
0.02869246
0.01965229
0.01056117
0.00134235
-0.00807797
-0.01774575
-0.02765827
-0.03775110
-0.04789558
-0.05790739
-0.06756505
-0.07663521
-0.08490053
-0.09218541
-0.09837533
-0.10342660
-0.10736502
-0.11027394
-0.11227384
-0.11349711
-0.11406215
-0.11405131
-0.11349596
-0.11237124
-0.11060095
-0.10807169
-0.10465384
-0.10022588
-0.09469824
-0.08803299
-0.08025636
-0.07146235
-0.06180692
-0.05149385
-0.04075422
-0.02982287
-0.01891496
-0.00820611
0.00218110
0.01218260
0.02178964
0.03103759
0.03998868
0.04871132
0.05725919
0.06565339
0.07387015
0.08183602
0.08943104
0.09649943
0.10286582
0.10835452
0.11280880
0.11610735
0.11817540
0.11898934
0.11857450
0.11699705
0.11435186
0.11074865
0.10629901
0.10110605
0.09525835
0.08882809
0.08187308
0.07444116
0.06657533
0.05831793
0.04971290
0.04080554
0.03164035
0.02225804
0.01269322
0.00297418
-0.00687418
-0.01682433
-0.02683772
-0.03685574
-0.04679233
-0.05653055
-0.06592475
-0.07480913
-0.08301210
-0.09037438
-0.09676783
-0.10211148
-0.10638128
-0.10961108
-0.11188401
-0.11331497
-0.11402715
-0.11412641
-0.11367843
-0.11269308
-0.11111930
-0.10885208
-0.10575065
-0.10166514
-0.09646698
-0.09007764
-0.08249049
-0.07378160
-0.06410747
-0.05368984
-0.04279027
-0.03167886
-0.02060270
-0.00975930
0.00072048
0.01077758
0.02041759
0.02969336
0.03868098
0.04745395
0.05606017
0.06450581
0.07274815
0.08069800
0.08823023
0.09519961
0.10145835
0.10687197
0.11133079
0.11475569
0.11709807
0.11833552
0.11846536
0.11749832
0.11545452
0.11236277
0.10826303
0.10321096
0.09728255
0.09057655
0.08321301
0.07532690
0.06705718
0.05853283
0.04985842
0.04110230
0.03229019
0.02340613
0.01440160
0.00521159
-0.00422457
-0.01394133
-0.02392805
-0.03411664
-0.04437844
-0.05453154
-0.06435736
-0.07362442
-0.08211507
-0.08965095
-0.09611278
-0.10145116
-0.10568664
-0.10889892
-0.11120729
-0.11274548
-0.11363533
-0.11396357
-0.11376556
-0.11301864
-0.11164592
-0.10952987
-0.10653332
-0.10252433
-0.09740111
-0.09111280
-0.08367329
-0.07516575
-0.06573755
-0.05558651
-0.04494062
-0.03403442
-0.02308562
-0.01227519
-0.00173386
0.00846346
0.01829480
0.02778053
0.03696720
0.04590829
0.05464507
0.06319058
0.07151893
0.07956155
0.08721055
0.09432850
0.10076275
0.10636185
0.11099145
0.11454722
0.11696295
0.11821315
0.11831011
0.11729668
0.11523656
0.11220411
0.10827575
0.10352422
0.09801643
0.09181453
0.08497917
0.07757336
0.06966538
0.06132931
0.05264271
0.04368164
0.03451412
0.02519393
0.01575644
0.00621846
-0.00341730
-0.01315304
-0.02298341
-0.03288198
-0.04278963
-0.05260751
-0.06219700
-0.07138735
-0.07999078
-0.08782259
-0.09472321
-0.10057794
-0.10533072
-0.10898870
-0.11161659
-0.11332096
-0.11422740
-0.11445425
-0.11408794
-0.11316458
-0.11166151
-0.10950056
-0.10656291
-0.10271276
-0.09782579
-0.09181711
-0.08466357
-0.07641633
-0.06720144
-0.05720828
-0.04666809
-0.03582655
-0.02491523
-0.01412698
-0.00359928
0.00659206
0.01642841
0.02593462
0.03515936
0.04415342
0.05295013
0.06155117
0.06991976
0.07798152
0.08563203
0.09274849
0.09920310
0.10487503
0.10965940
0.11347218
0.11625114
0.11795424
0.11855679
0.11804920
0.11643636
0.11373906
0.10999675
0.10527060
0.09964505
0.09322645
0.08613793
0.07851051
0.07047149
0.06213208
0.05357662
0.04485590
0.03598613
0.02695443
0.01773025
0.00828084
-0.00141188
-0.01133630
-0.02144077
-0.03163001
-0.04176927
-0.05169541
-0.06123310
-0.07021333
-0.07849072
-0.08595688
-0.09254751
-0.09824225
-0.10305771
-0.10703527
-0.11022608
-0.11267611
-0.11441384
-0.11544248
-0.11573788
-0.11525182
-0.11391991
-0.11167238
-0.10844584
-0.10419422
-0.09889762
-0.09256796
-0.08525139
-0.07702757
-0.06800621
-0.05832161
-0.04812567
-0.03757987
-0.02684663
-0.01608050
-0.00541961
0.00502177
0.01515881
0.02493899
0.03434131
0.04337157
0.05205383
0.06041880
0.06849061
0.07627390
0.08374333
0.09083747
0.09745819
0.10347625
0.10874235
0.11310210
0.11641273
0.11855882
0.11946484
0.11910246
0.11749191
0.11469746
0.11081826
0.10597617
0.10030300
0.09392885
0.08697318
0.07953921
0.07171171
0.06355733
0.05512656
0.04645627
0.03757214
0.02849085
0.01922227
0.00977228
0.00014703
-0.00964117
-0.01956642
-0.02958125
-0.03960969
-0.04954317
-0.05924120
-0.06853782
-0.07725407
-0.08521508
-0.09226956
-0.09830807
-0.10327670
-0.10718273
-0.11009052
-0.11210734
-0.11336101
-0.11397300
-0.11403175
-0.11357165
-0.11256183
-0.11090789
-0.10846685
-0.10507332
-0.10057239
-0.09485343
-0.08787830
-0.07969854
-0.07045786
-0.06037904
-0.04973730
-0.03882475
-0.02791234
-0.01721620
-0.00687448
0.00306128
0.01261888
0.02188415
0.03096986
0.03998110
0.04898377
0.05798200
0.06690853
0.07562920
0.08396008
0.09169337
0.09862648
0.10458857
0.10945965
0.11317912
0.11574304
0.11719179
0.11759177
0.11701573
0.11552638
0.11316658
0.10995818
0.10590866
0.10102357
0.09532085
0.08884313
0.08166426
0.07388812
0.06563947
0.05704861
0.04823322
0.03928157
0.03024132
0.02111663
0.01187520
0.00246402
-0.00716872
-0.01705004
-0.02716158
-0.03742633
-0.04770592
-0.05780918
-0.06751111
-0.07657874
-0.08479960
-0.09200755
-0.09810138
-0.10305312
-0.10690443
-0.10975227
-0.11172624
-0.11296200
-0.11357527
-0.11364091
-0.11318038
-0.11215933
-0.11049534
-0.10807389
-0.10476980
-0.10047022
-0.09509565
-0.08861582
-0.08105837
-0.07250957
-0.06310742
-0.05302888
-0.04247301
-0.03164299
-0.02072901
-0.00989431
0.00073423
0.01107033
0.02106721
0.03071164
0.04001439
0.04899811
0.05768454
0.06608241
0.07417764
0.08192702
0.08925615
0.09606213
0.10222043
0.10759529
0.11205230
0.11547136
0.11775833
0.11885390
0.11873835
0.11743194
0.11499092
0.11150013
0.10706352
0.10179410
0.09580473
0.08920104
0.08207683
0.07451209
0.06657309
0.05831368
0.04977705
0.04099721
0.03200010
0.02280450
0.01342336
0.00386631
-0.00585597
-0.01572550
-0.02570923
-0.03575101
-0.04576491
-0.05563190
-0.06520146
-0.07429913
-0.08273986
-0.09034577
-0.09696578
-0.10249384
-0.10688212
-0.11014636
-0.11236137
-0.11364677
-0.11414466
-0.11399267
-0.11329720
-0.11211165
-0.11042402
-0.10815680
-0.10517973
-0.10133371
-0.09646202
-0.09044342
-0.08322110
-0.07482218
-0.06536393
-0.05504532
-0.04412518
-0.03289071
-0.02162177
-0.01055732
0.00013028
0.01034866
0.02008470
0.02939008
0.03835654
0.04708541
0.05565756
0.06410896
0.07241603
0.08049307
0.08820124
0.09536683
0.10180475
0.10734259
0.11184077
0.11520554
0.11739334
0.11840679
0.11828436
0.11708680
0.11488372
0.11174327
0.10772680
0.10288873
0.09728078
0.09095830
0.08398621
0.07644214
0.06841529
0.06000080
0.05129057
0.04236286
0.03327335
0.02405035
0.01469594
0.00519375
-0.00447755
-0.01432763
-0.02433773
-0.03444763
-0.04454939
-0.05448984
-0.06408204
-0.07312427
-0.08142343
-0.08881864
-0.09520079
-0.10052414
-0.10480779
-0.10812627
-0.11059087
-0.11232495
-0.11343751
-0.11399994
-0.11402999
-0.11348616
-0.11227328
-0.11025867
-0.10729590
-0.10325209
-0.09803412
-0.09160932
-0.08401711
-0.07536992
-0.06584334
-0.05565731
-0.04505164
-0.03425984
-0.02348548
-0.01288453
-0.00255620
0.00745698
0.01716037
0.02659176
0.03580225
0.04483662
0.05371654
0.06242893
0.07092089
0.07910157
0.08684996
0.09402697
0.10048940
0.10610368
0.11075706
0.11436518
0.11687525
0.11826507
0.11853901
0.11772208
0.11585378
0.11298286
0.10916397
0.10445640
0.09892453
0.09263925
0.08567922
0.07813084
0.07008636
0.06163966
0.05288037
0.04388711
0.03472140
0.02542377
0.01601335
0.00649180
-0.00314854
-0.01291316
-0.02279241
-0.03274919
-0.04271009
-0.05256183
-0.06215454
-0.07131210
-0.07984832
-0.08758684
-0.09438139
-0.10013302
-0.10480101
-0.10840508
-0.11101812
-0.11275012
-0.11372572
-0.11405920
-0.11383108
-0.11307079
-0.11174859
-0.10977869
-0.10703345
-0.10336640
-0.09864052
-0.09275682
-0.08567832
-0.07744513
-0.06817792
-0.05806884
-0.04736157
-0.03632346
-0.02521470
-0.01425940
-0.00362350
0.00659727
0.01637747
0.02575089
0.03479037
0.04358265
0.05220257
0.06069119
0.06904105
0.07719093
0.08502994
0.09240977
0.09916228
0.10511900
0.11012912
0.11407331
0.11687167
0.11848542
0.11891334
0.11818459
0.11635018
0.11347499
0.10963197
0.10489891
0.09935764
0.09309452
0.08620089
0.07877214
0.07090456
0.06268983
0.05420803
0.04552058
0.03666494
0.02765295
0.01847389
0.00910281
-0.00048687
-0.01030822
-0.02034578
-0.03054359
-0.04079893
-0.05096355
-0.06085288
-0.07026244
-0.07898890
-0.08685271
-0.09371826
-0.09950825
-0.10420935
-0.10786818
-0.11057784
-0.11245717
-0.11362627
-0.11418228
-0.11417978
-0.11361917
-0.11244523
-0.11055615
-0.10782181
-0.10410803
-0.09930297
-0.09334113
-0.08622088
-0.07801266
-0.06885639
-0.05894846
-0.04852060
-0.03781391
-0.02705236
-0.01641990
-0.00604477
0.00400677
0.01372667
0.02315220
0.03234653
0.04137612
0.05028882
0.05909630
0.06776329
0.07620530
0.08429458
0.09187301
0.09876940
0.10481813
0.10987623
0.11383613
0.11663272
0.11824411
0.11868687
0.11800728
0.11627077
0.11355168
0.10992523
0.10546273
0.10023032
0.09429055
0.08770557
0.08054035
0.07286445
0.06475149
0.05627593
0.04750789
0.03850719
0.02931837
0.01996831
0.01046770
0.00081694
-0.00898416
-0.01892431
-0.02896849
-0.03904818
-0.04905634
-0.05884886
-0.06825309
-0.07708259
-0.08515616
-0.09231795
-0.09845541
-0.10351152
-0.10748897
-0.11044511
-0.11247812
-0.11370651
-0.11424543
-0.11418364
-0.11356557
-0.11238142
-0.11056763
-0.10801755
-0.10460091
-0.10018875
-0.09467960
-0.08802252
-0.08023295
-0.07139876
-0.06167538
-0.05127096
-0.04042399
-0.02937721
-0.01835202
-0.00752745
0.00297317
0.01308606
0.02280150
0.03215026
0.04118490
0.04995934
0.05851010
0.06684223
0.07492174
0.08267519
0.08999580
0.09675434
0.10281269
0.10803741
0.11231149
0.11554268
0.11766783
0.11865359
0.11849422
0.11720783
0.11483221
0.11142123
0.10704222
0.10177428
0.09570699
0.08893880
0.08157428
0.07371987
0.06547824
0.05694170
0.04818578
0.03926430
0.03020724
0.02102225
0.01170033
0.00222508
-0.00741546
-0.01721627
-0.02714430
-0.03713080
-0.04706889
-0.05681719
-0.06620931
-0.07506828
-0.08322365
-0.09052886
-0.09687590
-0.10220495
-0.10650716
-0.10981999
-0.11221560
-0.11378415
-0.11461461
-0.11477627
-0.11430408
-0.11319046
-0.11138513
-0.10880324
-0.10534075
-0.10089461
-0.09538459
-0.08877318
-0.08108008
-0.07238884
-0.06284426
-0.05264069
-0.04200300
-0.03116288
-0.02033450
-0.00969299
0.00064062
0.01060575
0.02019901
0.02946198
0.03846217
0.04727043
0.05593855
0.06448081
0.07286231
0.08099593
0.08874818
0.09595258
0.10242828
0.10800055
0.11251994
0.11587707
0.11801098
0.11891057
0.11860927
0.11717497
0.11469718
0.11127423
0.10700263
0.10196999
0.09625217
0.08991412
0.08301315
0.07560302
0.06773725
0.05947043
0.05085726
0.04194947
0.03279217
0.02342070
0.01386002
0.00412723
-0.00576205
-0.01578461
-0.02589919
-0.03603712
-0.04609643
-0.05594145
-0.06540902
-0.07432120
-0.08250276
-0.08980090
-0.09610349
-0.10135250
-0.10554950
-0.10875171
-0.11105868
-0.11259135
-0.11346720
-0.11377559
-0.11355805
-0.11279734
-0.11141773
-0.10929679
-0.10628713
-0.10224428
-0.09705607
-0.09066811
-0.08310083
-0.07445487
-0.06490367
-0.05467462
-0.04402178
-0.03319518
-0.02241180
-0.01183336
-0.00155441
0.00839742
0.01804971
0.02746443
0.03671247
0.04584800
0.05488764
0.06379775
0.07249194
0.08083852
0.08867602
0.09583345
0.10215122
0.10749879
0.11178616
0.11496770
0.11703828
0.11802356
0.11796706
0.11691741
0.11491839
0.11200423
0.10820043
0.10352974
0.09802117
0.09171931
0.08469133
0.07702914
0.06884573
0.06026582
0.05141238
0.04239184
0.03328103
0.02411909
0.01490654
0.00561237
-0.00381154
-0.01341096
-0.02320815
-0.03318326
-0.04326177
-0.05331100
-0.06314691
-0.07255059
-0.08129210
-0.08915772
-0.09597626
-0.10163954
-0.10611366
-0.10943874
-0.11171697
-0.11309100
-0.11371603
-0.11373051
-0.11323041
-0.11225141
-0.11076233
-0.10867081
-0.10584039
-0.10211627
-0.09735519
-0.09145466
-0.08437641
-0.07616036
-0.06692667
-0.05686562
-0.04621710
-0.03524309
-0.02419761
-0.01329908
-0.00270926
0.00747801
0.01723689
0.02659898
0.03563420
0.04442669
0.05304988
0.06154482
0.06990509
0.07807039
0.08592933
0.09333043
0.10009900
0.10605688
0.11104174
0.11492299
0.11761240
0.11906828
0.11929367
0.11832956
0.11624526
0.11312783
0.10907250
0.10417542
0.09852915
0.09222085
0.08533211
0.07793957
0.07011505
0.06192471
0.05342698
0.04466982
0.03568837
0.02650399
0.01712596
0.00755639
-0.00220193
-0.01213546
-0.02220949
-0.03235924
-0.04248485
-0.05245170
-0.06209698
-0.07124220
-0.07970995
-0.08734268
-0.09402005
-0.09967187
-0.10428406
-0.10789602
-0.11058947
-0.11247035
-0.11364655
-0.11420541
-0.11419489
-0.11361192
-0.11240039
-0.11045928
-0.10766003
-0.10387016
-0.09897937
-0.09292351
-0.08570236
-0.07738794
-0.06812197
-0.05810279
-0.04756386
-0.03674753
-0.02587840
-0.01514064
-0.00466285
0.00548739
0.01529878
0.02480272
0.03405377
0.04310763
0.05200085
0.06073534
0.06927022
0.07752182
0.08537110
0.09267671
0.09929076
0.10507448
0.10991102
0.11371353
0.11642796
0.11803097
0.11852436
0.11792801
0.11627329
0.11359868
0.10994820
0.10537277
0.09993339
0.09370452
0.08677613
0.07925265
0.07124827
0.06287877
0.05425092
0.04545149
0.03653838
0.02753586
0.01843590
0.00920595
-0.00019749
-0.00981132
-0.01964740
-0.02967650
-0.03981800
-0.04993757
-0.05985413
-0.06935552
-0.07822066
-0.08624493
-0.09326446
-0.09917526
-0.10394364
-0.10760593
-0.11025727
-0.11203105
-0.11307250
-0.11351062
-0.11343344
-0.11287085
-0.11178804
-0.11009078
-0.10764190
-0.10428607
-0.09987887
-0.09431531
-0.08755276
-0.07962482
-0.07064354
-0.06078988
-0.05029409
-0.03940927
-0.02838269
-0.01742939
-0.00671233
0.00366811
0.01367395
0.02331950
0.03265357
0.04173740
0.05062242
0.05933155
0.06784690
0.07610565
0.08400398
0.09140781
0.09816789
0.10413633
0.10918156
0.11319955
0.11611991
0.11790665
0.11855464
0.11808331
0.11652952
0.11394149
0.11037495
0.10589192
0.10056166
0.09446258
0.08768372
0.08032416
0.07248968
0.06428633
0.05581169
0.04714559
0.03834216
0.02942543
0.02039015
0.01120849
0.00184230
-0.00774092
-0.01755072
-0.02755853
-0.03768753
-0.04781011
-0.05775401
-0.06731684
-0.07628691
-0.08446726
-0.09169865
-0.09787759
-0.10296607
-0.10699088
-0.11003261
-0.11220572
-0.11363344
-0.11442150
-0.11463573
-0.11428732
-0.11332883
-0.11166146
-0.10915282
-0.10566193
-0.10106721
-0.09529263
-0.08832731
-0.08023533
-0.07115396
-0.06128062
-0.05085097
-0.04011185
-0.02929355
-0.01858619
-0.00812364
0.00202251
0.01183862
0.02135568
0.03062963
0.03971939
0.04866619
0.05747781
0.06611998
0.07451572
0.08255205
0.09009219
0.09699051
0.10310742
0.10832167
0.11253832
0.11569187
0.11774493
0.11868389
0.11851333
0.11725105
0.11492503
0.11157304
0.10724450
0.10200357
0.09593201
0.08912990
0.08171326
0.07380774
0.06553888
0.05702044
0.04834263
0.03956293
0.03070158
0.02174339
0.01264640
0.00335643
-0.00617440
-0.01596820
-0.02600446
-0.03620892
-0.04645070
-0.05654877
-0.06628741
-0.07543844
-0.08378689
-0.09115613
-0.09742796
-0.10255451
-0.10655948
-0.10952843
-0.11158947
-0.11288756
-0.11355643
-0.11369312
-0.11333927
-0.11247248
-0.11100933
-0.10881963
-0.10574968
-0.10165058
-0.09640710
-0.08996214
-0.08233281
-0.07361550
-0.06397909
-0.05364747
-0.04287430
-0.03191407
-0.02099428
-0.01029288
0.00007540
0.01006225
0.01967823
0.02897639
0.03803004
0.04690874
0.05565637
0.06427499
0.07271661
0.08088388
0.08863899
0.09581872
0.10225288
0.10778284
0.11227724
0.11564279
0.11782894
0.11882664
0.11866228
0.11738859
0.11507479
0.11179766
0.10763519
0.10266304
0.09695394
0.09057873
0.08360812
0.07611368
0.06816724
0.05983847
0.05119099
0.04227807
0.03313927
0.02379955
0.01427155
0.00456165
-0.00532102
-0.01535386
-0.02549058
-0.03565352
-0.04573073
-0.05557893
-0.06503263
-0.07391852
-0.08207289
-0.08935930
-0.09568339
-0.10100183
-0.10532372
-0.10870355
-0.11122684
-0.11299056
-0.11408184
-0.11455857
-0.11443569
-0.11367959
-0.11221204
-0.10992319
-0.10669149
-0.10240725
-0.09699580
-0.09043617
-0.08277197
-0.07411278
-0.06462542
-0.05451696
-0.04401210
-0.03332877
-0.02265614
-0.01213822
-0.00186577
0.00812285
0.01783244
0.02729543
0.03655323
0.04563776
0.05455628
0.06328201
0.07175140
0.07986816
0.08751246
0.09455335
0.10086176
0.10632190
0.11083923
0.11434442
0.11679316
0.11816318
0.11844959
0.11766048
0.11581392
0.11293710
0.10906775
0.10425691
0.09857183
0.09209767
0.08493660
0.07720363
0.06901922
0.06049955
0.05174605
0.04283606
0.03381689
0.02470449
0.01548790
0.00613901
-0.00337362
-0.01306890
-0.02293815
-0.03293354
-0.04296232
-0.05288828
-0.06254055
-0.07172886
-0.08026283
-0.08797240
-0.09472601
-0.10044360
-0.10510193
-0.10873156
-0.11140556
-0.11322194
-0.11428261
-0.11467241
-0.11444177
-0.11359609
-0.11209367
-0.10985269
-0.10676632
-0.10272345
-0.09763159
-0.09143828
-0.08414726
-0.07582659
-0.06660743
-0.05667326
-0.04624148
-0.03554010
-0.02478334
-0.01414998
-0.00376795
0.00629260
0.01601678
0.02543369
0.03459852
0.04357134
0.05239602
0.06108304
0.06959880
0.07786305
0.08575443
0.09312289
0.09980635
0.10564879
0.11051644
0.11430958
0.11696844
0.11847294
0.11883692
0.11809909
0.11631270
0.11353653
0.10982884
0.10524523
0.09984024
0.09367140
0.08680409
0.07931511
0.07129328
0.06283618
0.05404330
0.04500672
0.03580151
0.02647827
0.01706009
0.00754541
-0.00208284
-0.01184309
-0.02173835
-0.03174002
-0.04177590
-0.05172548
-0.06142418
-0.07067684
-0.07927864
-0.08704004
-0.09381140
-0.09950255
-0.10409327
-0.10763218
-0.11022379
-0.11200539
-0.11311793
-0.11367595
-0.11374236
-0.11331288
-0.11231351
-0.11061184
-0.10804055
-0.10442908
-0.09963783
-0.09358862
-0.08628595
-0.07782495
-0.06838454
-0.05820707
-0.04756792
-0.03674063
-0.02596364
-0.01541450
-0.00519569
0.00466590
0.01420634
0.02350194
0.03264105
0.04169585
0.05069939
0.05963159
0.06841629
0.07692895
0.08501266
0.09249876
0.09922755
0.10506530
0.10991452
0.11371643
0.11644631
0.11810383
0.11870159
0.11825515
0.11677713
0.11427700
0.11076618
0.10626702
0.10082279
0.09450569
0.08741987
0.07969797
0.07149078
0.06295154
0.05421763
0.04539343
0.03653804
0.02766079
0.01872624
0.00966817
0.00041069
-0.00910736
-0.01890918
-0.02896229
-0.03916998
-0.04937384
-0.05936728
-0.06891799
-0.07779555
-0.08579946
-0.09278274
-0.09866701
-0.10344651
-0.10718053
-0.10997562
-0.11196084
-0.11326056
-0.11396931
-0.11413324
-0.11374110
-0.11272605
-0.11097799
-0.10836384
-0.10475254
-0.10004025
-0.09417182
-0.08715510
-0.07906588
-0.07004310
-0.06027521
-0.04998013
-0.03938201
-0.02868846
-0.01807154
-0.00765513
0.00248980
0.01234175
0.02191815
0.03125973
0.04041238
0.04940945
0.05825719
0.06692519
0.07534318
0.08340417
0.09097320
0.09790000
0.10403351
0.10923608
0.11339516
0.11643127
0.11830143
0.11899802
0.11854417
0.11698678
0.11438884
0.11082245
0.10636367
0.10108964
0.09507778
0.08840638
0.08115554
0.07340730
0.06524414
0.05674567
0.04798366
0.03901660
0.02988526
0.02061061
0.01119564
0.00163153
-0.00809215
-0.01797440
-0.02798924
-0.03807432
-0.04812425
-0.05799088
-0.06749147
-0.07642419
-0.08458916
-0.09181156
-0.09796313
-0.10297778
-0.10685827
-0.10967205
-0.11153643
-0.11259509
-0.11298989
-0.11283271
-0.11218258
-0.11103234
-0.10930776
-0.10687951
-0.10358647
-0.09926626
-0.09378805
-0.08708154
-0.07915724
-0.07011422
-0.06013397
-0.04946134
-0.03837591
-0.02715867
-0.01605973
-0.00527244
0.00508195
0.01495693
0.02437084
0.03338664
0.04208544
0.05053853
0.05878279
0.06680347
0.07452683
0.08182317
0.08851933
0.09441785
0.09931962
0.10304614
0.10545843
0.10647026
0.10605445
0.10424247
0.10111811
0.09680694
0.09146336
0.08525692
0.07835953
0.07093440
0.06312762
0.05506261
0.04683765
0.03852658
0.03018243
0.02184387
0.01354360
0.00531801
-0.00278338
-0.01069013
-0.01830627
-0.02551026
-0.03216006
-0.03810327
-0.04319132
-0.04729567
-0.05032360
-0.05223087
-0.05302889
-0.05278500
-0.05161548
-0.04967228
-0.04712571
-0.04414603
-0.04088693
-0.03747388
-0.03399873
-0.03052120
-0.02707598
-0.02368342
-0.02036085
-0.01713162
-0.01402992
-0.01110004
-0.00839073
-0.00594626
-0.00379665
-0.00195010
-0.00038971
0.00092399
0.00204506
0.00303020
0.00392570
0.00475629
0.00551900
0.00618370
0.00670070
0.00701389
0.00707672
0.00686703
0.00639731
0.00571741
0.00490871
0.00407057
0.00330176
0.00268107
0.00225145
0.00201173
0.00191803
0.00189498
0.00189022
