2.054120
2.055633
2.057449
2.052456
2.054423
2.051548
2.055028
2.053969
2.054725
2.051699
2.055331
2.056390
2.055028
2.053969
2.055179
2.052456
2.054574
2.051699
2.056844
2.053364
2.054271
2.054271
2.054877
2.056390
2.054271
2.054120
2.054120
2.056541
2.053969
2.054423
2.054120
2.053969
2.053969
2.054574
2.051548
2.057600
2.054271
2.054877
2.055028
2.054423
2.051245
2.031272
2.004339
1.959703
1.893126
1.822767
1.756494
1.670853
1.592625
1.533463
1.460078
1.396226
1.345991
1.304834
1.265494
1.234778
1.196800
1.167143
1.148834
1.139453
1.139302
1.142025
1.153374
1.174557
1.206029
1.255205
1.312249
1.359911
1.432842
1.515004
1.602007
1.701568
1.801281
1.882989
1.998438
2.111164
2.232514
2.349931
2.455091
2.538614
2.627736
2.721397
2.811426
2.885720
2.960316
3.010399
3.061089
3.098008
3.131448
3.155052
3.167157
3.174874
3.177143
3.166400
3.142493
3.110567
3.071983
3.031129
2.970454
2.895858
2.818387
2.731535
2.632729
2.548904
2.440414
2.325267
2.206035
2.083323
1.973472
1.885410
1.778282
1.663287
1.551469
1.433145
1.315880
1.199523
1.111764
1.015077
0.928982
0.856504
0.794922
0.743325
0.705346
0.668427
0.645276
0.635139
0.632567
0.635593
0.653599
0.681591
0.720931
0.773436
0.831538
0.884951
0.967112
1.044280
1.130677
1.232811
1.334037
1.419527
1.538457
1.653906
1.782822
1.902205
2.026279
2.144755
2.245224
2.361279
2.475367
2.579166
2.679938
2.768757
2.850162
2.926271
2.996630
3.049438
3.102245
3.141586
3.168367
3.194695
3.210432
3.219662
3.216635
3.204077
3.184860
3.152026
3.105422
3.045958
2.980137
2.905239
2.839721
2.753929
2.652702
2.554048
2.449795
2.336010
2.244771
2.117973
2.001010
1.885864
1.776618
1.661623
1.572653
1.462802
1.352346
1.236897
1.126592
1.029149
0.953796
0.874208
0.811717
0.756035
0.711399
0.673874
0.653447
0.636500
0.629994
0.633777
0.649211
0.677808
0.710945
0.758456
0.815953
0.881319
0.961362
1.040799
1.111612
1.211174
1.311795
1.416804
1.532858
1.647400
1.752257
1.872548
1.998438
2.117821
2.245981
2.361128
2.448131
2.553140
2.654518
2.759376
2.846985
2.925817
2.984525
3.043385
3.094074
3.134323
3.174722
3.194998
3.209221
3.217392
3.221780
3.211188
3.194544
3.155809
3.119192
3.065174
3.007373
2.927633
2.847438
2.760284
2.680392
2.576896
2.473097
2.365365
2.249764
2.126598
2.029305
1.910527
1.800374
1.684470
1.574771
1.465677
1.373832
1.265797
1.148986
1.047608
0.958184
0.876326
0.821249
0.762995
0.714274
0.677808
0.652237
0.640132
0.638316
0.637862
0.650875
0.673723
0.710491
0.759515
0.804151
0.868761
0.940633
1.021129
1.105862
1.202852
1.286980
1.391535
1.502445
1.615473
1.744692
1.865588
1.964091
2.085895
2.212088
2.331925
2.440263
2.550265
2.627434
2.731989
2.821867
2.904936
2.983164
3.045655
3.084996
3.128270
3.164736
3.192274
3.211491
3.220267
3.224957
3.214517
3.196360
3.166854
3.121613
3.068654
3.020083
2.947001
2.865898
2.781770
2.683721
2.581889
2.501392
2.389574
2.275184
2.152774
2.030818
1.913553
1.825491
1.717607
1.601401
1.496544
1.382456
1.271546
1.180912
1.074088
0.980124
0.894483
0.824276
0.766627
0.723655
0.684920
0.655263
0.639073
0.633172
0.635290
0.644520
0.665401
0.696722
0.743022
0.798704
0.862708
0.920357
1.001156
1.086041
1.180307
1.285921
1.388357
1.480202
1.593533
1.717759
1.838655
1.960459
2.083172
2.178043
2.300755
2.411968
2.521970
2.620776
2.723213
2.799927
2.885569
2.959862
3.027800
3.081969
3.124336
3.155203
3.186071
3.206800
3.219208
3.221024
3.211491
3.198478
3.168216
3.127362
3.077733
3.019478
2.948665
2.866806
2.802953
2.707022
2.608368
2.506688
2.395929
2.280480
2.179253
2.055482
1.939427
1.825188
1.720936
1.610480
1.525141
1.411054
1.301657
1.184846
1.075752
0.984966
0.915061
0.839255
0.778731
0.728648
0.686130
0.657533
0.643309
0.635139
0.634987
0.643612
0.662980
0.688097
0.732128
0.787205
0.848031
0.918239
0.996314
1.061075
1.150953
1.254751
1.360063
1.472334
1.587481
1.683563
1.807939
1.927020
2.053364
2.170023
2.299999
2.386245
2.499123
2.599744
2.698852
2.794934
2.879668
2.943974
3.018570
3.073496
3.120705
3.155809
3.189248
3.211945
3.220872
3.225411
3.220267
3.201504
3.173361
3.131902
3.090140
3.034307
2.965309
2.887687
2.805828
2.714134
2.633940
2.529536
2.425737
2.307867
2.187273
2.062140
1.969084
1.853332
1.743632
1.630755
1.521359
1.409087
1.321933
1.214200
1.103442
1.008117
0.918844
0.843946
0.795678
0.742115
0.696419
0.665552
0.645276
0.636198
0.635593
0.640283
0.655263
0.684466
0.727135
0.783271
0.831387
0.899476
0.980276
1.058805
1.150347
1.255962
1.337215
1.445704
1.560094
1.677964
1.804308
1.921421
2.021740
2.141275
2.265500
2.383976
2.492162
2.590816
2.669346
2.771783
2.856366
2.937619
3.010702
3.068351
3.110567
3.147940
3.182893
3.204228
3.220116
3.224201
3.223142
3.208011
3.182439
3.146881
3.096949
3.036425
2.989065
2.907509
2.826255
2.739706
2.635302
2.536496
2.450401
2.339037
2.219199
2.093612
1.978314
1.861503
1.776315
1.659504
1.551923
1.439651
1.329044
1.217832
1.127046
1.029754
0.943053
0.866642
0.801882
0.746956
0.709886
0.670394
0.646790
0.636047
0.632869
0.639527
0.650421
0.678262
0.718208
0.770409
0.825940
0.895240
0.957882
1.038832
1.124322
1.228423
1.327077
1.439651
1.530740
1.644979
1.774348
1.895548
2.012813
2.132347
2.236146
2.350688
2.466288
2.575837
2.668136
2.768152
2.838662
2.919311
2.993301
3.054733
3.105725
3.147032
3.175479
3.201202
3.222234
3.228892
3.229648
3.211188
3.190307
3.150059
3.108902
3.051102
2.991486
2.916739
2.829886
2.758014
2.657998
2.557226
2.451460
2.340096
2.221469
2.121907
2.008122
1.889041
1.781762
1.666011
1.555403
1.469459
1.356431
1.247034
1.131585
1.032931
0.944415
0.878596
0.812927
0.756943
0.707767
0.669637
0.650270
0.637862
0.634987
0.636500
0.649059
0.673571
0.704136
0.754825
0.810355
0.875569
0.951678
1.029300
1.098902
1.197102
1.303473
1.409995
1.525293
1.644525
1.746356
1.863772
1.988300
2.101631
2.227975
2.341609
2.431941
2.539976
2.641959
2.745607
2.833518
2.914923
2.978473
3.039148
3.094225
3.139618
3.173058
3.199235
3.216182
3.225260
3.226168
3.216182
3.194393
3.155355
3.105422
3.065325
3.001775
2.929902
2.851826
2.761797
2.663294
2.582494
2.480814
2.366878
2.252639
2.125236
2.011299
1.917336
1.809452
1.700509
1.588691
1.474907
1.359911
1.275934
1.158064
1.055930
0.963934
0.880411
0.812473
0.764357
0.716089
0.678262
0.652691
0.638921
0.635895
0.636047
0.648303
0.671302
0.709129
0.752252
0.807329
0.859531
0.932159
1.016590
1.096633
1.197253
1.301960
1.384121
1.497754
1.609269
1.738639
1.858325
1.982551
2.077422
2.199983
2.321787
2.428309
2.534832
2.635756
2.717312
2.810519
2.892831
2.973631
3.041267
3.096797
3.132658
3.169427
3.194393
3.213004
3.221175
3.223142
3.214517
3.197268
3.163979
3.124185
3.067443
3.006163
2.948816
2.871346
2.785099
2.688563
2.585218
2.485959
2.395929
2.281842
2.160188
2.041107
1.920968
1.811117
1.723508
1.608513
1.498057
1.384121
1.278204
1.164873
1.079686
0.993288
0.901443
0.831084
0.771166
0.719115
0.689156
0.657986
0.640283
0.634685
0.634382
0.645125
0.663585
0.696570
0.740601
0.793257
0.852570
0.926561
0.994196
1.077114
1.169110
1.274875
1.378674
1.492912
1.582790
1.705805
1.825794
1.947447
2.067889
2.189845
2.288045
2.398955
2.512589
2.611243
2.711562
2.807946
2.871648
2.952902
3.023109
3.079548
3.128270
3.166400
3.193636
3.211642
3.223596
3.228740
3.222688
3.202261
3.168519
3.132356
3.085449
3.021142
2.955928
2.874977
2.790848
2.712772
2.611848
2.513346
2.399561
2.285473
2.160037
2.066074
1.950019
1.839260
1.728048
1.617894
1.508649
1.417711
1.307407
1.192714
1.085284
0.994499
0.902200
0.845459
0.786297
0.734095
0.690669
0.660407
0.638619
0.631810
0.630902
0.638316
0.658440
0.690367
0.736970
0.781304
0.837439
0.906739
0.985420
1.067581
1.157156
1.243100
1.346445
1.460683
1.574317
1.698542
1.823373
1.917033
2.040351
2.158070
2.283203
2.395778
2.506840
2.588093
2.687958
2.784645
2.863629
2.945790
3.015695
3.064115
3.113442
3.154901
3.183044
3.207254
3.223293
3.227227
3.225411
3.210583
3.180018
3.139770
3.088627
3.043385
2.973783
2.890562
2.810519
2.718673
2.616993
2.514102
2.427099
2.316189
2.195746
2.072126
1.956223
1.844707
1.758310
1.642709
1.533615
1.418468
1.307407
1.196194
1.106770
1.012353
0.924291
0.848788
0.788415
0.736365
0.700656
0.666762
0.645125
0.634685
0.633323
0.640283
0.653145
0.682045
0.724714
0.775403
0.836229
0.904167
0.967868
1.048970
1.136427
1.240377
1.342813
1.456447
1.543752
1.659958
1.790236
1.907198
2.032029
2.150958
2.253093
2.368088
2.478998
2.582041
2.681754
2.780711
2.843958
2.924304
3.001169
3.062450
3.112836
3.152480
3.176992
3.204530
3.214820
3.225411
3.223747
3.208162
3.186827
3.147789
3.103909
3.046865
2.980592
2.903121
2.839721
2.749238
2.645439
2.544515
2.436934
2.323603
2.226916
2.101934
1.984669
1.874213
1.764665
1.652695
1.565087
1.456598
1.342965
1.230844
1.118572
1.023701
0.949711
0.866037
0.799763
0.748621
0.700202
0.667065
0.650421
0.640283
0.638165
0.643158
0.653750
0.683104
0.714122
0.765416
0.821249
0.888279
0.964388
1.045944
1.114638
1.214049
1.315729
1.422705
1.539213
1.657689
1.759823
1.877542
2.007365
2.124479
2.251277
2.362792
2.451157
2.557074
2.654518
2.762100
2.841840
2.921732
2.982407
3.046563
3.102396
3.145671
3.179111
3.203774
3.214820
3.224050
3.224504
3.214669
3.186979
3.151118
3.114804
3.058667
2.995268
2.919765
2.837754
2.752567
2.667077
2.568120
2.463413
2.352957
2.233725
2.108440
2.016141
1.900541
1.790841
1.680536
1.567357
1.461137
1.366720
1.257626
1.144144
1.046398
0.956671
0.870425
0.817013
0.759515
0.707919
0.674631
0.645428
0.631659
0.626968
0.629843
0.643915
0.671756
0.710793
0.760877
0.806118
0.870274
0.946080
1.029754
1.116152
1.212990
1.295907
1.398949
1.512734
1.627124
1.756645
1.874213
1.997228
2.089375
2.214811
2.335859
2.442986
2.551930
2.630762
2.733804
2.820808
2.903574
2.979986
3.044595
3.097705
3.135684
3.170183
3.199235
3.217392
3.226773
3.225109
3.216938
3.191821
3.159289
3.113896
3.060786
2.998295
2.936711
2.859694
2.773145
2.675096
2.574475
2.469617
2.378074
2.265954
2.136433
2.020529
1.904475
1.798709
1.709436
1.598375
1.488070
1.376555
1.262771
1.149440
1.068338
0.976795
0.894332
0.823519
0.765416
0.716543
0.682196
0.653145
0.638165
0.634836
0.634685
0.646184
0.663131
0.695057
0.743174
0.798099
0.864221
0.934278
1.003729
1.083923
1.177886
1.283500
1.386390
1.503050
1.590507
1.720028
1.843346
1.967420
2.086046
2.208910
2.305295
2.415297
2.527115
2.627131
2.726693
2.821716
2.883904
2.959559
3.028405
3.087114
3.128875
3.168821
3.194998
3.213458
3.225411
3.228286
3.220418
3.199689
3.172604
3.127211
3.075160
3.018873
2.947303
2.866806
2.781013
2.701576
2.601257
2.498366
2.388969
2.273973
2.172596
2.052758
1.937309
1.826550
1.717607
1.604125
1.493972
1.403186
1.293486
1.179702
1.076357
0.983302
0.897509
0.837439
0.777218
0.721839
0.680986
0.652993
0.640132
0.636652
0.634382
0.644217
0.664341
0.698386
0.748016
0.790382
0.852117
0.920054
1.001913
1.082561
1.176827
1.261711
1.361727
1.479295
1.591112
1.714732
1.837444
1.931408
2.051094
2.171688
2.296367
2.406521
2.522424
2.600803
2.705055
2.794934
2.874220
2.952750
3.026287
3.069713
3.126606
3.160651
3.191215
3.210583
3.224050
3.227984
3.224504
3.209978
3.174268
3.131296
3.080607
3.033096
2.967276
2.885720
2.802499
2.707779
2.602467
2.524240
2.414389
2.300150
2.179859
2.063047
1.945934
1.852273
1.743330
1.628032
1.518786
1.406212
1.293335
1.204365
1.096633
1.005090
0.918239
0.844097
0.785692
0.739694
0.693090
0.660861
0.642856
0.635441
0.636349
0.641494
0.656322
0.686584
0.733944
0.787053
0.843946
0.900082
0.979368
1.060016
1.148229
1.253692
1.360365
1.445704
1.561758
1.682352
1.806426
1.926415
2.047009
2.141123
2.264289
2.376108
2.487623
2.597777
2.700970
2.776323
2.858181
2.936711
3.012820
3.067141
3.117225
3.153236
3.181229
3.203320
3.218754
3.225411
3.222536
3.214214
3.182439
3.143401
3.094377
3.034912
2.967730
2.886325
2.823531
2.733199
2.629400
2.528628
2.418626
2.306354
2.208305
2.089829
1.972261
1.857417
1.751955
1.635749
1.548594
1.439349
1.324202
1.211779
1.102836
1.010538
0.939119
0.859228
0.795375
0.739240
0.695057
0.661921
0.646487
0.638165
0.636349
0.640889
0.656473
0.683255
0.716089
0.769199
0.825183
0.891003
0.969230
1.050786
1.119783
1.225094
1.332070
1.441921
1.556462
1.675543
1.778585
1.895548
2.018411
2.131137
2.257027
2.370812
2.462203
2.573264
2.670859
2.768606
2.850616
2.928389
2.992999
3.053069
3.105422
3.149302
3.181531
3.205741
3.218602
3.226622
3.223293
3.213155
3.187433
3.149302
3.109205
3.052010
2.985736
2.909173
2.826104
2.733804
2.652551
2.553292
2.449190
2.339490
2.216778
2.093158
2.002069
1.886166
1.780401
1.667372
1.557824
1.442224
1.354918
1.241587
1.129618
1.031267
0.940330
0.860741
0.809447
0.754371
0.707465
0.671453
0.647546
0.633928
0.632718
0.636349
0.650421
0.676446
0.712912
0.766929
0.811112
0.879806
0.956066
1.040194
1.123717
1.222371
1.302565
1.406666
1.523477
1.636808
1.767993
1.886015
1.986182
2.103145
2.227673
2.344030
2.458117
2.559646
2.643018
2.748028
2.832307
2.909627
2.989367
3.050194
3.098462
3.140224
3.174874
3.202564
3.219510
3.231918
3.227681
3.217695
3.198327
3.159743
3.112231
3.057608
2.991637
2.932777
2.849557
2.763461
2.657242
2.560252
2.455697
2.368088
2.253244
2.123723
2.008425
1.887226
1.783730
1.691582
1.579915
1.471880
1.359457
1.245824
1.131131
1.052904
0.963934
0.885556
0.817618
0.758305
0.708524
0.676900
0.650875
0.637257
0.633323
0.637560
0.647849
0.665552
0.699899
0.747108
0.807026
0.871938
0.949408
1.013110
1.098751
1.193925
1.300447
1.406968
1.519845
1.611388
1.737731
1.856207
1.979827
2.098000
2.225403
2.319215
2.429822
2.537707
2.637117
2.743640
2.827919
2.892983
2.970454
3.035517
3.089686
3.131145
3.169427
3.193636
3.213306
3.222991
3.224806
3.212702
3.196208
3.168216
3.123428
3.071378
3.011005
2.937771
2.854701
2.787368
2.685688
2.584008
2.478544
2.365970
2.252941
2.151412
2.030213
1.916277
1.806426
1.692944
1.581731
1.494274
1.379884
1.271395
1.158972
1.060621
0.971500
0.902503
0.830177
0.769502
0.716543
0.678565
0.652085
0.640889
0.634987
0.636047
0.645428
0.667973
0.703077
0.741207
0.796889
0.856353
0.930041
1.009478
1.093001
1.167748
1.272757
1.374740
1.488524
1.601401
1.729712
1.828517
1.949565
2.070764
2.192871
2.312860
2.423165
2.512286
2.612151
2.712924
2.805979
2.886930
2.964553
3.021899
3.078035
3.126606
3.163374
3.192577
3.209524
3.226319
3.227076
3.222688
3.202261
3.168367
3.124033
3.085903
3.025379
2.955474
2.874674
2.792664
2.692951
2.585672
2.507899
2.394719
2.284262
2.160037
2.041259
1.925507
1.834872
1.725173
1.609421
1.503353
1.389265
1.284105
1.192260
1.084377
0.994650
0.906134
0.834565
0.787205
0.733187
0.690669
0.657986
0.641342
0.633626
0.634685
0.642553
0.662828
0.694452
0.740904
0.795224
0.842281
0.911430
0.993591
1.073028
1.163058
1.270487
1.352800
1.462499
1.577646
1.698391
1.822314
1.943967
2.067284
2.159432
2.289710
2.399409
2.510319
2.609881
2.688714
2.784645
2.867411
2.946698
3.013577
3.073798
3.122672
3.151118
3.189702
3.210432
3.223898
3.226773
3.225563
3.210129
3.176387
3.137349
3.086811
3.028708
2.962585
2.895101
2.812940
2.720035
2.614572
2.515313
2.403646
2.313617
2.193779
2.070310
1.956525
1.845615
1.733343
1.639683
1.531950
1.415291
1.311341
1.197707
1.088008
1.012807
0.922929
0.847123
0.784632
0.732885
0.689156
0.667670
0.646487
0.638014
0.637106
0.645125
0.663434
0.689005
0.726832
0.778580
0.838650
0.906437
0.988295
1.052753
1.140664
1.244462
1.347050
1.453723
1.568113
1.666011
1.794473
1.913856
2.040502
2.153985
2.280934
2.369299
2.480814
2.585823
2.685082
2.784493
2.861359
2.927027
2.999808
3.062299
3.115409
3.157170
3.189097
3.208011
3.221780
3.225411
3.222536
3.207708
3.179111
3.147638
3.101186
3.042931
2.980894
2.899035
2.817630
2.744396
2.640597
2.537858
2.429369
2.315432
2.196957
2.093612
1.981038
1.864075
1.755737
1.640591
1.529378
1.440257
1.331919
1.223127
1.109948
1.015531
0.925804
0.860287
0.797645
0.743628
0.700050
0.666762
0.645730
0.640132
0.634685
0.638468
0.653447
0.680834
0.726227
0.766173
0.823519
0.887220
0.967112
1.045036
1.133703
1.217983
1.322840
1.430270
1.543904
1.662833
1.790841
1.881476
2.008425
2.126143
2.252033
2.367029
2.478998
2.557679
2.662083
2.762705
2.846985
2.925817
2.998446
3.048832
3.097554
3.142947
3.177446
3.201958
3.219510
3.225411
3.225260
3.212702
3.187130
3.150513
3.103153
3.059878
2.996630
2.923699
2.838814
2.749995
2.644683
2.560857
2.456453
2.344030
2.228580
2.106473
1.989057
1.895699
1.785394
1.671155
1.559640
1.451000
1.337366
1.249758
1.136124
1.039286
0.948652
0.868761
0.804303
0.760423
0.712761
0.672815
0.650270
0.640132
0.634685
0.636349
0.651631
0.673420
0.712155
0.761633
0.822006
0.877385
0.950922
1.029300
1.116000
1.214805
1.316939
1.400462
1.515911
1.633630
1.756796
1.881324
2.002069
2.095125
2.220107
2.335859
2.451006
2.559193
2.656031
2.737739
2.826860
2.903423
2.981651
3.046563
3.099219
3.135533
3.171091
3.198024
3.216787
3.228438
3.225714
3.219964
3.194544
3.161407
3.115560
3.060483
2.998597
2.920067
2.856517
2.771329
2.671767
2.571146
2.467347
2.348720
2.260204
2.132801
2.017049
1.898422
1.790690
1.674635
1.586876
1.479597
1.367023
1.257929
1.146716
1.045490
0.974677
0.888582
0.820493
0.761331
0.712912
0.672815
0.653145
0.638770
0.633020
0.634382
0.650572
0.673420
0.702320
0.753311
0.808993
0.873451
0.947895
1.025669
1.093001
1.187721
1.292427
1.398646
1.512129
1.624249
1.726534
1.843800
1.965907
2.088770
2.211028
2.331017
2.420290
2.530292
2.635756
2.736831
2.825801
2.902061
2.958500
3.028557
3.084542
3.134777
3.166703
3.200445
3.213306
3.223596
3.226168
3.220569
3.198175
3.162466
3.126606
3.078338
3.013728
2.938527
2.860602
2.776777
2.698095
2.593540
2.489893
2.375956
2.267921
2.141426
2.047160
1.934283
1.822465
1.705351
1.594895
1.484742
1.392745
1.284408
1.173952
1.073028
0.981637
0.896299
0.840163
0.780396
0.731977
0.689610
0.659651
0.643158
0.639678
0.639527
0.646790
0.667216
0.698386
0.745292
0.791593
0.853630
0.924896
1.005090
1.088159
1.183484
1.266856
1.370806
1.484590
1.598526
1.723660
1.843346
1.939730
2.060929
2.183339
2.304387
2.415145
2.528780
2.606250
2.709746
2.800532
2.881029
2.958046
3.026136
3.072134
3.121613
3.161256
3.189853
3.212550
3.226168
3.228438
3.223747
3.204833
3.171091
3.129481
3.077581
3.032037
2.962434
2.882542
2.798414
2.702181
2.599290
2.516523
2.404100
2.292736
2.165484
2.048219
1.931710
1.843497
1.733041
1.618045
1.509254
1.396226
1.287737
1.198161
1.092699
1.001156
0.912338
0.837742
0.774041
0.731977
0.687189
0.657230
0.637711
0.630599
0.631659
0.638316
0.658289
0.689156
0.737575
0.792803
0.853024
0.909614
0.989808
1.071818
1.162150
1.266553
1.368990
1.457808
1.569929
1.688253
1.814597
1.934131
2.055936
2.151564
2.276546
2.388666
2.499728
2.601559
2.700062
2.781013
2.857425
2.939284
3.011156
3.069108
3.117981
3.151875
3.183952
3.208616
3.223293
3.228286
3.221629
3.209978
3.178203
3.139467
3.087114
3.030978
2.964855
2.902213
2.820203
2.729265
2.623953
2.520003
2.409547
2.319669
2.199831
2.078330
1.960459
1.848944
1.737429
1.642709
1.531950
1.422856
1.313157
1.203760
1.094666
1.018860
0.930041
0.852873
0.794165
0.740299
0.694603
0.660105
0.643158
0.631507
0.631507
0.639527
0.655566
0.677808
0.721688
0.774949
0.834867
0.903410
0.981637
1.046095
1.129467
1.235384
1.339031
1.448125
1.561910
1.655268
1.783578
1.899633
2.026733
2.145360
2.270493
2.362036
2.472189
2.577199
2.676609
2.776777
2.857122
2.926120
2.997841
3.058062
3.109356
3.150059
3.183347
3.207557
3.216484
3.223293
3.219056
3.206346
3.178354
3.141586
3.103758
3.048681
2.984071
2.904331
2.823985
2.735620
2.648466
2.550417
2.444046
2.329655
2.210120
2.086046
1.992386
1.873759
1.766329
1.649669
1.542996
1.429514
1.339031
1.230542
1.117513
1.023248
0.933672
0.857261
0.805816
0.751193
0.703379
0.669335
0.647395
0.636500
0.632567
0.637560
0.650724
0.675236
0.716392
0.770863
0.817769
0.885858
0.960605
1.042313
1.127954
1.233568
1.319512
1.426487
1.542542
1.656024
1.784637
1.902054
1.998741
2.116460
2.242955
2.354470
2.466893
2.571449
2.650130
2.750902
2.836393
2.917192
2.993604
3.056549
3.093469
3.136441
3.171242
3.201807
3.220872
3.229346
3.227984
3.215576
3.190610
3.154901
3.109659
3.054280
2.986190
2.927330
2.848044
2.758014
2.652702
2.551476
2.438144
2.351747
2.236902
2.116611
1.996925
1.881173
1.772230
1.676602
1.566751
1.457506
1.345688
1.240982
1.123112
1.048819
0.956369
0.873602
0.808237
0.751042
0.702623
0.674479
0.650875
0.637408
0.632415
0.635593
0.644671
0.667519
0.708070
0.758759
0.817467
0.880563
0.942902
1.021129
1.104501
1.203609
1.310736
1.413324
1.505774
1.617289
1.747264
1.861805
1.983610
2.104052
2.230699
2.325570
2.437842
2.547239
2.646044
2.748935
2.817781
2.897522
2.973631
3.038543
3.091502
3.135231
3.173663
3.197116
3.217089
3.223293
3.225260
3.213004
3.191215
3.163223
3.121915
3.069259
3.007373
2.931264
2.849103
2.781013
2.680241
2.575988
2.476123
2.362943
2.248099
2.147327
2.026733
1.910225
1.800676
1.687497
1.573863
1.489281
1.376101
1.266705
1.152466
1.050483
0.957882
0.890852
0.821249
0.764811
0.718510
0.677505
0.651631
0.642250
0.634987
0.636349
0.647546
0.671756
0.708826
0.746049
0.801277
0.864373
0.936850
1.019919
1.102080
1.177583
1.283500
1.384121
1.499419
1.614414
1.744540
1.839411
1.962578
2.083626
2.204068
2.323603
2.436934
2.526510
2.622894
2.724726
2.811578
2.892529
2.971210
3.024622
3.083482
3.130540
3.168821
3.193939
3.217089
3.228740
3.226017
3.214820
3.197419
3.162618
3.116619
3.080153
3.020537
2.951086
2.870286
2.784947
2.684175
2.603375
2.500938
2.386699
2.274730
2.150202
2.034904
1.940335
1.827155
1.716699
1.599434
1.490038
1.373832
1.285921
1.174103
1.071061
0.980276
0.896148
0.827302
0.780396
0.729556
0.686433
0.657381
0.641342
0.635290
0.636652
0.644369
0.663282
0.697630
0.744535
0.800671
0.848334
0.918844
0.998584
1.079232
1.172136
1.276540
1.359760
1.471880
1.582639
1.705351
1.829576
1.953953
2.053364
2.173958
2.296973
2.405008
2.516977
2.614572
2.693253
2.790546
2.873010
2.954112
3.021596
3.079397
3.118132
3.159743
3.190005
3.207405
3.219510
3.221326
3.220872
3.203320
3.174420
3.133566
3.083785
3.028557
2.955474
2.891016
2.807644
2.713075
2.609730
2.505780
2.417264
2.306354
2.181674
2.065015
1.946236
1.832300
1.744692
1.626519
1.517273
1.404699
1.297118
1.184846
1.083923
1.007511
0.917028
0.841071
0.781304
0.732431
0.691426
0.667670
0.650118
0.637711
0.641191
0.644369
0.660861
0.687946
0.734095
0.788264
0.852722
0.922778
0.986328
1.067279
1.152163
1.253692
1.356129
1.462196
1.553134
1.669642
1.797347
1.918395
2.044285
2.165030
2.266408
2.379588
2.487320
2.589909
2.691891
2.787519
2.855609
2.937014
3.008432
3.066384
3.111324
3.155203
3.181683
3.204984
3.220721
3.226319
3.223293
3.204379
3.179262
3.147184
3.098765
3.041721
2.972723
2.893286
2.810519
2.739706
2.632578
2.531503
2.422257
2.309531
2.189088
2.091040
1.972564
1.857569
1.748626
1.631361
1.522267
1.431329
1.320117
1.211931
1.101475
1.011143
0.924291
0.862859
0.798553
0.746200
0.701412
0.666460
0.641645
0.635895
0.633928
0.641040
0.656625
0.687038
0.733490
0.774343
0.830782
0.896148
0.974223
1.055174
1.139756
1.223581
1.326774
1.434053
1.550107
1.670853
1.798255
1.892219
2.017200
2.133104
2.260355
2.370509
2.487472
2.570087
2.671162
2.769060
2.848951
2.931718
3.001169
3.053674
3.104363
3.146125
3.178505
3.204682
3.220116
3.227227
3.223293
3.209221
3.179564
3.141283
3.098613
3.051556
2.989519
2.917344
2.830643
2.741673
2.637269
2.555864
2.446921
2.332833
2.215719
2.092553
1.975742
1.883897
1.775862
1.658899
1.551167
1.436474
1.326774
1.240225
1.128105
1.028846
0.937606
0.860741
0.797494
0.753463
0.706405
0.669789
0.649211
0.635290
0.632415
0.635895
0.651178
0.676446
0.714576
0.766929
0.826545
0.878898
0.953796
1.034898
1.118875
1.220253
1.323900
1.406061
1.522115
1.635446
1.767993
1.883443
2.010543
2.105263
2.230850
2.346299
2.460841
2.561765
2.662537
2.746061
2.831551
2.910535
2.987703
3.048530
3.100580
3.135382
3.171394
3.197873
3.215274
3.223444
3.223747
3.215728
3.194544
3.159289
3.113291
3.062602
2.996933
2.916587
2.853945
2.769514
2.667077
2.566002
2.460841
2.347812
2.254757
2.127203
2.015234
1.893883
1.782519
1.664044
1.578100
1.466736
1.354162
1.245521
1.130828
1.033839
0.964086
0.881168
0.814440
0.756943
0.708978
0.671604
0.651178
0.637862
0.635895
0.639224
0.653599
0.670243
0.705952
0.753765
0.815046
0.879655
0.953645
1.032629
1.097087
1.191050
1.295907
1.400008
1.515609
1.629394
1.733495
1.852424
1.975288
2.099967
2.225857
2.339339
2.428309
2.537101
2.636209
2.739554
2.827768
2.907660
2.970302
3.032491
3.089232
3.134777
3.168367
3.203471
3.214517
3.224806
3.223293
3.211491
3.190307
3.156717
3.121310
3.071529
3.009340
2.939435
2.855307
2.771329
2.691891
2.586731
2.479906
2.368088
2.254303
2.128565
2.036871
1.926112
1.812024
1.700812
1.582639
1.469459
1.379430
1.270941
1.158064
1.060924
0.974223
0.892365
0.835321
0.775100
0.722444
0.677959
0.649816
0.636500
0.635895
0.634382
0.644974
0.664795
0.699445
0.751950
0.798099
0.863162
0.935791
1.015077
1.098146
1.188175
1.273211
1.374740
1.487768
1.600342
1.726534
1.852122
1.946690
2.071672
2.193325
2.315432
2.425132
2.534680
2.612756
2.713831
2.805223
2.886174
2.966822
3.031583
3.075614
3.124487
3.162920
3.193485
3.214820
3.223293
3.226470
3.219964
3.201202
3.168670
3.127362
3.080607
3.028708
2.958046
2.876944
2.794783
2.698549
2.598836
2.492011
2.400317
2.285170
2.158675
2.040200
1.923994
1.810360
1.721541
1.605487
1.496846
1.383667
1.276540
1.165025
1.083923
0.991019
0.904772
0.833354
0.775403
0.724563
0.692334
0.662677
0.644369
0.639224
0.642856
0.646336
0.661315
0.690821
0.738029
0.793257
0.856202
0.913246
0.993742
1.073785
1.165781
1.272000
1.372167
1.460683
1.576738
1.692641
1.815505
1.939276
2.063350
2.186819
2.286381
2.397896
2.510168
2.605796
2.713983
2.803256
2.868924
2.944125
3.016603
3.070167
3.121461
3.161861
3.186525
3.206346
3.222083
3.225865
3.221477
3.208011
3.177598
3.140678
3.090443
3.032491
2.963342
2.885417
2.819597
2.727752
2.621835
2.515767
2.402889
2.294854
2.192871
2.070159
1.955163
1.838504
1.726988
1.614111
1.526503
1.414231
1.307256
1.196346
1.089521
0.994650
0.925653
0.847880
0.788567
0.740904
0.697176
0.666308
0.649513
0.638316
0.634382
0.642553
0.658894
0.690669
0.724411
0.778429
0.838953
0.911278
0.996466
1.071818
1.142479
1.244159
1.344326
1.456749
1.567962
1.688404
1.790992
1.909922
2.033239
2.152320
2.280026
2.391239
2.481571
2.583554
2.684326
2.786309
2.864839
2.942461
2.999505
3.058365
3.110113
3.152328
3.189551
3.210280
3.224504
3.226622
3.224050
3.213761
3.181077
3.140829
3.100883
3.042780
2.977565
2.897825
2.818841
2.728811
2.645439
2.546029
2.437388
2.323906
2.199226
2.080146
1.986787
1.868463
1.759066
1.640893
1.531496
1.418922
1.332070
1.224035
1.116152
1.019767
0.930343
0.853024
0.802033
0.747259
0.701261
0.664493
0.644823
0.634382
0.632415
0.636954
0.651178
0.681288
0.724865
0.778429
0.826848
0.892062
0.971802
1.048365
1.133855
1.233870
1.315578
1.421797
1.537851
1.655722
1.785697
1.904323
2.002069
2.122663
2.251579
2.361128
2.472795
2.575685
2.655728
2.755593
2.846985
2.922791
2.997538
3.057306
3.106784
3.143855
3.178657
3.204682
3.220569
3.225714
3.224504
3.214517
3.189248
3.154144
3.106633
3.048076
2.985282
2.922640
2.843050
2.758165
2.651492
2.548450
2.441322
2.347964
2.233271
2.107835
1.997379
1.876331
1.766631
1.671155
1.558127
1.448427
1.337971
1.229785
1.122204
1.043523
0.953342
0.871333
0.807178
0.753311
0.705952
0.678565
0.654506
0.642856
0.638316
0.640283
0.655717
0.672815
0.712155
0.764357
0.822157
0.890549
0.963783
1.024912
1.110099
1.211174
1.316183
1.425731
1.539818
1.630453
1.757704
1.876936
1.999649
2.114039
2.240080
2.330714
2.441020
2.550114
2.653156
2.754231
2.837906
2.899640
2.978019
3.039148
3.091502
3.138862
3.176841
3.198478
3.217241
3.225411
3.227984
3.214669
3.188038
3.165946
3.119494
3.064417
3.002985
2.928087
2.846379
2.776171
2.674945
2.573718
2.470525
2.356135
2.242804
2.136887
2.017957
1.896607
1.790387
1.672971
1.563120
1.475512
1.363543
1.255356
1.143841
1.046852
0.957882
0.891306
0.824729
0.766021
0.713366
0.674631
0.647395
0.640435
0.633474
0.636954
0.650724
0.670696
0.709129
0.748470
0.808237
0.873451
0.946080
1.024912
1.109797
1.184392
1.289855
1.393199
1.507287
1.620466
1.748474
1.843497
1.967117
2.086652
2.208910
2.325873
2.437085
2.525753
2.626072
2.728811
2.817328
2.902364
2.974690
3.041116
3.084542
3.129329
3.165341
3.196208
3.216484
3.227227
3.229043
3.221931
3.197116
3.162466
3.116771
3.067443
3.021596
2.949421
2.868924
2.788730
2.687050
2.583100
2.501846
2.385035
2.273217
2.148386
2.025069
1.906139
1.821860
1.711706
1.595349
1.489584
1.376555
1.267915
1.175919
1.071818
0.981940
0.896450
0.826394
0.766475
0.725319
0.682801
0.654809
0.639527
0.634231
0.635593
0.641494
0.663585
0.698083
0.749075
0.805362
0.867701
0.925350
1.004183
1.084377
1.179096
1.282743
1.385331
1.475663
1.591415
1.714581
1.837293
1.958492
2.078784
2.177891
2.300604
2.411514
2.525299
2.624105
2.725634
2.797657
2.876490
2.952902
3.022353
3.079851
3.133415
3.158532
3.193031
3.214366
3.230556
3.229346
3.219359
3.208162
3.172604
3.129329
3.080305
3.020840
2.949573
2.886325
2.800986
2.708082
2.603829
2.504116
2.389877
2.301966
2.179556
2.056390
1.938217
1.824886
1.713522
1.621072
1.511675
1.397890
1.290914
1.177734
1.076811
1.005242
0.914910
0.838953
0.779337
0.727286
0.684314
0.659500
0.642553
0.637257
0.632869
0.641494
0.663888
0.688248
0.733187
0.784330
0.846064
0.914910
0.994045
1.060167
1.149288
1.254297
1.359911
1.473999
1.585211
1.683714
1.808090
1.932770
2.052002
2.172445
2.294703
2.385338
2.498063
2.599895
2.696885
2.792513
2.872707
2.935501
3.008432
3.067443
3.117678
3.158532
3.191518
3.209826
3.223898
3.228589
3.225411
3.208313
3.176690
3.146125
3.097100
3.036879
2.969546
2.891923
2.807795
2.712772
2.627736
2.524997
2.414238
2.301058
2.180615
2.062442
1.970446
1.853332
1.743784
1.629545
1.522267
1.407725
1.318906
1.206181
1.097843
1.004637
0.917180
0.847123
0.796889
0.744082
0.697024
0.664190
0.643309
0.636652
0.635139
0.639375
0.654960
0.687189
0.732279
0.776613
0.835926
0.899022
0.977703
1.056536
1.142782
1.231903
1.331162
1.441618
1.557068
1.676754
1.802643
1.922027
2.024009
2.142939
2.267316
2.378982
2.489590
2.573718
2.673886
2.768001
2.852885
2.930205
3.009794
3.065779
3.107541
3.150664
3.178808
3.205741
3.222234
3.228892
3.227378
3.212702
3.185617
3.143553
3.097100
3.039602
2.987249
2.912048
2.824590
2.742429
2.634696
2.533621
2.443743
2.336313
2.211785
2.090283
1.973926
1.859838
1.772533
1.655722
1.545871
1.434507
1.323900
1.216772
1.127500
1.033385
0.942297
0.862254
0.799461
0.747562
0.705800
0.672361
0.646336
0.634382
0.632869
0.638921
0.651631
0.677354
0.716392
0.768594
0.828361
0.894634
0.959849
1.041253
1.124776
1.224792
1.327985
1.436474
1.529983
1.648307
1.775256
1.891159
2.019470
2.135222
2.235087
2.349326
2.459782
2.569330
2.665564
2.766033
2.836998
2.913863
2.986946
3.050194
3.103607
3.144914
3.178354
3.206044
3.220569
3.226319
3.224352
3.211491
3.191669
3.157322
3.110416
3.057306
2.992847
2.916436
2.834728
2.764520
2.659662
2.557679
2.455545
2.340096
2.247948
2.121453
2.008273
1.890252
1.780249
1.663287
1.570837
1.459776
1.347504
1.242192
1.130072
1.035504
0.964842
0.881773
0.815197
0.758153
0.711853
0.671453
0.652539
0.636349
0.631053
0.632869
0.648605
0.672361
0.705800
0.758305
0.818223
0.887069
0.957579
1.035050
1.099054
1.196800
1.303321
1.410449
1.526503
1.639380
1.745146
1.859536
1.986787
2.104960
2.232060
2.347056
2.434816
2.541943
2.639236
2.746363
2.830340
2.904634
2.969697
3.037333
3.097705
3.139316
3.175933
3.201656
3.220267
3.225260
3.225260
3.215425
3.193031
3.159743
3.110416
3.069562
3.011459
2.935198
2.853339
2.768757
2.667379
2.582948
2.476123
2.365970
2.250218
2.124479
2.008273
1.912494
1.803551
1.685983
1.572501
1.464315
1.352194
1.269277
1.160031
1.057746
0.967566
0.882227
0.816710
0.770107
0.718510
0.678413
0.651631
0.637560
0.631507
0.633172
0.647092
0.669789
0.705195
0.755430
0.811566
0.864221
0.937304
1.016136
1.097087
1.190293
1.294394
1.375648
1.488978
1.605487
1.735310
1.857115
1.980432
2.076060
2.201344
2.316946
2.426796
2.536345
2.635756
2.716707
2.809914
2.890713
2.966520
3.029919
3.088475
3.123580
3.164433
3.196965
3.218451
3.226168
3.227530
3.219359
3.200143
3.172453
3.124487
3.072285
3.013577
2.953355
2.875582
2.790697
2.695069
2.590816
2.485051
2.397896
2.281539
2.155498
2.037476
1.918849
1.809755
1.719726
1.602915
1.492761
1.379884
1.273967
1.162755
1.081350
0.988749
0.902351
0.829874
0.773587
0.725470
0.692182
0.661315
0.645276
0.634382
0.634382
0.645428
0.660559
0.693090
0.739240
0.794014
0.857412
0.930041
0.994953
1.075752
1.166840
1.271244
1.375648
1.491702
1.581731
1.699904
1.824583
1.946993
2.069856
2.194989
2.290920
2.401074
2.510925
2.609579
2.711108
2.807946
2.870438
2.951237
3.020386
3.077430
3.123580
3.160953
3.193334
3.209978
3.223142
3.226319
3.220267
3.202110
3.169124
3.135231
3.090594
3.027498
2.958803
2.879668
2.799019
2.721094
2.616236
2.512741
2.400469
2.288802
2.160945
2.067889
1.949716
1.837596
1.728350
1.612296
1.503201
1.410600
1.302414
1.191504
1.084679
0.994045
0.907647
0.848485
0.787356
0.734398
0.694452
0.662374
0.644217
0.638316
0.636954
0.645276
0.664795
0.696268
0.731069
0.784481
0.843341
0.911430
0.992986
1.074239
1.143841
1.246883
1.347504
1.459927
1.572804
1.694003
1.821860
1.918547
2.038989
2.158070
2.283960
2.396534
2.510471
2.589001
2.689319
2.783283
2.863931
2.945033
3.016906
3.066233
3.110113
3.153236
3.185163
3.209070
3.224352
3.225865
3.226773
3.208616
3.180321
3.138257
3.090291
3.041872
2.977868
2.895706
2.814150
2.720943
2.618052
2.540279
2.428158
2.314827
2.197713
2.073639
1.955618
1.862259
1.753468
1.637110
1.530891
1.419678
1.310282
1.225700
1.115395
1.015985
0.930646
0.850906
0.789323
0.745141
0.697176
0.667670
0.646487
0.638316
0.638619
0.642250
0.656473
0.682801
0.726378
0.781304
0.837137
0.891760
0.970894
1.052148
1.139151
1.240982
1.342057
1.429968
1.547989
1.666313
1.794473
1.914007
2.033996
2.127203
2.252336
2.366424
2.481268
2.584159
2.684477
2.765579
2.847741
2.925514
3.001321
3.059726
3.110264
3.145368
3.181380
3.206346
3.221780
3.226319
3.224201
3.213609
3.189551
3.156717
3.104212
3.048378
2.981802
2.923245
2.837754
2.753626
2.641959
2.545121
2.433000
2.341609
2.223738
2.099967
1.985577
1.869371
1.761790
1.667675
1.555403
1.442526
1.332676
1.222371
1.112823
1.035957
0.946988
0.865734
0.802184
0.746200
0.702623
0.676295
0.650270
0.637408
0.633626
0.635441
0.651480
0.674177
0.712155
0.765567
0.822762
0.889490
0.967566
1.031267
1.112974
1.211931
1.318604
1.422402
1.540272
1.634992
1.765724
1.879811
2.007668
2.125841
2.251277
2.341609
2.455697
2.562370
2.659965
2.760889
2.843656
2.904331
2.982256
3.046260
3.097403
3.145217
3.180170
3.203623
3.218148
3.226168
3.226470
3.212550
3.186827
3.158381
3.113291
3.060786
2.999959
2.924455
2.840478
2.752718
2.669044
2.565396
2.459631
2.349174
2.232060
2.105868
2.015082
1.895396
1.787361
1.672366
1.562061
1.454177
1.363391
1.253087
1.139907
1.040497
0.951829
0.872695
0.819434
0.760574
0.711701
0.675992
0.649513
0.637560
0.635441
0.639073
0.651178
0.677808
0.715787
0.762390
0.810052
0.871938
0.946231
1.027030
1.109948
1.207694
1.291973
1.393805
1.509557
1.624703
1.753316
1.871489
1.972261
2.090586
2.216324
2.331925
2.446164
2.551627
2.632880
2.735166
2.823077
2.902061
2.980289
3.043839
3.086206
3.133112
3.169729
3.199689
3.217392
3.226319
3.227378
3.216787
3.199235
3.165493
3.117527
3.061089
3.013728
2.940645
2.861964
2.773750
2.673734
2.572962
2.490952
2.378074
2.265651
2.142031
2.023404
1.903113
1.814748
1.699753
1.586573
1.477933
1.369292
1.259442
1.167597
1.068338
0.976493
0.891760
0.823973
0.765265
0.726530
0.683709
0.656473
0.642856
0.638014
0.638619
0.647697
0.668427
0.702925
0.749983
0.804605
0.869971
0.929284
1.007511
1.094514
1.186359
1.291368
1.394712
1.485801
1.597619
1.724567
1.845464
1.968328
2.088013
2.187121
2.309077
2.418626
2.529233
2.628190
2.730476
2.802650
2.884358
2.961526
3.028557
3.086357
3.134474
3.165493
3.197873
3.214971
3.226319
3.226622
3.218602
3.203925
3.173512
3.132658
3.080759
3.025077
2.948665
2.883299
2.799927
2.702937
2.599290
2.493524
2.384581
2.290769
2.167300
2.050337
1.934434
1.822616
1.707318
1.614111
1.504866
1.386693
1.281836
1.171077
1.068943
0.996163
0.909614
0.840012
0.779639
0.728194
0.684163
0.659348
0.641796
0.634534
0.637560
0.646336
0.665552
0.689459
0.734852
0.788415
0.854537
0.925199
1.005847
1.071061
1.158216
1.261106
1.364753
1.478689
1.592474
1.692792
1.814294
1.935493
2.063047
2.184398
2.304841
2.391390
2.503662
2.602165
2.707477
2.799776
2.883450
2.942613
3.013274
3.070772
3.122520
3.162315
3.197873
3.211339
3.225714
3.232069
3.224504
3.211037
3.173512
3.134777
3.092107
3.035366
2.966217
2.887082
2.803710
2.708233
2.625164
2.521819
2.413027
2.302571
2.179707
2.077271
1.963486
1.843648
1.732436
1.617743
1.511523
1.400311
1.312854
1.204819
1.095725
1.003275
0.915515
0.840163
0.788415
0.738029
0.690972
0.660105
0.644974
0.638468
0.637560
0.643461
0.660105
0.690215
0.738483
0.780850
0.842735
0.910068
0.985117
1.065312
1.149591
1.235837
1.340090
1.449940
1.562212
1.683714
1.806426
1.903113
2.026733
2.150958
2.276546
2.387910
2.499728
2.577501
2.681905
2.784493
2.861964
2.939132
3.010551
3.057911
3.106482
3.150967
3.185617
3.209524
3.224050
3.229194
3.226470
3.210583
3.185314
3.148848
3.095587
3.036576
2.983618
2.904936
2.821716
2.730930
2.625618
2.524694
2.436631
2.325267
2.207246
2.081810
1.966360
1.846372
1.759974
1.643163
1.535733
1.422553
1.315124
1.204365
1.117059
1.027182
0.935034
0.859228
0.796132
0.743779
0.706103
0.670696
0.648605
0.639829
0.636652
0.641494
0.652691
0.681137
0.726832
0.777218
0.836532
0.901897
0.966204
1.046852
1.132190
1.235384
1.340241
1.447066
1.538759
1.654662
1.779190
1.899481
2.023858
2.141123
2.242955
2.356135
2.472189
2.576896
2.676004
2.775415
2.839419
2.916890
2.994209
3.054733
3.111626
3.148546
3.176235
3.201051
3.221931
3.226470
3.226168
3.211339
3.188643
3.150967
3.106935
3.051253
2.987400
2.908114
2.843050
2.756955
2.653761
2.551022
2.446315
2.329353
2.234028
2.108440
1.994201
1.875574
1.765118
1.650880
1.565692
1.458868
1.348109
1.238410
1.126592
1.030813
0.940633
0.874964
0.808388
0.751647
0.703379
0.667670
0.647395
0.636198
0.632567
0.637862
0.652842
0.680683
0.713366
0.764811
0.820190
0.884497
0.960000
1.039892
1.106014
1.204668
1.307709
1.412870
1.527411
1.644525
1.748172
1.870128
1.995412
2.116308
2.242955
2.355983
2.445256
2.551476
2.648466
2.750902
2.836695
2.917041
2.978624
3.044444
3.093620
3.142493
3.178657
3.203925
3.218451
3.228438
3.229346
3.218300
3.194090
3.158532
3.117527
3.066990
3.005860
2.930810
2.847438
2.761343
2.655880
2.575232
2.469163
2.357950
2.241139
2.113131
2.021437
1.905837
1.795532
1.680082
1.572501
1.462196
1.352648
1.263830
1.148683
1.051542
0.961967
0.881168
0.812322
0.765719
0.714576
0.676446
0.651783
0.637862
0.633020
0.635441
0.649967
0.672210
0.707919
0.760574
0.806724
0.869063
0.942902
1.022945
1.104803
1.203609
1.283349
1.387450
1.501537
1.618499
1.744692
1.863319
1.989208
2.081507
2.207397
2.325873
2.437691
2.547088
2.623499
2.729114
2.818841
2.894496
2.971967
3.035820
3.092410
3.127362
3.168216
3.198932
3.218148
3.226773
3.225109
3.219208
3.199689
3.165493
3.120553
3.070772
3.007827
2.950329
2.868016
2.784191
2.685385
2.582192
2.477939
2.386548
2.274276
2.149294
2.030516
1.909014
1.798255
1.706259
1.589145
1.484439
1.371713
1.263678
1.153222
1.074088
0.982243
0.899325
0.830025
0.772376
0.720780
0.686433
0.658592
0.642704
0.637257
0.639375
0.651329
0.669032
0.700353
0.746654
0.800217
0.865583
0.936547
0.998887
1.078627
1.175919
1.279717
1.383667
1.498511
1.590507
1.716548
1.840017
1.963334
2.082415
2.205430
2.299091
2.405310
2.523786
2.618052
2.720792
2.810216
2.875885
2.954263
3.027195
3.082726
3.130540
3.172301
3.191366
3.211945
3.226470
3.229497
3.221024
3.199083
3.172301
3.131145
3.083785
3.025379
2.952750
2.872405
2.804920
2.708082
2.606855
2.500333
2.387758
2.276546
2.178799
2.057751
1.939276
1.823221
1.709436
1.596862
1.512885
1.403186
1.296361
1.186813
1.080140
0.990111
0.919147
0.841979
0.780245
0.728799
0.683709
0.654506
0.642402
0.635139
0.638619
0.646487
0.665703
0.697478
0.735003
0.789323
0.849544
0.919147
0.999492
1.077719
1.149288
1.253692
1.359609
1.472486
1.588238
1.713371
1.811268
1.926566
2.048673
2.167905
2.291223
2.401225
2.493373
2.594750
2.696733
2.792815
2.874069
2.951388
3.007676
3.066535
3.115409
3.156262
3.189551
3.211642
3.227378
3.228286
3.223293
3.205438
3.173209
3.135231
3.095436
3.045201
2.974388
2.893437
2.809611
2.714891
2.631821
2.531200
2.422106
2.308774
2.185457
2.064409
1.970446
1.854240
1.744994
1.627427
1.520451
1.407876
1.320571
1.211174
1.104198
1.009478
0.920811
0.847880
0.786599
0.744082
0.698537
0.662374
0.643763
0.636198
0.634231
0.640737
0.656473
0.686735
0.730766
0.782665
0.829874
0.897661
0.974072
1.055476
1.144900
1.249304
1.335702
1.442678
1.558581
1.678569
1.802189
1.921421
2.045496
2.141275
2.267316
2.377923
2.486110
2.590060
2.674340
2.771632
2.854701
2.929751
3.005709
3.061391
3.115560
3.149454
3.183499
3.208011
3.222234
3.227378
3.223444
3.209070
3.180472
3.147638
3.095285
3.038694
2.975598
2.910686
2.829432
2.740916
2.637420
2.536647
2.428915
2.337977
2.220864
2.096033
1.979373
1.864529
1.755132
1.659656
1.548897
1.437230
1.327985
1.217983
1.108586
1.033688
0.943205
0.868609
0.802184
0.747410
0.700504
0.670696
0.649211
0.636198
0.632869
0.639678
0.655414
0.676295
0.715333
0.769502
0.827150
0.893424
0.973769
1.037925
1.123868
1.225700
1.330557
1.436625
1.545871
1.637867
1.767085
1.885410
2.008425
2.130078
2.256270
2.345694
2.458269
2.565699
2.665412
2.767698
2.851070
2.912048
2.987854
3.050799
3.104666
3.151572
3.181683
3.202110
3.219964
3.222991
3.227076
3.211794
3.184406
3.154901
3.112685
3.054733
2.995420
2.914318
2.832913
2.763461
2.661478
2.559344
2.455091
2.345694
2.223436
2.124630
2.003734
1.883897
1.776013
1.660715
1.552226
1.468552
1.354918
1.245975
1.133703
1.036563
0.944264
0.878596
0.810960
0.754219
0.709432
0.669940
0.649211
0.638619
0.636198
0.639073
0.652085
0.677505
0.719872
0.760423
0.814138
0.880411
0.955461
1.035352
1.116454
1.197859
1.306650
1.408936
1.524536
1.639985
1.772230
1.863924
1.987090
2.105414
2.232514
2.343273
2.455091
2.538312
2.637571
2.740916
2.830492
2.909627
2.985887
3.033247
3.091956
3.137197
3.175328
3.203623
3.224201
3.226319
3.227227
3.217392
3.200143
3.160499
3.114804
3.070167
3.007827
2.932323
2.852432
2.766941
2.662083
2.581284
2.477939
2.366575
2.254303
2.129018
2.014326
1.919757
1.805215
1.690825
1.576587
1.466433
1.351438
1.269579
1.153979
1.055476
0.968171
0.885707
0.818072
0.770409
0.723503
0.684314
0.657079
0.643461
0.638770
0.639375
0.647546
0.667822
0.702169
0.750285
0.809296
0.859228
0.930495
1.014169
1.094968
1.193017
1.301506
1.382759
1.497452
1.611842
1.742271
1.857871
1.983156
2.076665
2.198016
2.316643
2.429369
2.537707
2.635604
2.721094
2.811729
2.889200
2.970605
3.037030
3.089232
3.127211
3.166098
3.197268
3.212853
3.222688
3.225714
3.218905
3.200294
3.168065
3.129178
3.072739
3.016755
2.935652
2.875431
2.792361
2.694161
2.589606
2.489741
2.371720
2.281842
2.156557
2.042620
1.921573
1.808090
1.696727
1.604730
1.499873
1.383667
1.274724
1.163965
1.061378
0.989657
0.903259
0.833505
0.774646
0.725168
0.682196
0.656927
0.640889
0.634382
0.635290
0.647395
0.668275
0.695662
0.741661
0.797040
0.857412
0.930041
1.009478
1.074541
1.166991
1.271395
1.374740
1.490643
1.602309
1.702628
1.828215
1.947295
2.069705
2.192266
2.315583
2.405613
2.512589
2.612756
2.715193
2.807039
2.886779
2.950934
3.019781
3.077581
3.124941
3.159440
3.193334
3.211339
3.223293
3.226773
3.220418
3.206346
3.168216
3.139164
3.092258
3.031734
2.961980
2.881332
2.797809
2.721397
2.615934
2.512741
2.397291
2.288348
2.168359
2.069100
1.953499
1.839714
1.728804
1.609118
1.501688
1.409995
1.301203
1.192109
1.084074
0.992229
0.904318
0.846215
0.786751
0.734095
0.691275
0.661769
0.643309
0.637711
0.636652
0.643461
0.660105
0.693393
0.741055
0.781152
0.839255
0.908404
0.988295
1.068489
1.158216
1.243252
1.344478
1.455539
1.570383
1.694457
1.819741
1.915369
2.039140
2.158675
2.284716
2.398047
2.512286
2.588698
2.690378
2.783888
2.869227
2.945639
3.015090
3.068049
3.112383
3.153236
3.185920
3.209373
3.225411
3.226925
3.227984
3.211491
3.185466
3.141283
3.087568
3.034004
2.976506
2.897673
2.813696
2.721548
2.622138
2.520608
2.432243
2.319669
2.196351
2.074849
1.955315
1.837444
1.749836
1.632722
1.524082
1.416047
1.306045
1.197102
1.114184
1.016741
0.927317
0.849696
0.786902
0.735457
0.701564
0.668578
0.648605
0.638619
0.637560
0.641342
0.657684
0.686130
0.729707
0.782514
0.839558
0.891911
0.971197
1.050332
1.140059
1.241133
1.344780
1.428455
1.544963
1.661320
1.793262
1.908409
2.033088
2.130532
2.255513
2.367180
2.480663
2.583705
2.688260
2.768152
2.849708
2.927330
3.001623
3.061694
3.112383
3.146276
3.178051
3.203320
3.222234
3.228286
3.225260
3.217846
3.188794
3.150664
3.105422
3.050799
2.985433
2.902364
2.839116
2.749389
2.644834
2.543456
2.433757
2.320274
2.226008
2.100875
1.985123
1.867101
1.756191
1.638321
1.552528
1.439954
1.330103
1.224338
1.115244
1.038530
0.951981
0.868307
0.805059
0.749377
0.704590
0.670091
0.651783
0.638468
0.634534
0.638619
0.653145
0.676749
0.717300
0.766929
0.824729
0.889187
0.966355
1.030813
1.115244
1.216772
1.318150
1.424974
1.543601
1.633933
1.763000
1.879811
2.004793
2.123420
2.250369
2.343879
2.451006
2.559949
2.659360
2.760435
2.845320
2.910686
2.984374
3.047168
3.103304
3.144612
3.178203
3.204379
3.218602
3.227076
3.228286
3.214214
3.188492
3.152177
3.113442
3.062450
2.997084
2.922488
2.838057
2.752113
2.671011
2.567212
2.460539
2.347207
2.234179
2.106322
2.013872
1.895093
1.786756
1.665557
1.556916
1.444947
1.355069
1.247488
1.140966
1.043220
0.952737
0.871635
0.820795
0.761028
0.712307
0.672512
0.648908
0.638014
0.634080
0.635744
0.648605
0.674328
0.712761
0.762541
0.810506
0.871787
0.945020
1.024912
1.110402
1.212082
1.292125
1.396831
1.513793
1.631361
1.760731
1.879357
1.976952
2.094671
2.219350
2.335708
2.447980
2.558890
2.633032
2.730324
2.818387
2.901456
2.979532
3.045201
3.085298
3.135987
3.168821
3.201353
3.218148
3.226319
3.232069
3.217997
3.196360
3.162769
3.117073
3.063812
3.014787
2.945033
2.862872
2.776323
2.674793
2.574021
2.465986
2.377015
2.264289
2.137038
2.021286
1.903567
1.794321
1.703081
1.586573
1.475663
1.362484
1.254600
1.146413
1.068792
0.982243
0.899476
0.827604
0.770712
0.720477
0.686433
0.655263
0.638770
0.635895
0.637257
0.650875
0.666611
0.698386
0.744687
0.800671
0.866188
0.940330
1.006301
1.089218
1.183333
1.288039
1.392443
1.484742
1.598829
1.725475
1.845161
1.968933
2.092099
2.217232
2.309380
2.419987
2.529082
2.627887
2.728962
2.799322
2.881332
2.958803
3.028557
3.081213
3.132053
3.170334
3.196662
3.216030
3.222839
3.227530
3.219510
3.198024
3.172604
3.129329
3.078792
3.020386
2.948514
2.868622
2.796598
2.705207
2.598987
2.499425
2.381403
2.265046
2.163820
2.046857
1.929895
1.820649
1.708226
1.591415
1.503504
1.388055
1.283500
1.172741
1.076055
0.982243
0.910068
0.839406
0.777370
0.724714
0.682045
0.654355
0.641494
0.634685
0.634231
0.647546
0.667973
0.700807
0.738786
0.789323
0.850149
0.917331
0.998130
1.080896
1.154584
1.258534
1.364602
1.476420
1.592020
1.720180
1.816261
1.938519
2.059870
2.178951
2.301814
2.414540
2.505326
2.605342
2.708082
2.798414
2.877095
2.956533
3.013426
3.071680
3.120402
3.158230
3.187281
3.215425
3.221477
3.228135
3.225411
3.206346
3.172301
3.131145
3.092258
3.032339
2.967579
2.886477
2.806433
2.709595
2.624558
2.523635
2.411665
2.298183
2.171688
2.053061
1.963939
1.845767
1.735008
1.619407
1.511826
1.398041
1.310584
1.200280
1.093153
1.000854
0.916423
0.846367
0.795073
0.741812
0.698386
0.664493
0.644520
0.635139
0.633474
0.639073
0.656625
0.687340
0.735306
0.787507
0.836834
0.903562
0.982999
1.065614
1.154887
1.259290
1.344024
1.456295
1.570988
1.693549
1.813689
1.930349
2.028851
2.146268
2.270947
2.381403
2.493978
2.596869
2.675853
2.780559
2.859846
2.936863
3.009189
3.066535
3.108146
3.152177
3.187130
3.210432
3.228438
3.228135
3.231464
3.211491
3.184255
3.141737
3.092864
3.036879
2.970302
2.907660
2.827012
2.735923
2.629098
2.528023
2.417718
2.327840
2.209213
2.088165
1.973472
1.856510
1.745146
1.650426
1.539667
1.427698
1.314367
1.205727
1.099054
1.026425
0.939573
0.865583
0.801277
0.747259
0.701110
0.670243
0.647395
0.636198
0.633020
0.640435
0.652691
0.678413
0.719569
0.773587
0.832900
0.903410
0.965296
1.045944
1.129921
1.233719
1.335096
1.445855
1.538003
1.654814
1.781309
1.897212
2.022194
2.141275
2.266408
2.362490
2.474762
2.576896
2.674793
2.772540
2.854550
2.919008
2.993604
3.056700
3.106482
3.148697
3.183044
3.203320
3.222234
3.232069
3.230102
3.214063
3.182893
3.155809
3.107843
3.053977
2.990729
2.912350
2.829886
2.757257
2.652702
2.552989
2.445861
2.332984
2.213147
2.113282
1.996017
1.877390
1.769506
1.652544
1.544812
1.457203
1.344326
1.238712
1.127197
1.029300
0.939725
0.875418
0.810052
0.754673
0.707313
0.672361
0.652539
0.646790
0.642704
0.643763
0.656625
0.679624
0.715333
0.756640
0.811717
0.877990
0.954402
1.035352
1.120993
1.201036
1.305894
1.414080
1.533766
1.648610
1.777980
1.872397
1.996168
2.112980
2.238264
2.353411
2.462960
2.546634
2.643775
2.747271
2.831399
2.915074
2.986492
3.041418
3.094377
3.142493
3.177598
3.204379
3.219359
3.233279
3.228286
3.219964
3.194393
3.157170
3.108146
3.066535
3.003742
2.933836
2.851372
2.766941
2.662083
2.559798
2.474156
2.361128
2.244468
2.121453
2.004188
1.911889
1.797347
1.681747
1.569173
1.459473
1.345839
1.239166
1.149137
1.047911
0.960454
0.880714
0.812322
0.769653
0.718662
0.679624
0.654355
0.641645
0.635895
0.638468
0.651026
0.672512
0.710491
0.759212
0.813381
0.864221
0.934126
1.013866
1.099659
1.198767
1.299690
1.386844
1.504866
1.620618
1.752560
1.867555
1.991478
2.084231
2.209667
2.324662
2.437085
2.545726
2.643018
2.728962
2.817933
2.898581
2.972420
3.044898
3.096949
3.133415
3.163374
3.196057
3.216182
3.227378
3.228892
3.217997
3.199537
3.166249
3.121310
3.069562
3.009643
2.949724
2.868924
2.782829
2.681602
2.578409
2.474005
2.385791
2.273217
2.148235
2.028851
1.911435
1.799466
1.708529
1.595046
1.488676
1.375496
1.267764
1.154887
1.077870
0.984512
0.900233
0.831387
0.770712
0.719115
0.684012
0.654658
0.638468
0.634382
0.634080
0.647697
0.663282
0.696873
0.745141
0.801730
0.861044
0.932613
0.996768
1.078929
1.175314
1.283197
1.385936
1.501083
1.590810
1.716397
1.837596
1.957736
2.078784
2.203160
2.296821
2.411211
2.522878
2.618355
2.721548
2.812032
2.877398
2.955323
3.026590
3.080153
3.126455
3.166854
3.196208
3.217695
3.226470
3.227227
3.218602
3.197419
3.165341
3.126908
3.084542
3.020235
2.951540
2.871648
2.790092
2.710805
2.609881
2.509714
2.394719
2.284716
2.159280
2.061988
1.943967
1.826550
1.710798
1.595500
1.491551
1.398798
1.296361
1.183938
1.081956
0.991170
0.904470
0.846215
0.785389
0.733641
0.692485
0.661315
0.644671
0.638014
0.637560
0.647395
0.662374
0.696873
0.740299
0.781152
0.840314
0.911430
0.990716
1.074844
1.170018
1.254902
1.355372
1.471729
1.585817
1.712614
1.836688
1.930197
2.050337
2.169872
2.294703
2.404856
2.516977
2.594296
2.697339
2.788881
2.870438
2.947757
3.025530
3.066535
3.116165
3.155506
3.189097
3.213155
3.227681
3.229648
3.227530
3.208919
3.178505
3.137651
3.088475
3.042326
2.973328
2.894345
2.810367
2.719127
2.615782
2.532713
2.423165
2.309380
2.188029
2.066679
1.952440
1.858477
1.748172
1.628183
1.517576
1.406061
1.296664
1.209812
1.102836
1.011445
0.926409
0.848485
0.786146
0.743628
0.701715
0.665401
0.645428
0.635744
0.636047
0.641191
0.656776
0.686887
0.731825
0.783119
0.845308
0.898720
0.976039
1.056536
1.141723
1.245824
1.348866
1.436777
1.551923
1.672366
1.800979
1.918092
2.043680
2.138097
2.263684
2.375048
2.486715
2.586580
2.692497
2.769665
2.856517
2.934744
3.007827
3.064417
3.115409
3.148546
3.184406
3.208313
3.220267
3.233734
3.225109
3.207557
3.184558
3.145822
3.099673
3.045806
2.975447
2.900246
2.829432
2.740765
2.637117
2.535134
2.425737
2.313011
2.217989
2.092250
1.978011
1.858325
1.748777
1.629394
1.544660
1.433145
1.325261
1.214957
1.105862
1.014472
0.943810
0.863767
0.800217
0.747410
0.703531
0.666914
0.649664
0.634231
0.631659
0.639829
0.654658
0.675538
0.715484
0.769199
0.825486
0.893424
0.971954
1.036865
1.118875
1.221312
1.330103
1.433296
1.551318
1.643163
1.775710
1.888739
2.013115
2.132499
2.258388
2.369450
2.460841
2.565547
2.666774
2.765882
2.847438
2.925514
2.987703
3.049891
3.102396
3.142191
3.179564
3.206497
3.220569
3.228135
3.229497
3.212096
3.186071
3.148395
3.110416
3.053523
2.995268
2.919159
2.835485
2.744093
2.663597
2.561160
2.455999
2.343273
2.226765
2.100118
2.007365
1.888436
1.777375
1.659958
1.551167
1.439349
1.354767
1.247640
1.135671
1.038984
0.952889
0.871181
0.820493
0.762541
0.716392
0.674328
0.648757
0.635593
0.635441
0.637257
0.648757
0.671302
0.712155
0.764660
0.813079
0.876931
0.954402
1.030662
1.113882
1.216016
1.300144
1.402580
1.517878
1.633933
1.764362
1.886923
1.985123
2.103901
2.231304
2.344786
2.457361
2.561311
2.639841
2.741219
2.825498
2.907509
2.983164
3.046411
3.091653
3.138105
3.177900
3.204984
3.223142
3.228589
3.229194
3.218451
3.197116
3.162164
3.112534
3.058970
3.010702
2.940343
2.855458
2.773599
2.667531
2.564791
2.482024
2.368088
2.257480
2.129321
2.013115
1.894942
1.807031
1.694608
1.579310
1.470973
1.359760
1.248245
1.157762
1.059259
0.969381
0.885556
0.820039
0.760423
0.713366
0.681439
0.654658
0.640132
0.636198
0.639073
0.646487
0.667368
0.704438
0.754673
0.812625
0.877234
0.934580
1.014320
1.096330
1.188326
1.293486
1.399252
1.493366
1.608967
1.736067
1.855148
1.980281
2.097697
2.201042
2.319064
2.430579
2.541792
2.635604
2.739857
2.810216
2.889654
2.966671
3.031886
3.091653
3.134171
3.172907
3.196511
3.216635
3.225714
3.231464
3.218602
3.197570
3.169578
3.127665
3.073496
3.011307
2.946093
2.860905
2.792967
2.697944
2.592178
2.491406
2.375200
2.261415
2.158070
2.040351
1.923237
1.813689
1.700207
1.587178
1.501688
1.387601
1.278961
1.161998
1.058654
0.971651
0.901746
0.830933
0.774495
0.725470
0.684617
0.656776
0.642856
0.633928
0.634080
0.645276
0.666611
0.702471
0.740450
0.795375
0.856958
0.928982
1.012504
1.091942
1.165478
1.270487
1.369746
1.486255
1.602461
1.728653
1.826550
1.948203
2.065922
2.187121
2.308321
2.416205
2.505780
2.610487
2.711864
2.805072
2.885569
2.961375
3.019781
3.071983
3.122520
3.162920
3.195603
3.217997
3.227530
3.230556
3.222385
3.202261
3.170334
3.126455
3.088627
3.031583
2.962737
2.881786
2.796598
2.700516
2.616993
2.514254
2.403797
2.289256
2.167300
2.045193
1.949262
1.834267
1.722298
1.608513
1.499721
1.391384
1.303321
1.193622
1.088916
0.998130
0.910068
0.838499
0.789323
0.736365
0.691880
0.659348
0.644066
0.639678
0.638316
0.646336
0.663434
0.695209
0.741358
0.796737
0.844854
0.914153
0.990716
1.069851
1.160183
1.265191
1.346293
1.459927
1.574014
1.694608
1.818228
1.941092
2.040653
2.157919
2.285927
2.394567
2.506385
2.607460
2.688865
2.786914
2.869227
2.945336
3.015393
3.071529
3.112080
3.157019
3.188340
3.212096
3.227984
3.234339
3.229497
3.212550
3.179413
3.139921
3.089837
3.032188
2.977565
2.899640
2.817933
2.726088
2.618052
2.517734
2.431941
2.318156
2.199529
2.076060
1.960157
1.843800
1.754678
1.638321
1.527865
1.413475
1.306650
1.196951
1.111158
1.014472
0.925804
0.849847
0.788264
0.736365
0.702774
0.667519
0.647546
0.639527
0.635290
0.641191
0.654506
0.682499
0.725470
0.781152
0.840314
0.907647
0.969079
1.052299
1.136276
1.238107
1.346596
1.453723
1.548897
1.663741
1.791446
1.909165
2.034752
2.154287
2.257027
2.369752
2.486866
2.585218
2.683721
2.780862
2.843202
2.923093
2.999051
3.061089
3.112231
3.153539
3.180321
3.203623
3.222083
3.227530
3.231161
3.211945
3.189097
3.151421
3.104666
3.049135
2.983618
2.906601
2.821413
2.750146
2.643624
2.542397
2.436329
2.324662
2.207094
2.108289
1.990721
1.875121
1.763000
1.645130
1.531194
1.442526
1.331919
1.225397
1.113125
1.020827
0.932159
0.867247
0.801277
0.746049
0.698840
0.662677
0.644671
0.636500
0.634685
0.637408
0.649967
0.675841
0.717905
0.760574
0.821098
0.891911
0.972105
1.049878
1.132796
1.214957
1.316788
1.421192
1.538911
1.651334
1.780703
1.873305
1.999195
2.121302
2.245376
2.361128
2.474913
2.558738
2.656788
2.759679
2.843958
2.918403
2.991788
3.043536
3.097252
3.140829
3.177295
3.203320
3.214517
3.225411
3.227227
3.212550
3.186676
3.151421
3.103607
3.062148
2.997538
2.921429
2.838511
2.752264
2.646498
2.569330
2.462506
2.351141
2.235843
2.111467
1.994201
1.898725
1.790085
1.673122
1.562212
1.458716
1.349622
1.260804
1.153071
1.057292
0.970289
0.890852
0.826091
0.786297
0.742266
0.710037
0.689610
0.683558
0.680683
0.684920
0.697024
0.725017
0.763298
0.814440
0.872543
0.926107
1.001762
1.077719
1.167445
1.270487
1.364148
1.448276
1.553739
1.659656
1.776769
1.883594
1.995412
2.071218
2.171234
2.271250
2.353865
2.431033
2.500182
2.547844
2.592481
2.634243
2.670859
2.700516
2.719733
2.729114
2.727752
2.728962
2.715799
2.690076
2.653761
2.621684
2.577955
2.532108
2.482932
2.428763
2.375351
2.334195
2.281690
2.230245
2.178799
2.129775
2.084836
2.053061
2.015385
1.984820
1.952289
1.925356
1.901600
1.886620
1.871792
1.859990
1.852727
1.846826
1.840471
1.841076
1.836688
1.836083
1.838504
1.838352
1.843800
1.847128
1.853332
1.860443
1.867555
1.873305
1.878298
1.884351
1.888133
1.894488
1.900238
1.904929
1.911435
1.915823
1.919757
1.923540
1.929743
1.927625
1.932618
1.932316
