4.463298
4.466586
4.470531
4.459682
4.463955
4.457709
4.465271
4.462969
4.464613
4.458038
4.465928
4.468230
4.465271
4.462969
4.465600
4.459682
4.464284
4.458038
4.469216
4.461654
4.463627
4.463627
4.464942
4.468230
4.463627
4.463298
4.463298
4.468558
4.462969
4.463955
4.463298
4.462969
4.462969
4.464284
4.457709
4.470860
4.463627
4.464942
4.465271
4.463955
4.457051
4.413653
4.355132
4.258143
4.113483
3.960603
3.816600
3.630515
3.460539
3.331988
3.172533
3.033791
2.924638
2.835212
2.749731
2.682990
2.600468
2.536028
2.496247
2.475863
2.475534
2.481452
2.506110
2.552138
2.620523
2.727374
2.851322
2.954885
3.113354
3.291878
3.480923
3.697256
3.913917
4.091455
4.342309
4.587246
4.850923
5.106051
5.334549
5.516032
5.709681
5.913192
6.108812
6.270241
6.432327
6.541151
6.651291
6.731512
6.804171
6.855460
6.881762
6.898530
6.903461
6.880118
6.828172
6.758800
6.674963
6.586193
6.454355
6.292269
6.123936
5.935220
5.720530
5.538389
5.302658
5.052461
4.793387
4.526752
4.288062
4.096715
3.863944
3.614076
3.371112
3.114012
2.859212
2.606386
2.415697
2.205611
2.018539
1.861057
1.727246
1.615135
1.532613
1.452392
1.402090
1.380062
1.374473
1.381049
1.420173
1.480996
1.566476
1.680561
1.806810
1.922866
2.101390
2.269064
2.456794
2.678716
2.898665
3.084422
3.342838
3.593692
3.873807
4.133209
4.402804
4.660233
4.878540
5.130709
5.378605
5.604144
5.823108
6.016098
6.192979
6.358353
6.511233
6.625975
6.740717
6.826199
6.884392
6.941599
6.975791
6.995847
6.989271
6.961983
6.920228
6.848885
6.747622
6.618413
6.475396
6.312653
6.170293
5.983878
5.763928
5.549567
5.323042
5.075804
4.877553
4.602041
4.347898
4.097702
3.860327
3.610459
3.417140
3.178451
2.938447
2.687593
2.447917
2.236187
2.072458
1.899523
1.763740
1.642752
1.545764
1.464228
1.419844
1.383021
1.368884
1.377103
1.410638
1.472776
1.544778
1.648012
1.772946
1.914976
2.088897
2.261503
2.415369
2.631701
2.850335
3.078504
3.330673
3.579555
3.807395
4.068769
4.342309
4.601712
4.880183
5.130380
5.319426
5.547595
5.767873
5.995714
6.186075
6.357366
6.484931
6.612824
6.722964
6.810418
6.898201
6.942256
6.973161
6.990915
7.000450
6.977436
6.941270
6.857104
6.777540
6.660168
6.534575
6.361311
6.187061
5.997687
5.824094
5.599212
5.373673
5.139586
4.888402
4.620781
4.409379
4.151292
3.911945
3.660104
3.421743
3.184698
2.985132
2.750388
2.496575
2.276297
2.081993
1.904126
1.784453
1.657875
1.552010
1.472776
1.417214
1.390912
1.386966
1.385980
1.414255
1.463899
1.543791
1.650314
1.747302
1.887688
2.043855
2.218762
2.402875
2.613619
2.796417
3.023599
3.264590
3.510183
3.790956
4.053646
4.267678
4.532341
4.806538
5.066927
5.302329
5.541348
5.709023
5.936206
6.131498
6.311995
6.481972
6.617756
6.703237
6.797267
6.876502
6.936338
6.978093
6.997162
7.007354
6.984668
6.945215
6.881104
6.782801
6.667729
6.562193
6.403395
6.227171
6.044373
5.831327
5.610062
5.435154
5.192190
4.943637
4.677659
4.412667
4.157867
3.966521
3.732105
3.479608
3.251768
3.003872
2.762882
2.565947
2.333833
2.129665
1.943579
1.791028
1.665766
1.572394
1.488229
1.423789
1.388610
1.375788
1.380391
1.400446
1.445817
1.513873
1.614477
1.735466
1.874537
1.999799
2.175364
2.359806
2.564631
2.794115
3.016695
3.216260
3.462511
3.732434
3.995124
4.259787
4.526423
4.732564
4.999199
5.240849
5.479867
5.694557
5.917137
6.083826
6.269912
6.431340
6.578960
6.696661
6.788719
6.855789
6.922859
6.967901
6.994861
6.998806
6.978093
6.949818
6.884063
6.795294
6.687456
6.560878
6.407011
6.229144
6.090401
5.881958
5.667597
5.446661
5.205998
4.955144
4.735194
4.466257
4.214087
3.965863
3.739339
3.499334
3.313906
3.066011
2.828308
2.574495
2.337449
2.140185
1.988292
1.823577
1.692068
1.583244
1.490859
1.428721
1.397816
1.380062
1.379733
1.398474
1.440556
1.495133
1.590806
1.710479
1.842646
1.995196
2.164843
2.305558
2.500849
2.726388
2.955214
3.199164
3.449360
3.658132
3.928383
4.187128
4.461654
4.715139
4.997556
5.184957
5.430223
5.648857
5.864204
6.072976
6.257090
6.396819
6.558905
6.678250
6.780828
6.857104
6.929763
6.979079
6.998477
7.008340
6.997162
6.956394
6.895242
6.805157
6.714416
6.593098
6.443176
6.274515
6.096648
5.897410
5.723160
5.496306
5.270767
5.014652
4.752619
4.480723
4.278527
4.027015
3.788655
3.543390
3.305686
3.061737
2.872363
2.638277
2.397615
2.190488
1.996512
1.833769
1.728890
1.612505
1.513215
1.446146
1.402090
1.382364
1.381049
1.391240
1.423789
1.487242
1.579956
1.701931
1.806481
1.954429
2.129993
2.300627
2.499534
2.729018
2.905569
3.141300
3.389852
3.645967
3.920493
4.174963
4.392941
4.652672
4.922595
5.180025
5.415099
5.629459
5.800093
6.022674
6.206459
6.383010
6.541809
6.667072
6.758800
6.840007
6.915955
6.962312
6.996833
7.005710
7.003408
6.970531
6.914968
6.837706
6.729210
6.597701
6.494794
6.317585
6.141032
5.952973
5.726119
5.511429
5.324357
5.082379
4.821990
4.549108
4.298583
4.044769
3.859670
3.605856
3.372099
3.128149
2.887815
2.646167
2.448903
2.237502
2.049115
1.883085
1.742370
1.623025
1.542476
1.456666
1.405378
1.382035
1.375131
1.389597
1.413268
1.473763
1.560559
1.673985
1.794645
1.945223
2.081335
2.257229
2.442985
2.669181
2.883542
3.128149
3.326070
3.574294
3.855396
4.118743
4.373543
4.633274
4.858813
5.107695
5.358878
5.596911
5.797463
6.014783
6.167992
6.343229
6.504000
6.637482
6.748279
6.838035
6.899845
6.955736
7.001436
7.015902
7.017546
6.977436
6.932065
6.844610
6.755184
6.629591
6.500054
6.337640
6.148923
5.992755
5.775435
5.556472
5.326658
5.084681
4.826922
4.610589
4.363351
4.104606
3.871505
3.619994
3.379660
3.192917
2.947324
2.709620
2.458766
2.244406
2.052074
1.909058
1.766370
1.644724
1.537873
1.455022
1.412940
1.385980
1.379733
1.383021
1.410309
1.463571
1.529983
1.640122
1.760781
1.902483
2.067855
2.236516
2.387752
2.601125
2.832253
3.063709
3.314234
3.573308
3.794573
4.049701
4.320282
4.566533
4.841059
5.087968
5.284246
5.518991
5.740585
5.965796
6.156814
6.333694
6.471780
6.603618
6.723292
6.821925
6.894584
6.951462
6.988285
7.008011
7.009984
6.988285
6.940941
6.856117
6.747622
6.660496
6.522411
6.366243
6.196595
6.000975
5.786942
5.611377
5.390440
5.142874
4.894650
4.617822
4.370255
4.166087
3.931671
3.694954
3.451991
3.204753
2.954885
2.772416
2.516302
2.294380
2.094486
1.913003
1.765384
1.660834
1.555956
1.473763
1.418200
1.388282
1.381706
1.382035
1.408665
1.458639
1.540832
1.634532
1.754206
1.867633
2.025444
2.208899
2.382820
2.601454
2.828965
3.007489
3.254398
3.496704
3.777805
4.037865
4.307788
4.513929
4.780236
5.044899
5.276356
5.507813
5.727106
5.904315
6.106840
6.285693
6.461259
6.608221
6.728881
6.806801
6.886693
6.940941
6.981381
6.999135
7.003408
6.984668
6.947188
6.874857
6.788390
6.665099
6.531946
6.407340
6.239007
6.051606
5.841848
5.617295
5.401619
5.205998
4.958103
4.693769
4.435023
4.173977
3.935287
3.744928
3.495060
3.255055
3.007489
2.777348
2.531097
2.345997
2.158268
1.958703
1.805823
1.675629
1.562531
1.497434
1.429707
1.391240
1.379076
1.378418
1.401761
1.441872
1.513544
1.609217
1.723630
1.852509
2.013279
2.160241
2.340408
2.540302
2.770115
2.995653
3.243877
3.439168
3.706461
3.967179
4.231513
4.493217
4.758208
4.971582
5.212574
5.459483
5.673844
5.891821
6.101251
6.239665
6.416217
6.568768
6.691401
6.797267
6.880118
6.939298
6.978422
7.004395
7.015574
7.002422
6.958038
6.884721
6.806144
6.704224
6.564494
6.422792
6.246898
6.064099
5.894452
5.675159
5.461127
5.213889
4.965993
4.693440
4.489271
4.237102
3.996439
3.754791
3.515444
3.278069
3.080477
2.840801
2.591591
2.358162
2.160898
1.960347
1.837057
1.708506
1.595080
1.500722
1.434967
1.387624
1.372829
1.370857
1.386966
1.430693
1.500064
1.601326
1.697657
1.819632
1.970210
2.141172
2.319695
2.514329
2.701072
2.925624
3.173848
3.420757
3.690680
3.961918
4.165429
4.433380
4.689166
4.961061
5.205669
5.446990
5.623541
5.840533
6.050620
6.222240
6.400764
6.552658
6.657866
6.765047
6.855131
6.916283
6.968887
7.003737
7.012286
7.008340
6.976120
6.909708
6.822254
6.711128
6.612824
6.461588
6.280762
6.106840
5.907274
5.686337
5.462771
5.273726
5.032734
4.771030
4.502422
4.250581
4.008276
3.820546
3.569363
3.332317
3.082120
2.840801
2.599153
2.404848
2.199693
2.008347
1.844290
1.713109
1.600011
1.522421
1.448776
1.401761
1.379076
1.376117
1.391240
1.419186
1.481982
1.574696
1.684835
1.817001
1.964621
2.103034
2.279256
2.469287
2.695154
2.917734
3.164643
3.354345
3.606843
3.889917
4.144059
4.415297
4.673713
4.895636
5.145504
5.386495
5.610391
5.827053
6.042071
6.179499
6.354078
6.521096
6.654250
6.763731
6.849871
6.903132
6.962969
6.985326
7.008340
7.004724
6.970860
6.924503
6.839679
6.744334
6.620386
6.476383
6.308050
6.170293
5.973686
5.748147
5.528854
5.295096
5.048844
4.838758
4.567191
4.312391
4.072386
3.834354
3.591062
3.400702
3.164971
2.918063
2.674442
2.430492
2.224351
2.063581
1.881770
1.737767
1.626642
1.521435
1.449433
1.413268
1.391240
1.386638
1.397487
1.420501
1.484283
1.551682
1.663136
1.784453
1.930099
2.095472
2.272681
2.421944
2.637948
2.858883
3.091326
3.344482
3.601911
3.823833
4.079619
4.361707
4.616178
4.891690
5.133997
5.326001
5.556143
5.767873
6.001632
6.174896
6.348489
6.480328
6.619729
6.741046
6.835076
6.907735
6.961326
6.985326
7.005381
7.006368
6.984997
6.924831
6.846912
6.768006
6.646030
6.508274
6.344215
6.166019
5.980919
5.795162
5.580143
5.352632
5.112627
4.853553
4.581328
4.380776
4.129593
3.891232
3.651556
3.405633
3.174834
2.969680
2.732635
2.486055
2.273667
2.078705
1.891304
1.775247
1.650314
1.538202
1.465872
1.402419
1.372500
1.362309
1.368555
1.399131
1.459625
1.544449
1.653273
1.751576
1.890975
2.055691
2.237502
2.425232
2.635647
2.815814
3.039709
3.286946
3.535499
3.816929
4.072386
4.339679
4.539902
4.812456
5.075475
5.308247
5.544964
5.716256
5.940151
6.129197
6.309036
6.475068
6.615454
6.730854
6.813377
6.888338
6.951462
6.990915
7.011299
7.007683
6.989929
6.935352
6.864666
6.766033
6.650633
6.514849
6.381038
6.213692
6.025632
5.812587
5.593952
5.366111
5.167203
4.923582
4.642151
4.390310
4.138141
3.908328
3.714352
3.473032
3.233356
2.991050
2.743813
2.497562
2.321339
2.122432
1.943250
1.789385
1.663136
1.556942
1.482311
1.419186
1.386638
1.379405
1.379076
1.404063
1.440885
1.510256
1.614806
1.734151
1.877825
2.030046
2.180953
2.355203
2.559371
2.788855
3.012421
3.265905
3.455936
3.737366
4.005316
4.274911
4.532670
4.799634
5.009063
5.248081
5.491045
5.708365
5.924699
6.131169
6.266295
6.430683
6.580276
6.707840
6.798582
6.885378
6.942256
6.982367
7.008340
7.014587
6.997491
6.952448
6.893598
6.794965
6.681867
6.559563
6.404052
6.229144
6.042729
5.870122
5.652145
5.428578
5.190875
4.941007
4.720728
4.460339
4.209485
3.968822
3.732105
3.485525
3.246178
3.048914
2.810554
2.563316
2.338764
2.136569
1.950155
1.819632
1.688780
1.568449
1.479680
1.418857
1.390912
1.383350
1.378418
1.399789
1.443515
1.517489
1.625327
1.717383
1.851523
1.999142
2.177008
2.352244
2.557070
2.741511
2.958831
3.214288
3.457251
3.725859
3.992494
4.196662
4.456723
4.718755
4.989665
5.229012
5.480854
5.651159
5.877684
6.072976
6.245254
6.415888
6.575673
6.670031
6.793650
6.867625
6.934037
6.976120
7.005381
7.013929
7.006368
6.974805
6.897214
6.803842
6.693703
6.590467
6.447450
6.270241
6.089415
5.883602
5.654775
5.484799
5.246109
4.997884
4.736509
4.482696
4.228225
4.024714
3.787997
3.537472
3.300097
3.055490
2.810225
2.616906
2.382820
2.183912
1.995196
1.834098
1.707191
1.607244
1.505982
1.435954
1.396830
1.380720
1.382692
1.393871
1.426090
1.491845
1.594751
1.710150
1.833769
1.955744
2.128021
2.303257
2.494931
2.724087
2.955872
3.141300
3.393469
3.655501
3.925096
4.185813
4.447846
4.652343
4.919965
5.162929
5.405235
5.644583
5.868807
6.032537
6.210404
6.381038
6.546412
6.664442
6.773266
6.851515
6.912338
6.960339
6.993874
7.008340
7.002093
6.984011
6.914968
6.830144
6.723621
6.594413
6.448437
6.271556
6.135115
5.938836
5.713297
5.494333
5.255314
5.011364
4.798318
4.540889
4.285431
4.035892
3.806737
3.554239
3.364866
3.127491
2.877295
2.633016
2.396300
2.195748
2.040567
1.866975
1.728233
1.606258
1.510256
1.438255
1.404720
1.386638
1.382692
1.392556
1.426419
1.484612
1.555956
1.671355
1.793001
1.936017
2.105993
2.283202
2.433122
2.661948
2.894391
3.133080
3.381962
3.640707
3.864601
4.118743
4.385707
4.630644
4.904184
5.151422
5.350001
5.591321
5.803381
6.015769
6.193965
6.362955
6.503342
6.633866
6.747622
6.842967
6.912995
6.965600
6.993546
7.010971
7.003737
6.981709
6.925818
6.842967
6.755841
6.631564
6.487561
6.321201
6.140704
5.940151
5.763599
5.547924
5.321727
5.083365
4.816730
4.548122
4.350200
4.098359
3.868546
3.622953
3.384921
3.133738
2.944036
2.697785
2.454493
2.240790
2.043197
1.870263
1.758809
1.639135
1.537216
1.458968
1.407022
1.377432
1.374802
1.382692
1.413268
1.469817
1.549052
1.666423
1.762425
1.911688
2.077390
2.260188
2.441670
2.656030
2.830280
3.056476
3.310289
3.556540
3.841587
4.098031
4.315679
4.569821
4.840402
5.093229
5.341125
5.561732
5.742887
5.971056
6.154183
6.322187
6.495451
6.627619
6.732498
6.823240
6.898530
6.958695
6.995518
7.022478
7.013272
6.991573
6.949490
6.865652
6.762417
6.643729
6.500383
6.372490
6.191664
6.004591
5.773791
5.563047
5.335864
5.145504
4.895965
4.614534
4.364008
4.100661
3.875780
3.675556
3.432922
3.198178
2.953899
2.706990
2.457780
2.287805
2.094486
1.924181
1.776562
1.647683
1.539517
1.470803
1.414255
1.384665
1.376117
1.385323
1.407679
1.446146
1.520777
1.623354
1.753548
1.894592
2.062924
2.201337
2.387423
2.594221
2.825677
3.057134
3.302399
3.501307
3.775832
4.033262
4.301870
4.558642
4.835470
5.039310
5.279644
5.514060
5.730064
5.961522
6.144649
6.286022
6.454355
6.595728
6.713429
6.803514
6.886693
6.939298
6.982038
7.003080
7.007025
6.980723
6.944887
6.884063
6.786746
6.673647
6.542466
6.383339
6.202842
6.056538
5.835601
5.614665
5.385509
5.140901
4.895307
4.674700
4.411352
4.163785
3.925096
3.678515
3.436867
3.246836
2.998283
2.762553
2.518275
2.304572
2.110924
1.961004
1.803851
1.672013
1.556942
1.474420
1.416885
1.392556
1.379733
1.382035
1.402419
1.451406
1.527681
1.610532
1.731521
1.860728
2.020841
2.193447
2.374929
2.537343
2.765512
2.987105
3.234343
3.479608
3.758407
3.973097
4.236115
4.499463
4.764784
5.025501
5.265178
5.458826
5.675817
5.894780
6.096977
6.272871
6.441533
6.566138
6.688114
6.793650
6.873542
6.936996
6.973819
7.010313
7.011957
7.002422
6.958038
6.884392
6.788061
6.705210
6.573700
6.421806
6.246240
6.068045
5.851382
5.618281
5.449291
5.203368
4.963363
4.693440
4.435352
4.183840
3.986905
3.748544
3.497032
3.266562
3.018667
2.790170
2.590605
2.356189
2.161227
1.968895
1.813385
1.710479
1.593107
1.500722
1.429707
1.393542
1.376774
1.379076
1.396172
1.440228
1.508941
1.609874
1.727904
1.830152
1.980402
2.158926
2.331531
2.527151
2.760580
2.939433
3.177794
3.427990
3.690351
3.959617
4.223951
4.491901
4.692125
4.975199
5.213560
5.454552
5.670885
5.842176
6.050620
6.230459
6.402737
6.548056
6.678908
6.785102
6.846912
6.930749
6.975791
7.005053
7.011299
7.008669
6.975134
6.901817
6.816993
6.707182
6.580933
6.437258
6.290625
6.112100
5.910233
5.681077
5.465401
5.222766
5.027145
4.766757
4.498477
4.251239
4.010248
3.766298
3.562787
3.328701
3.075216
2.849349
2.602440
2.364080
2.200680
2.005388
1.840673
1.704890
1.592450
1.497434
1.450748
1.404720
1.386309
1.384336
1.401761
1.441543
1.497105
1.579299
1.691739
1.822262
1.969552
2.147418
2.287476
2.478493
2.704031
2.926939
3.158725
3.407277
3.619994
3.899122
4.158525
4.433709
4.680289
4.956130
5.148134
5.390440
5.618610
5.834286
6.050291
6.217308
6.359996
6.518137
6.653921
6.769321
6.860063
6.929434
6.970531
7.000450
7.008340
7.002093
6.969873
6.907735
6.839350
6.738416
6.611838
6.477040
6.299173
6.122293
5.963165
5.737626
5.514389
5.278657
5.031091
4.773661
4.549108
4.304501
4.050358
3.814956
3.564760
3.323111
3.129464
2.894062
2.657674
2.411752
2.206598
2.011635
1.869276
1.733164
1.615792
1.521106
1.448776
1.403076
1.390912
1.379076
1.387295
1.419844
1.479352
1.577983
1.664780
1.789385
1.927798
2.101390
2.270708
2.463369
2.646496
2.874336
3.107765
3.354674
3.613090
3.891232
4.088167
4.364008
4.619794
4.893334
5.143202
5.386495
5.557458
5.784312
6.002947
6.186075
6.357366
6.515178
6.624660
6.730525
6.829158
6.904119
6.957380
6.995518
7.008340
7.008011
6.980723
6.925160
6.845597
6.742690
6.648661
6.511233
6.352763
6.168321
5.975330
5.746503
5.564362
5.337508
5.093229
4.842374
4.577054
4.321925
4.119072
3.879396
3.631172
3.388866
3.152807
2.905898
2.715538
2.468630
2.258215
2.061280
1.887688
1.747630
1.652286
1.548723
1.461927
1.412940
1.390912
1.379076
1.382692
1.415898
1.463242
1.547408
1.654916
1.786097
1.906428
2.066211
2.236516
2.424903
2.639592
2.861514
3.042996
3.293851
3.549636
3.817258
4.087839
4.350200
4.552396
4.823963
5.075475
5.325672
5.560746
5.771161
5.948699
6.142347
6.308707
6.478684
6.619729
6.734142
6.813048
6.890310
6.948832
6.989600
7.014916
7.008998
6.996504
6.941270
6.869268
6.769650
6.649976
6.515507
6.344872
6.206788
6.021688
5.805354
5.586719
5.361180
5.103421
4.911088
4.634261
4.382749
4.124990
3.890903
3.638734
3.448045
3.214945
2.970338
2.733292
2.491644
2.271695
2.117829
1.930757
1.782809
1.654259
1.549052
1.461927
1.419186
1.387953
1.375459
1.378418
1.413597
1.463242
1.526037
1.636834
1.757822
1.897880
2.059636
2.228625
2.374929
2.580741
2.808252
3.039051
3.285631
3.529252
3.751503
4.006303
4.271623
4.538587
4.804236
5.064954
5.258931
5.497950
5.727106
5.946727
6.140046
6.305748
6.428381
6.580604
6.702251
6.811404
6.880775
6.954093
6.982038
7.004395
7.009984
6.997819
6.949161
6.871570
6.793650
6.688771
6.548384
6.384983
6.215664
6.033523
5.862560
5.635377
5.410167
5.162600
4.927855
4.653000
4.448174
4.202909
3.959946
3.705475
3.465470
3.226123
3.026229
2.790828
2.550823
2.331531
2.132952
1.947524
1.825550
1.695684
1.590477
1.498420
1.433323
1.397487
1.389925
1.389597
1.405378
1.449762
1.517489
1.619409
1.720013
1.854810
2.009662
2.183912
2.364409
2.571536
2.752690
2.978557
3.225795
3.473361
3.745256
4.005316
4.214745
4.478093
4.744071
5.007090
5.247753
5.494662
5.662994
5.887876
6.085141
6.260049
6.427395
6.575344
6.675291
6.782801
6.868940
6.931078
6.980394
7.009984
7.014916
7.004724
6.963627
6.890310
6.799897
6.687127
6.588166
6.436930
6.263337
6.080538
5.871438
5.647871
5.468031
5.223752
4.981774
4.705276
4.450476
4.197320
4.005645
3.765640
3.515773
3.279385
3.033791
2.798060
2.603427
2.374272
2.175364
1.982374
1.820289
1.681876
1.590477
1.493160
1.428063
1.385651
1.370199
1.372500
1.386966
1.430364
1.497434
1.602641
1.722644
1.853495
1.976456
2.150706
2.328901
2.525179
2.752032
2.974612
3.167602
3.411223
3.668324
3.942849
4.202580
4.467243
4.675028
4.946596
5.190217
5.431538
5.652802
5.866835
6.042729
6.208760
6.386627
6.542795
6.668716
6.774910
6.848556
6.918256
6.971846
7.003737
7.014587
7.000121
6.974805
6.905763
6.821596
6.707840
6.585865
6.442190
6.306077
6.127882
5.930288
5.701461
5.475593
5.235588
5.040296
4.779907
4.515902
4.259787
4.017481
3.775175
3.569363
3.328701
3.091655
2.853294
2.615591
2.378546
2.213830
2.020841
1.853166
1.725603
1.608559
1.509270
1.434310
1.397487
1.372172
1.372172
1.389597
1.424447
1.472776
1.568120
1.683848
1.814043
1.962977
2.132952
2.273010
2.454164
2.684305
2.909515
3.146560
3.393798
3.596651
3.875451
4.127620
4.403790
4.661549
4.933444
5.132353
5.371700
5.599870
5.815875
6.033523
6.208102
6.358024
6.513863
6.644715
6.756170
6.844610
6.916941
6.969545
6.988943
7.003737
6.994532
6.966915
6.906091
6.826199
6.744005
6.624331
6.483944
6.310680
6.136101
5.944097
5.754723
5.541677
5.310548
5.061996
4.802264
4.532670
4.329158
4.071400
3.837970
3.584486
3.352701
3.106121
2.909515
2.673784
2.428191
2.223365
2.028731
1.862701
1.750918
1.632231
1.528339
1.454365
1.406693
1.383021
1.374473
1.385323
1.413926
1.467187
1.556613
1.674972
1.776891
1.924839
2.087253
2.264790
2.450876
2.680360
2.867103
3.099545
3.351715
3.598295
3.877752
4.132881
4.342967
4.598753
4.873608
5.115914
5.360193
5.587377
5.758339
5.977303
6.163060
6.338626
6.504657
6.641428
6.721649
6.815021
6.890639
6.957051
6.998477
7.016889
7.013929
6.986970
6.932722
6.855131
6.756827
6.636496
6.488547
6.360654
6.188376
5.992755
5.763928
5.543978
5.297726
5.109996
4.860457
4.599082
4.339022
4.087510
3.850793
3.643008
3.404318
3.166944
2.923980
2.696470
2.440355
2.278928
2.078047
1.898208
1.756178
1.631902
1.526695
1.465543
1.414255
1.384994
1.374144
1.381049
1.400775
1.450420
1.538531
1.648670
1.776234
1.913332
2.048786
2.218762
2.399916
2.615263
2.848034
3.070942
3.271823
3.514129
3.796545
4.045427
4.310090
4.571794
4.846977
5.053118
5.297069
5.534772
5.749462
5.973029
6.122621
6.295885
6.461259
6.602304
6.717374
6.812390
6.895899
6.946859
6.990258
7.003737
7.008011
6.981381
6.934037
6.873214
6.783458
6.669044
6.534575
6.369202
6.190677
6.042729
5.823765
5.597239
5.380249
5.134326
4.884786
4.665823
4.403790
4.150634
3.912602
3.666680
3.419771
3.235986
2.990064
2.752361
2.504137
2.282544
2.081335
1.935688
1.784453
1.661821
1.561216
1.472119
1.415898
1.395514
1.379733
1.382692
1.407022
1.459625
1.540175
1.621053
1.741055
1.878153
2.035635
2.216132
2.394656
2.558713
2.788855
3.007489
3.258014
3.507882
3.790627
3.996768
4.264390
4.527409
4.789113
5.048844
5.295096
5.489730
5.699160
5.920425
6.109141
6.285036
6.455998
6.572056
6.699949
6.802198
6.885378
6.939955
6.990258
7.015574
7.009655
6.985326
6.947517
6.871899
6.771951
6.692716
6.563179
6.412271
6.236706
6.051277
5.832313
5.656748
5.434167
5.185943
4.942650
4.672070
4.421544
4.216060
3.970138
3.730133
3.475333
3.237630
2.985132
2.794115
2.551152
2.327257
2.129993
1.947196
1.797604
1.695684
1.585217
1.491516
1.428392
1.393542
1.380391
1.383350
1.400117
1.441214
1.515845
1.617765
1.739740
1.843303
1.996512
2.169775
2.345011
2.546878
2.773731
2.954556
3.198178
3.438840
3.705475
3.975398
4.245650
4.461654
4.723687
4.990980
5.225725
5.469018
5.681077
5.852040
6.063442
6.242624
6.418847
6.565481
6.691072
6.775239
6.865652
6.931407
6.969216
6.995518
6.999464
6.998477
6.960339
6.897543
6.808774
6.700607
6.580604
6.421806
6.281748
6.100593
5.895109
5.670556
5.444688
5.252356
5.011364
4.740454
4.486970
4.228882
3.981316
3.790956
3.534184
3.296809
3.052202
2.818444
2.574495
2.355203
2.189173
1.992566
1.827522
1.697657
1.591463
1.502366
1.450748
1.412611
1.385651
1.393213
1.400117
1.435954
1.494804
1.595080
1.712780
1.852838
2.005060
2.143144
2.319038
2.503480
2.724087
2.946666
3.177136
3.374729
3.627884
3.905369
4.168388
4.441928
4.704289
4.924568
5.170491
5.404578
5.627487
5.849081
6.056866
6.204815
6.381695
6.536877
6.662798
6.760444
6.855789
6.913324
6.963955
6.998148
7.010313
7.003737
6.962641
6.908064
6.838364
6.733156
6.609208
6.459286
6.286680
6.106840
5.952973
5.720201
5.500580
5.263205
5.018269
4.756564
4.543519
4.286089
4.036221
3.799504
3.544705
3.307659
3.110066
2.868418
2.633345
2.393341
2.197063
2.008347
1.874866
1.735137
1.621382
1.524065
1.448118
1.394199
1.381706
1.377432
1.392884
1.426748
1.492831
1.593765
1.682533
1.805166
1.947196
2.116843
2.292736
2.476520
2.658661
2.882884
3.115984
3.368153
3.630515
3.907342
4.111510
4.383077
4.634918
4.911417
5.150764
5.404907
5.584417
5.804039
6.016756
6.190349
6.370188
6.521096
6.635181
6.745320
6.836062
6.906420
6.963298
6.996833
7.012286
7.003737
6.973161
6.908721
6.825541
6.732827
6.630578
6.495780
6.338955
6.150567
5.957248
5.730393
5.553513
5.316795
5.068900
4.814428
4.546807
4.292993
4.093428
3.858683
3.604542
3.370455
3.121245
2.882884
2.694826
2.451205
2.235530
2.037279
1.870263
1.732836
1.637163
1.534914
1.455351
1.410638
1.380391
1.374144
1.381706
1.414912
1.469817
1.552668
1.666423
1.795960
1.909716
2.072458
2.248681
2.431149
2.651428
2.876637
3.055161
3.307330
3.553581
3.841587
4.092442
4.368611
4.574424
4.847306
5.098160
5.347043
5.566335
5.785298
5.966782
6.152540
6.324160
6.491835
6.624002
6.737101
6.812719
6.890967
6.948503
6.986312
7.004066
7.004724
6.987298
6.941270
6.864666
6.764718
6.654579
6.511890
6.337311
6.201198
6.017742
5.795162
5.575541
5.347043
5.101448
4.899252
4.622096
4.378803
4.115127
3.873149
3.615720
3.428977
3.186999
2.942392
2.706333
2.457123
2.246379
2.094815
1.914647
1.769658
1.644724
1.540503
1.459296
1.414912
1.385980
1.381706
1.388939
1.420173
1.456338
1.533928
1.637820
1.770973
1.911359
2.072129
2.243749
2.383806
2.587974
2.815814
3.042010
3.293193
3.540431
3.766627
4.025043
4.292007
4.562917
4.836456
5.083037
5.276356
5.512744
5.728092
5.952645
6.144320
6.317913
6.454026
6.589152
6.712443
6.811404
6.884392
6.960668
6.984668
7.007025
7.003737
6.978093
6.932065
6.859076
6.782143
6.673976
6.538850
6.386956
6.204157
6.021688
5.849081
5.620583
5.388468
5.145504
4.898266
4.625055
4.425818
4.185155
3.937260
3.695612
3.438840
3.192917
2.997297
2.761567
2.516302
2.305229
2.116843
1.938976
1.815029
1.684177
1.569764
1.473105
1.411953
1.383021
1.381706
1.378418
1.401433
1.444502
1.519791
1.633875
1.734151
1.875523
2.033334
2.205611
2.386108
2.581728
2.766498
2.987105
3.232699
3.477306
3.751503
4.024385
4.229869
4.501436
4.765770
5.031091
5.269452
5.507484
5.677132
5.896753
6.095333
6.271227
6.446464
6.587180
6.682853
6.789047
6.872556
6.938969
6.985326
7.003737
7.010642
6.996504
6.955736
6.885050
6.795294
6.693703
6.580933
6.427395
6.251172
6.072648
5.863547
5.646884
5.414770
5.215533
4.965336
4.690481
4.433051
4.180552
3.933644
3.740654
3.488484
3.252425
3.006503
2.773731
2.531425
2.355203
2.153336
1.965936
1.810755
1.684835
1.574367
1.504338
1.439899
1.400117
1.388939
1.396830
1.404391
1.436940
1.501051
1.603628
1.723630
1.860399
1.984347
2.159254
2.333175
2.533069
2.763868
2.981516
3.173848
3.426018
3.677858
3.944822
4.213759
4.483353
4.751633
4.967966
5.210272
5.454223
5.662008
5.897082
6.091059
6.233747
6.397148
6.554631
6.671017
6.782472
6.870255
6.923845
6.966915
7.001107
7.009326
6.999792
6.970531
6.904448
6.824226
6.715073
6.589152
6.438902
6.269583
6.126566
5.927000
5.696858
5.466387
5.221122
4.986377
4.764784
4.498148
4.248280
3.994796
3.752490
3.507225
3.316865
3.072915
2.840472
2.599481
2.367368
2.161227
2.011306
1.842317
1.713438
1.609874
1.514859
1.447789
1.411296
1.386966
1.378418
1.396172
1.431680
1.500722
1.574038
1.691410
1.822919
1.980073
2.165172
2.328901
2.482438
2.703374
2.921022
3.165300
3.406949
3.668652
3.891561
4.149977
4.417927
4.676672
4.954157
5.195807
5.392085
5.613678
5.832642
6.054236
6.224870
6.393531
6.517479
6.645373
6.757814
6.849542
6.930420
6.975463
7.006368
7.010971
7.005381
6.983025
6.912009
6.824555
6.737759
6.611509
6.469807
6.296543
6.124922
5.929302
5.748147
5.532142
5.296082
5.049502
4.778592
4.519847
4.316994
4.059893
3.822190
3.565417
3.327714
3.083107
2.894391
2.659647
2.425232
2.215803
2.021498
1.853495
1.742699
1.623683
1.523736
1.443844
1.401104
1.378418
1.374144
1.384007
1.414912
1.480338
1.575025
1.691410
1.796618
1.938319
2.111582
2.277941
2.463698
2.681017
2.858555
3.089354
3.341523
3.597637
3.880054
4.137812
4.350200
4.612233
4.892348
5.130380
5.373015
5.596582
5.770504
5.987495
6.186075
6.350791
6.513206
6.643071
6.750581
6.831131
6.906749
6.963298
6.997819
7.008998
7.006368
6.984668
6.929763
6.853487
6.750252
6.623016
6.486575
6.350462
6.177526
5.993084
5.761298
5.537403
5.304631
5.101777
4.852566
4.580013
4.340008
4.076989
3.838628
3.631172
3.385578
3.147218
2.907213
2.672140
2.438383
2.267421
2.071472
1.893277
1.753877
1.636834
1.533928
1.474420
1.422145
1.396830
1.386966
1.391240
1.424775
1.461927
1.547408
1.660834
1.786426
1.935031
2.094157
2.226981
2.412081
2.631701
2.859870
3.097902
3.345797
3.542732
3.819231
4.078304
4.344940
4.593493
4.867361
5.064297
5.303973
5.541019
5.764915
5.984536
6.166348
6.300488
6.470793
6.603618
6.717374
6.820281
6.902803
6.949818
6.990586
7.008340
7.013929
6.984997
6.927133
6.879132
6.778198
6.658524
6.525041
6.362298
6.184760
6.032208
5.812258
5.592308
5.368084
5.119531
4.873279
4.643137
4.384721
4.121045
3.890246
3.635117
3.396428
3.206068
2.962776
2.727703
2.485397
2.274654
2.081335
1.936675
1.792015
1.664451
1.550038
1.465872
1.406693
1.391569
1.376446
1.384007
1.413926
1.457324
1.540832
1.626313
1.756178
1.897880
2.055691
2.226981
2.411423
2.573508
2.802663
3.027215
3.275110
3.521033
3.799175
4.005645
4.274253
4.533985
4.799634
5.053776
5.295425
5.488087
5.706064
5.929302
6.121635
6.306406
6.463560
6.607893
6.702251
6.799568
6.877817
6.944887
6.988943
7.012286
7.016231
7.000778
6.946859
6.871570
6.772280
6.665099
6.565481
6.408655
6.233747
6.059496
5.838560
5.612692
5.436140
5.182327
4.939363
4.668124
4.400174
4.141757
3.958631
3.719283
3.466457
3.236644
2.991050
2.754991
2.555097
2.328901
2.133610
1.947853
1.795631
1.665437
1.576011
1.483626
1.422803
1.389597
1.378090
1.381049
1.393871
1.441872
1.516832
1.627628
1.749932
1.885386
2.010649
2.181940
2.356189
2.562001
2.787211
3.010119
3.206397
3.457908
3.725530
3.992165
4.255513
4.516888
4.732235
4.998871
5.239862
5.487100
5.701790
5.922398
6.078894
6.250185
6.416217
6.567124
6.692059
6.808445
6.863022
6.937983
6.984340
7.019518
7.016889
6.995189
6.970860
6.893598
6.799568
6.693045
6.563837
6.408984
6.271556
6.086127
5.884260
5.657734
5.441072
5.192847
5.001830
4.735852
4.468230
4.211457
3.965206
3.723229
3.522348
3.284645
3.037407
2.804965
2.559042
2.339751
2.184241
1.987963
1.822919
1.693383
1.580285
1.486913
1.432995
1.396172
1.384665
1.375131
1.393871
1.442529
1.495461
1.593107
1.704232
1.838372
1.987963
2.159912
2.303586
2.497233
2.725402
2.954885
3.202780
3.444429
3.658460
3.928712
4.199622
4.458695
4.720399
4.986049
5.182984
5.427921
5.649186
5.859931
6.067716
6.241966
6.378407
6.536877
6.665099
6.774252
6.863022
6.934695
6.974476
7.005053
7.015244
7.008340
6.971189
6.902475
6.836062
6.729539
6.598687
6.452382
6.283720
6.100922
5.894452
5.709681
5.486443
5.245780
4.999857
4.738153
4.481380
4.281486
4.027015
3.788983
3.540759
3.307659
3.058778
2.865788
2.620852
2.385450
2.182926
1.992895
1.840673
1.731521
1.616779
1.514530
1.443187
1.397816
1.383350
1.380062
1.389268
1.423131
1.493160
1.591134
1.687465
1.816344
1.953442
2.124404
2.295695
2.483096
2.676743
2.892418
3.132423
3.383277
3.643337
3.916876
4.176279
4.397872
4.656288
4.926540
5.169176
5.409510
5.592308
5.809957
6.014454
6.198897
6.366900
6.539836
6.661483
6.752224
6.845925
6.907078
6.965600
7.001436
7.015902
7.012614
6.980723
6.921873
6.830473
6.729539
6.604605
6.490849
6.327447
6.137416
5.958891
5.724804
5.505183
5.309891
5.076461
4.805881
4.541875
4.289048
4.041152
3.851450
3.597637
3.358948
3.116971
2.876637
2.643866
2.449890
2.245393
2.047471
1.873550
1.737110
1.624341
1.533599
1.460940
1.404391
1.378418
1.375131
1.388282
1.415898
1.471790
1.556613
1.670040
1.799905
1.943908
2.085609
2.262489
2.443972
2.661291
2.885514
3.121245
3.324426
3.581527
3.857368
4.109209
4.388009
4.639521
4.856512
5.104736
5.344741
5.582774
5.791874
6.010180
6.164375
6.331393
6.490191
6.627619
6.743677
6.833432
6.906091
6.966257
6.997819
7.010313
7.006039
6.978093
6.935023
6.860392
6.758471
6.643071
6.503013
6.336982
6.159444
6.006893
5.779052
5.557458
5.335536
5.084681
4.884458
4.609602
4.363679
4.107236
3.868218
3.614076
3.413195
3.171876
2.927926
2.699100
2.455479
2.249995
2.096459
1.915962
1.771302
1.647355
1.546750
1.458968
1.417871
1.382692
1.371185
1.375131
1.409323
1.460940
1.533599
1.647683
1.777877
1.927469
2.080678
2.249009
2.388080
2.600468
2.831924
3.064696
3.316865
3.562130
3.791942
4.040495
4.316994
4.573766
4.849936
5.099804
5.290493
5.523265
5.734667
5.967440
6.149909
6.311337
6.452711
6.599673
6.730854
6.821267
6.900831
6.956723
6.997162
7.008011
7.008011
6.986641
6.937983
6.865652
6.758471
6.669702
6.543453
6.377750
6.199883
6.016098
5.795819
5.612363
5.380249
5.140901
4.889389
4.616178
4.363679
4.155566
3.918849
3.663392
3.416812
3.181739
2.938118
2.757950
2.520576
2.298325
2.102376
1.916948
1.774590
1.673328
1.561216
1.474091
1.415898
1.385323
1.372172
1.375788
1.406035
1.455351
1.532284
1.641437
1.763412
1.877825
2.036622
2.207913
2.383806
2.586330
2.812526
2.989078
3.235329
3.488484
3.770572
4.035235
4.303185
4.510970
4.783195
5.034379
5.273068
5.511101
5.727106
5.903000
6.105525
6.281090
6.445807
6.583563
6.710799
6.787075
6.875844
6.946530
6.993217
7.009984
7.012943
6.995189
6.953435
6.893269
6.789047
6.675620
6.548056
6.417203
6.248213
6.063770
5.855985
5.629459
5.399646
5.210272
4.957445
4.683577
4.427133
4.169374
3.932329
3.736708
3.482895
3.243548
2.998283
2.768142
2.526494
2.349614
2.148405
1.960675
1.803193
1.680889
1.576340
1.504010
1.436940
1.402090
1.378418
1.378418
1.402419
1.435296
1.505982
1.606258
1.725274
1.863030
2.020841
2.161884
2.337449
2.535371
2.762224
2.989078
3.241247
3.436867
3.693639
3.964548
4.230526
4.497490
4.769386
4.977829
5.217177
5.455867
5.670228
5.890835
6.101251
6.237035
6.412600
6.562850
6.686799
6.787075
6.868282
6.938640
6.974805
7.003408
7.010313
6.997162
6.957709
6.886036
6.812390
6.715402
6.578303
6.429039
6.257090
6.081853
5.912534
5.684693
5.459812
5.215862
4.973227
4.695412
4.493217
4.236444
3.992823
3.755448
3.503279
3.266234
3.065024
2.829952
2.588961
2.356847
2.159912
1.972182
1.843632
1.710808
1.595737
1.508941
1.439241
1.399789
1.386966
1.384007
1.402090
1.444502
1.512887
1.588504
1.704561
1.832454
1.980402
2.157610
2.334162
2.485397
2.709292
2.927926
3.172204
3.417469
3.680817
3.958631
4.168717
4.430421
4.689166
4.962706
5.207314
5.454880
5.625514
5.843492
6.047660
6.222898
6.399120
6.555288
6.662469
6.757814
6.851515
6.920886
6.972833
7.006039
7.009326
7.011299
6.971846
6.910365
6.818966
6.714744
6.609536
6.470465
6.291940
6.114730
5.912205
5.688639
5.519649
5.276027
5.029776
4.775304
4.505710
4.249267
4.046413
3.810025
3.557198
3.326399
3.084751
2.847048
2.663263
2.423588
2.207584
2.022156
1.848892
1.715082
1.619080
1.514859
1.450748
1.404720
1.386966
1.387624
1.395514
1.426419
1.483626
1.578312
1.697657
1.818974
1.937661
2.109609
2.286161
2.475205
2.696470
2.916090
3.107107
3.363550
3.620651
3.899122
4.158854
4.419571
4.622096
4.893992
5.141887
5.391427
5.614994
5.832971
6.009194
6.187718
6.356709
6.521425
6.648332
6.758142
6.834418
6.912667
6.966915
7.000450
7.010313
7.005710
6.982696
6.930420
6.859076
6.744991
6.623673
6.479013
6.351777
6.166019
5.983221
5.740585
5.530169
5.286548
5.087968
4.831853
4.562917
4.314363
4.061865
3.828107
3.623610
3.379660
3.134396
2.895706
2.656030
2.417999
2.250982
2.057663
1.881112
1.743028
1.621382
1.526695
1.469489
1.412940
1.384994
1.376774
1.380720
1.415570
1.464886
1.547408
1.663465
1.787741
1.932730
2.102376
2.240790
2.418327
2.633345
2.865130
3.090669
3.346783
3.552595
3.836656
4.084551
4.362365
4.619137
4.891690
5.087968
5.335864
5.567650
5.779709
5.999002
6.178842
6.310680
6.479999
6.619071
6.730196
6.834090
6.910037
6.960997
6.992559
7.009984
7.010642
6.980394
6.924503
6.862693
6.764718
6.650633
6.518466
6.354407
6.171937
5.981248
5.799436
5.574225
5.344412
5.104407
4.849936
4.575739
4.378474
4.118414
3.883670
3.633802
3.394126
3.159711
2.962447
2.722771
2.476849
2.260845
2.068184
1.896236
1.780508
1.652615
1.546421
1.468831
1.411296
1.385323
1.380720
1.388610
1.414912
1.472776
1.555298
1.656560
1.760124
1.894592
2.056020
2.231584
2.411752
2.624139
2.807266
3.028531
3.280042
3.530239
3.809696
4.066468
4.285431
4.542532
4.815743
5.066927
5.315151
5.544307
5.720859
5.943110
6.134128
6.305748
6.475725
6.613811
6.705867
6.807787
6.887351
6.952448
6.990915
7.010313
7.012614
6.989600
6.951462
6.878145
6.773924
6.651291
6.548384
6.389586
6.218623
6.026947
5.809628
5.590664
5.412468
5.167203
4.922924
4.654315
4.396557
4.135182
3.943178
3.693310
3.447388
3.211329
2.975269
2.736580
2.537014
2.321339
2.121774
1.937661
1.790371
1.662807
1.578641
1.485598
1.426419
1.396830
1.386309
1.387624
1.407350
1.452392
1.527352
1.629601
1.748288
1.890318
2.019197
2.189173
2.378217
2.577782
2.805951
3.030503
3.228425
3.471388
3.747229
4.009919
4.276884
4.536943
4.752290
5.017282
5.255314
5.495648
5.710667
5.932918
6.089744
6.267282
6.434957
6.580604
6.706196
6.810747
6.878145
6.948503
6.985655
7.010313
7.010971
6.993546
6.961654
6.895570
6.806801
6.694031
6.573042
6.407011
6.264980
6.083826
5.873081
5.647871
5.418057
5.181340
4.977500
4.709221
4.455079
4.203238
3.960274
3.709749
3.507225
3.269850
3.013078
2.785238
2.544576
2.322654
2.164515
1.976456
1.825221
1.694040
1.582258
1.486585
1.432666
1.394528
1.378747
1.385323
1.404391
1.446146
1.498092
1.596724
1.713109
1.856783
2.010320
2.185556
2.327257
2.516631
2.740196
2.965406
3.212972
3.460210
3.678187
3.942192
4.205540
4.482696
4.746372
5.008076
5.196135
5.440085
5.654118
5.882945
6.083497
6.265309
6.393860
6.547398
6.672332
6.784773
6.871241
6.948503
6.977764
7.008998
7.022806
7.006368
6.977107
6.895570
6.811404
6.718689
6.595399
6.445149
6.273200
6.092045
5.884588
5.704091
5.479538
5.243150
5.003145
4.736180
4.513600
4.266363
4.005974
3.764325
3.515115
3.284316
3.042668
2.852637
2.617893
2.380847
2.179967
1.989279
1.825550
1.713109
1.603628
1.501379
1.434310
1.401433
1.387295
1.385323
1.398145
1.434310
1.499736
1.604614
1.696671
1.831139
1.977443
2.140514
2.314764
2.497890
2.685291
2.911816
3.150505
3.394455
3.658460
3.925096
4.135182
4.403790
4.673713
4.946596
5.188573
5.431538
5.600527
5.827382
6.050291
6.218623
6.386298
6.541480
6.644386
6.749923
6.846583
6.921873
6.973819
7.005381
7.016560
7.010642
6.976120
6.921215
6.841980
6.726252
6.598029
6.482958
6.311995
6.131169
5.933905
5.705078
5.485785
5.294438
5.052461
4.796017
4.523464
4.272609
4.011892
3.824162
3.570349
3.336920
3.090997
2.857569
2.616906
2.427204
2.231913
2.031690
1.866975
1.729877
1.616121
1.534257
1.457324
1.409323
1.390254
1.383350
1.393871
1.418200
1.480009
1.579299
1.688780
1.817659
1.959689
2.099417
2.274654
2.460082
2.684305
2.912145
3.144259
3.343495
3.595336
3.865916
4.127291
4.397543
4.652343
4.873608
5.119531
5.371700
5.599212
5.814559
6.030564
6.169636
6.337968
6.505972
6.637482
6.761102
6.841322
6.901488
6.955408
7.000778
7.010642
7.009984
6.977764
6.928448
6.846583
6.750909
6.629920
6.491178
6.318900
6.177526
5.990454
5.766230
5.542992
5.315480
5.061338
4.854210
4.581328
4.333104
4.075345
3.835340
3.587116
3.402017
3.169903
2.929241
2.690880
2.447917
2.239804
2.043855
1.901167
1.756507
1.633217
1.528339
1.450748
1.406693
1.382364
1.374473
1.385980
1.418529
1.479023
1.550038
1.661821
1.782152
1.921880
2.085938
2.259530
2.403204
2.617564
2.841459
3.069956
3.318837
3.573308
3.798518
4.063509
4.335734
4.598424
4.873608
5.119202
5.313179
5.543978
5.754723
5.977303
6.163718
6.338297
6.472108
6.615126
6.721977
6.828172
6.906749
6.961654
6.993217
7.014916
7.016889
6.992888
6.940284
6.863022
6.773924
6.664113
6.531288
6.368216
6.187061
5.999988
5.770833
5.595596
5.365125
5.123476
4.869663
4.591520
4.392283
4.141100
3.901424
3.650570
3.416812
3.177136
2.939104
2.746114
2.495918
2.284846
2.090212
1.914647
1.765055
1.663793
1.552668
1.469817
1.416227
1.385980
1.375459
1.380720
1.412282
1.460612
1.538202
1.652615
1.752891
1.888345
2.048786
2.222708
2.400574
2.615263
2.788526
3.014722
3.262617
3.516759
3.790956
4.048715
4.322254
4.522806
4.796346
5.053776
5.296740
5.534444
5.700475
5.929959
6.124922
6.289310
6.457643
6.596385
6.719347
6.795294
6.884063
6.950805
6.992559
7.011299
7.007683
6.994861
6.952448
6.878145
6.780499
6.672332
6.535562
6.410628
6.231774
6.049633
5.834943
5.610719
5.384194
5.185615
4.941664
4.670097
4.412009
4.148004
3.907342
3.707448
3.452977
3.225466
2.980530
2.745785
2.505781
2.333833
2.134268
1.954100
1.803522
1.678259
1.566148
1.491516
1.431022
1.396501
1.384665
1.389268
1.415241
1.453707
1.521763
1.622368
1.738754
1.880783
2.034978
2.170433
2.343696
2.555097
2.780635
3.006503
3.256042
3.455936
3.729804
3.998083
4.266034
4.524779
4.792072
4.995583
5.226382
5.483812
5.688639
5.911877
6.106183
6.248870
6.419176
6.577645
6.698306
6.802198
6.892940
6.934366
6.979079
7.010642
7.017217
6.998806
6.951133
6.892940
6.803514
6.700607
6.573700
6.415888
6.241309
6.094675
5.884260
5.664310
5.432852
5.188244
4.946596
4.734208
4.471189
4.213759
3.961590
3.714352
3.469744
3.287275
3.048914
2.816801
2.578769
2.346984
2.151364
1.997169
1.829495
1.695356
1.583573
1.485598
1.422145
1.395843
1.380062
1.387624
1.404720
1.446474
1.515517
1.597052
1.715082
1.845934
1.997169
2.171748
2.341723
2.497233
2.724087
2.954228
3.199493
3.451004
3.722900
3.935616
4.186142
4.451462
4.710536
4.978487
5.217505
5.417729
5.638008
5.859601
6.068373
6.244925
6.412929
6.535233
6.663126
6.769321
6.858090
6.930420
6.978422
7.012614
7.014587
7.003737
6.964942
6.894913
6.812390
6.725923
6.616769
6.462903
6.287008
6.104867
5.899055
5.718557
5.499922
5.262877
5.016624
4.748674
4.485655
4.281486
4.028988
3.791614
3.536157
3.303714
3.059106
2.869404
2.631701
2.399259
2.193447
2.000786
1.842317
1.709164
1.616779
1.517818
1.439241
1.398802
1.382364
1.378090
1.392227
1.426419
1.492174
1.587847
1.700616
1.803193
1.950483
2.116514
2.293394
2.487699
2.714552
2.902282
3.134724
3.386565
3.647282
3.915890
4.174963
4.444558
4.652672
4.926540
5.166874
5.401947
5.627816
5.810943
6.022345
6.202842
6.365914
6.530959
6.651948
6.769650
6.843295
6.917270
6.970531
7.001436
7.012614
7.004066
6.972833
6.910694
6.839350
6.725594
6.602632
6.465533
6.324489
6.147937
5.955604
5.730722
5.511758
5.277671
5.080078
4.825607
4.554368
4.300884
4.051345
3.813641
3.606185
3.365523
3.122888
2.885514
2.646496
2.408793
2.246050
2.049444
1.887359
1.743028
1.624012
1.522092
1.457324
1.410638
1.382364
1.375131
1.389925
1.424118
1.469489
1.554312
1.672013
1.797275
1.941278
2.115856
2.255256
2.441999
2.663263
2.891103
3.121573
3.358948
3.558842
3.839614
4.096715
4.364008
4.628343
4.902540
5.096845
5.341453
5.574883
5.791545
6.013797
6.194952
6.327447
6.492164
6.628934
6.745978
6.847898
6.913324
6.957709
6.996504
7.003080
7.011957
6.978751
6.919242
6.855131
6.763403
6.637482
6.508603
6.332379
6.155499
6.004591
5.782997
5.561074
5.334549
5.096845
4.831196
4.616507
4.353817
4.093428
3.859012
3.608487
3.372756
3.190944
2.944036
2.707319
2.463369
2.252297
2.051745
1.909058
1.762096
1.638807
1.541490
1.455680
1.410638
1.387624
1.382364
1.388610
1.416885
1.472119
1.564175
1.652286
1.769001
1.913003
2.076075
2.249667
2.425889
2.602769
2.839157
3.061408
3.312591
3.563445
3.850793
4.050030
4.317651
4.574752
4.850923
5.091585
5.334549
5.515375
5.731051
5.955604
6.150238
6.322187
6.487890
6.590796
6.718361
6.816665
6.899516
6.960997
7.005710
7.010313
7.012286
6.990915
6.953435
6.867296
6.768006
6.671017
6.535562
6.371503
6.197910
6.012153
5.784312
5.608747
5.384194
5.142216
4.898266
4.626041
4.376831
4.171347
3.922465
3.673913
3.425689
3.186342
2.936474
2.758608
2.507425
2.293394
2.103692
1.924510
1.777549
1.673985
1.572066
1.486913
1.427734
1.398145
1.387953
1.389268
1.407022
1.451077
1.525709
1.630258
1.758480
1.866975
2.021827
2.203639
2.379203
2.592248
2.827979
3.004530
3.253740
3.502293
3.785696
4.036879
4.309103
4.512285
4.775962
5.033721
5.278657
5.514060
5.726777
5.912534
6.109470
6.277802
6.454683
6.599016
6.712443
6.794965
6.879460
6.947188
6.981052
7.002422
7.008998
6.994203
6.953763
6.883735
6.799239
6.676606
6.554960
6.378736
6.247884
6.067387
5.854012
5.626829
5.409838
5.153395
4.958103
4.685878
4.438311
4.175292
3.928712
3.686735
3.486840
3.259001
3.006503
2.769786
2.529124
2.306216
2.150377
1.962648
1.811084
1.683191
1.575682
1.482311
1.427405
1.392556
1.378418
1.380391
1.406693
1.452063
1.511571
1.611518
1.731849
1.863030
2.020841
2.193447
2.334819
2.535699
2.762553
2.987105
3.238945
3.481580
3.699557
3.972439
4.231184
4.497162
4.763469
5.031419
5.227040
5.459483
5.677132
5.899712
6.099278
6.272542
6.411942
6.561535
6.687127
6.790034
6.864995
6.938640
6.977764
7.003737
7.011299
6.997491
6.966915
6.884063
6.820939
6.719018
6.587508
6.435943
6.260706
6.079223
5.913192
5.684036
5.459812
5.208957
4.972240
4.711522
4.495847
4.244664
3.997426
3.756435
3.496375
3.262946
3.063709
2.827321
2.590276
2.355532
2.155967
1.964949
1.838701
1.709493
1.595080
1.502037
1.437926
1.397816
1.385651
1.383350
1.398145
1.434310
1.506640
1.610203
1.697328
1.823577
1.973826
2.147418
2.321668
2.516631
2.701401
2.921350
3.162670
3.412209
3.681803
3.954028
4.161813
4.430749
4.690481
4.964349
5.210601
5.458826
5.624856
5.845793
6.048975
6.234405
6.400435
6.551343
6.666414
6.762745
6.851515
6.922530
6.973490
7.008340
7.011628
7.013929
6.978093
6.921544
6.825541
6.708827
6.592440
6.467505
6.296214
6.113744
5.913520
5.697516
5.476908
5.284904
5.040296
4.772346
4.508340
4.248609
3.992494
3.802134
3.547664
3.311604
3.076860
2.837842
2.601125
2.420958
2.209228
2.014923
1.846262
1.709821
1.598039
1.524394
1.452721
1.409323
1.387624
1.385323
1.393542
1.429049
1.490859
1.585545
1.700287
1.824234
1.937990
2.110267
2.282215
2.477178
2.696798
2.922008
3.103820
3.356975
3.609802
3.896492
4.146689
4.417599
4.629329
4.900896
5.143531
5.390112
5.614007
5.841190
6.014783
6.191992
6.360654
6.522082
6.652606
6.762745
6.836391
6.905434
6.960339
7.001436
7.014587
7.008011
6.991901
6.928777
6.845925
6.747622
6.628934
6.486903
6.306406
6.168978
5.974015
5.746832
5.526553
5.288192
5.041611
4.836785
4.564889
4.313377
4.056934
3.815943
3.559828
3.373414
3.128806
2.890117
2.660305
2.423259
2.256571
2.068513
1.886701
1.749274
1.628286
1.530969
1.456009
1.416227
1.387295
1.378747
1.387624
1.419186
1.470475
1.558586
1.666423
1.792015
1.932072
2.099746
2.239804
2.423259
2.643866
2.864144
3.096258
3.354016
3.550294
3.830738
4.084551
4.356118
4.613876
4.889718
5.092900
5.325672
5.562389
5.778394
5.998015
6.182458
6.324489
6.484602
6.621043
6.743019
6.832775
6.905763
6.962641
6.993546
7.011957
7.014587
6.984011
6.928119
6.849213
6.765047
6.654250
6.512219
6.350133
6.166677
5.979933
5.803710
5.578171
5.346385
5.100133
4.854539
4.576725
4.375844
4.117757
3.882355
3.619007
3.382948
3.139656
2.944365
2.710607
2.479151
2.266763
2.070157
1.893934
1.783467
1.653601
1.547736
1.461269
1.409981
1.386309
1.377761
1.381377
1.409323
1.465214
1.548723
1.656889
1.761110
1.894263
2.053389
2.226981
2.412738
2.633674
2.807595
3.035106
3.289248
3.544705
3.825806
4.083564
4.295623
4.551409
4.822319
5.075146
5.319097
5.560088
5.721188
5.932590
6.123936
6.304433
6.474081
6.616769
6.703895
6.814034
6.885378
6.956065
6.992559
7.010313
7.022806
6.992230
6.945215
6.872227
6.772937
6.657208
6.550685
6.399120
6.220596
6.032537
5.811929
5.592966
5.358221
5.164902
4.919965
4.643466
4.391954
4.136168
3.898794
3.700543
3.447388
3.206397
2.960474
2.726059
2.490986
2.322326
2.134268
1.954429
1.798261
1.674643
1.565490
1.491516
1.423789
1.387953
1.381706
1.384665
1.414255
1.448447
1.517489
1.618094
1.739740
1.882099
2.043197
2.186542
2.366710
2.571207
2.798718
3.025572
3.226123
3.474018
3.749202
4.009262
4.278198
4.545820
4.817716
5.017940
5.258274
5.495319
5.710009
5.929630
6.082510
6.260706
6.429039
6.580604
6.695018
6.805486
6.888666
6.945873
6.987956
7.002751
7.012943
6.995518
6.948832
6.893598
6.799568
6.689757
6.562850
6.406682
6.233089
6.076592
5.878013
5.647213
5.430880
5.174436
4.921609
4.701659
4.447517
4.193375
3.956000
3.711722
3.457908
3.266891
3.016037
2.788855
2.548193
2.338107
2.134268
1.977443
1.823906
1.689109
1.574696
1.481982
1.421816
1.393871
1.379076
1.378090
1.407022
1.451406
1.522750
1.605272
1.715082
1.847249
1.993224
2.168789
2.348628
2.508740
2.734607
2.965077
3.208041
3.459224
3.737695
3.946466
4.212115
4.475791
4.734537
5.001501
5.246438
5.443702
5.661022
5.884260
6.080538
6.251501
6.424108
6.547727
6.674305
6.780170
6.862364
6.925489
6.986641
6.999792
7.014258
7.008340
6.966915
6.892940
6.803514
6.719018
6.588823
6.448108
6.271885
6.097963
5.887547
5.702776
5.483484
5.240191
4.993610
4.718755
4.460997
4.267349
4.010577
3.769914
3.518732
3.284974
3.037736
2.847705
2.608030
2.375258
2.174706
1.991251
1.839029
1.727575
1.611847
1.517489
1.443844
1.400446
1.380062
1.376446
1.388610
1.426748
1.493489
1.597710
1.711137
1.818317
1.963305
2.135911
2.315421
2.509398
2.736251
2.920364
3.164314
3.413524
3.679831
3.940877
4.194361
4.408393
4.663521
4.934431
5.174436
5.419044
5.642611
5.814230
6.041742
6.214020
6.381367
6.538521
6.663126
6.753540
6.849213
6.925160
6.975791
7.014916
7.014258
7.021491
6.978093
6.918913
6.826528
6.720334
6.598687
6.454026
6.317913
6.142676
5.944754
5.712639
5.493018
5.253342
5.058050
4.800291
4.537272
4.288062
4.033920
3.791942
3.586130
3.345468
3.102176
2.855925
2.619865
2.388080
2.230269
2.041553
1.880783
1.741055
1.623683
1.523407
1.456338
1.406693
1.382364
1.375459
1.391569
1.418200
1.474091
1.563518
1.680889
1.809768
1.962977
2.097445
2.272681
2.455150
2.680688
2.900966
3.141629
3.341851
3.595665
3.870519
4.122360
4.393927
4.652672
4.924568
5.133339
5.377290
5.599212
5.811929
6.024317
6.202513
6.342571
6.504657
6.641756
6.749923
6.841651
6.916283
6.960339
7.001436
7.022806
7.018532
6.983682
6.915955
6.857104
6.752882
6.635839
6.498410
6.328105
6.148923
5.991111
5.763928
5.547266
5.314494
5.069228
4.808839
4.591849
4.337049
4.079290
3.844875
3.590733
3.356646
3.166286
2.921022
2.691538
2.449232
2.236516
2.041882
1.902154
1.760124
1.639793
1.536887
1.460940
1.417871
1.405378
1.396501
1.398802
1.426748
1.476721
1.554312
1.644067
1.763740
1.907743
2.073773
2.249667
2.435752
2.609674
2.837513
3.072586
3.332646
3.582185
3.863286
4.068441
4.337378
4.591191
4.863416
5.113613
5.351645
5.533457
5.744531
5.969412
6.152211
6.334023
6.489205
6.608550
6.723621
6.828172
6.904448
6.962641
6.995189
7.025436
7.014587
6.996504
6.940941
6.860063
6.753540
6.663126
6.526685
6.374791
6.195609
6.012153
5.784312
5.562061
5.375975
5.130380
4.876895
4.609602
4.354803
4.154251
3.905369
3.654186
3.409579
3.171218
2.924309
2.692524
2.496904
2.276955
2.086924
1.913661
1.765055
1.672341
1.561545
1.476721
1.421816
1.394199
1.381706
1.387295
1.414583
1.461269
1.543791
1.649656
1.767357
1.877825
2.029718
2.202981
2.389395
2.604742
2.824033
3.013407
3.269850
3.521362
3.808052
4.057920
4.327186
4.528724
4.801278
5.051146
5.295425
5.531485
5.742887
5.929630
6.122950
6.298187
6.458629
6.616112
6.729210
6.808445
6.873542
6.944558
6.988285
7.012614
7.015902
6.992230
6.952120
6.879789
6.782143
6.669702
6.539507
6.409313
6.233747
6.046674
5.826724
5.602500
5.375646
5.183970
4.939363
4.667795
4.408393
4.153265
3.909972
3.712379
3.465799
3.234671
2.988749
2.754662
2.509398
2.342052
2.139199
1.956072
1.806481
1.674643
1.562531
1.486256
1.422474
1.387295
1.378418
1.377761
1.407350
1.441214
1.514202
1.619080
1.742041
1.870920
2.026430
2.165830
2.344353
2.553782
2.788197
3.011434
3.261631
3.456593
3.729475
3.992823
4.253869
4.516888
4.787140
4.990652
5.239204
5.481840
5.689296
5.913520
6.110127
6.252158
6.421477
6.576330
6.692716
6.793322
6.881104
6.944887
6.991573
7.010642
7.012286
6.993546
6.947517
6.877817
6.794308
6.702251
6.562521
6.413258
6.239665
6.062455
5.890178
5.670885
5.453237
5.203368
4.964349
4.691796
4.480394
4.223951
3.968822
3.717311
3.466785
3.240918
3.039380
2.816801
2.572522
2.350929
2.153665
1.965278
1.838701
1.706534
1.594093
1.504667
1.436940
1.400775
1.386309
1.385323
1.406693
1.439241
1.514202
1.608559
1.697328
1.825878
1.980402
2.152679
2.335477
2.542275
2.726717
2.945022
3.197849
3.445744
3.721256
3.990850
4.194032
4.455079
4.714810
4.986049
5.225396
5.469018
5.637021
5.860917
6.059825
6.237035
6.405038
6.574028
6.663126
6.770965
6.856446
6.929434
6.981709
7.013272
7.017546
7.012943
6.972504
6.906420
6.817651
6.710799
6.610523
6.460601
6.288981
6.106511
5.908260
5.683707
5.503210
5.265178
5.017940
4.754263
4.490586
4.242362
4.038194
3.798518
3.537800
3.297467
3.055161
2.817458
2.628742
2.396300
2.197721
2.012950
1.843632
1.708178
1.615792
1.524722
1.445817
1.402419
1.381377
1.382035
1.393213
1.427077
1.492503
1.590148
1.701602
1.836728
1.952785
2.120788
2.295695
2.480794
2.706990
2.930885
3.121902
3.372099
3.633802
3.913260
4.167730
4.440613
4.645768
4.918650
5.160627
5.403263
5.620254
5.850396
6.018071
6.206788
6.376764
6.535562
6.658524
6.769321
6.841322
6.919242
6.971189
6.997162
7.026423
7.007683
6.969545
6.919571
6.835404
6.735128
6.618084
6.465204
6.301803
6.147937
5.955275
5.730064
5.508471
5.270767
5.025830
4.819360
4.546149
4.297925
4.037865
3.799833
3.540431
3.356318
3.114012
2.879596
2.639920
2.402875
2.204296
2.050759
1.876838
1.738754
1.624012
1.528668
1.449105
1.411624
1.378090
1.372500
1.390254
1.422474
1.467845
1.554641
1.671355
1.793659
1.941278
2.111911
2.252954
2.431149
2.653729
2.890117
3.114340
3.370784
3.570349
3.858355
4.103949
4.374200
4.633603
4.907143
5.148463
5.347043
5.574554
5.794504
6.009851
6.187061
6.356709
6.491835
6.626961
6.741046
6.827514
6.908721
6.967243
6.997819
7.014258
7.017217
6.979408
6.922859
6.840994
6.758471
6.634852
6.508274
6.342900
6.161088
5.962508
5.787600
5.565020
5.336522
5.091585
4.838429
4.563245
4.361707
4.103291
3.861971
3.606843
3.370455
3.127491
2.943707
2.710936
2.467643
2.257557
2.070486
1.892948
1.782809
1.656889
1.556613
1.465214
1.409652
1.381049
1.380720
1.384665
1.409652
1.458639
1.547408
1.661492
1.766699
1.905441
2.073773
2.239475
2.420300
2.642222
2.825020
3.047599
3.298125
3.550294
3.833697
4.100003
4.313377
4.571465
4.848292
5.094873
5.339481
5.565349
5.735982
5.956261
6.139389
6.317585
6.481972
6.619400
6.717703
6.818637
6.905105
6.963955
7.003408
7.015244
7.016560
6.993217
6.946859
6.870913
6.763074
6.646688
6.541809
6.388928
6.204486
6.026619
5.796148
5.572910
5.393071
5.145504
4.905170
4.626698
4.374200
4.117428
3.926411
3.682132
3.431607
3.196205
2.954556
2.712251
2.515644
2.301613
2.106322
1.924181
1.781823
1.652286
1.550038
1.480667
1.422474
1.390912
1.382364
1.388610
1.404720
1.450091
1.530640
1.639793
1.765713
1.906099
2.030704
2.203967
2.382162
2.582057
2.810554
3.040366
3.244863
3.496046
3.772216
4.030961
4.302856
4.557985
4.782537
5.038981
5.281288
5.522937
5.726777
5.953302
6.106183
6.278789
6.446135
6.587837
6.717703
6.810089
6.894255
6.945544
6.989271
7.008998
7.021491
6.993546
6.947845
6.887022
6.795952
6.678250
6.543124
6.401422
6.216322
6.068702
5.862232
5.632419
5.413455
5.160956
4.913718
4.689166
4.433380
4.178909
3.940877
3.694297
3.448703
3.262946
3.015051
2.778992
2.524850
2.300298
2.111253
1.959360
1.805494
1.682862
1.576340
1.487571
1.427077
1.396830
1.377432
1.377761
1.402090
1.448447
1.526366
1.608888
1.728233
1.862043
2.018539
2.200022
2.372628
2.532412
2.760580
2.976255
3.229411
3.481909
3.756106
3.968822
4.233157
4.488943
4.752290
5.015638
5.250054
5.444688
5.672200
5.892479
6.095004
6.269912
6.434628
6.561535
6.674963
6.784773
6.872556
6.943572
6.992230
7.012943
7.019518
7.001765
6.958038
6.888666
6.793322
6.711128
6.587180
6.437587
6.261693
6.076592
5.867821
5.686337
5.463100
5.223094
4.974213
4.709221
4.443901
4.235458
3.985590
3.742297
3.495060
3.258672
3.023270
2.831924
2.593564
2.366052
2.168789
1.977443
1.821933
1.715082
1.600011
1.503352
1.432666
1.399460
1.389925
1.386966
1.404391
1.441543
1.510585
1.610861
1.731192
1.835742
1.986320
2.152679
2.324627
2.520905
2.749073
2.925296
3.172204
3.420099
3.682132
3.950740
4.217704
4.434037
4.688837
4.966980
5.203039
5.446003
5.665625
5.842505
6.055551
6.234405
6.399778
6.552001
6.673976
6.762088
6.859734
6.927790
6.979408
7.013929
7.027738
7.017217
6.980394
6.908392
6.822582
6.713758
6.588495
6.469807
6.300488
6.122950
5.923384
5.688639
5.470662
5.284246
5.037008
4.779250
4.510970
4.259130
4.006303
3.812655
3.559828
3.319824
3.071271
2.839157
2.600796
2.414382
2.204296
2.011635
1.846591
1.712780
1.600011
1.527024
1.450420
1.407022
1.389597
1.380391
1.393213
1.422145
1.482968
1.576340
1.697328
1.825878
1.972182
2.105664
2.286489
2.468958
2.690223
2.925953
3.158725
3.365523
3.615062
3.892547
4.148333
4.421215
4.680946
4.904184
5.149120
5.403592
5.617295
5.831327
6.042400
6.177855
6.351448
6.516493
6.651291
6.762417
6.852172
6.910365
6.960997
7.001107
7.012943
7.020833
6.979079
6.929434
6.847569
6.745978
6.625318
6.482958
6.315612
6.130512
5.975659
5.744202
5.524252
5.293781
5.051146
4.795689
4.580999
4.325542
4.074359
3.830738
3.574623
3.327057
3.134396
2.894062
2.662606
2.418656
2.218105
2.025444
1.884400
1.741055
1.621053
1.518476
1.439899
1.400775
1.383021
1.379076
1.384994
1.412282
1.468502
1.559901
1.652615
1.784124
1.937990
2.112240
2.281229
2.461397
2.639920
2.861185
3.088038
3.343824
3.588103
3.869204
4.070414
4.343953
4.609273
4.878868
5.130380
5.377618
5.559759
5.772805
5.996372
6.179499
6.341256
6.500712
6.613153
6.729868
6.824555
6.903790
6.960339
6.984668
7.008340
7.012286
6.980394
6.924174
6.847569
6.743677
6.653592
6.513206
6.347832
6.167663
5.980262
5.750448
5.582774
5.350659
5.108681
4.858155
4.587903
4.333104
4.125648
3.889588
3.635446
3.394455
3.169574
2.932529
2.739539
2.505452
2.297339
2.108294
1.935688
1.794974
1.708506
1.612833
1.542805
1.498420
1.485270
1.479023
1.488229
1.514530
1.575353
1.658533
1.769658
1.895907
2.012293
2.176679
2.341723
2.536686
2.760580
2.964091
3.146889
3.376044
3.606185
3.860656
4.092770
4.335734
4.500450
4.717769
4.935089
5.114599
5.282274
5.432524
5.536088
5.633076
5.723818
5.803381
5.867821
5.909575
5.929959
5.927000
5.929630
5.901027
5.845135
5.766230
5.696529
5.601514
5.501895
5.395043
5.277342
5.161285
5.071858
4.957774
4.845991
4.734208
4.627685
4.530039
4.460997
4.379132
4.312720
4.242033
4.183512
4.131894
4.099346
4.067126
4.041481
4.025700
4.012878
3.999070
4.000385
3.990850
3.989535
3.994796
3.994467
4.006303
4.013535
4.027015
4.042468
4.057920
4.070414
4.081263
4.094414
4.102633
4.116442
4.128935
4.139127
4.153265
4.162799
4.171347
4.179566
4.193046
4.188443
4.199293
4.198635
