4.235786
4.237759
4.237759
4.240389
4.241704
4.242362
4.244335
4.239732
4.238417
4.240061
4.240389
4.240718
4.235458
4.240061
4.247294
4.241376
4.240389
4.240061
4.239732
4.241047
4.239074
4.241376
4.243677
4.239732
4.240389
4.239732
4.242033
4.239403
4.238088
4.239403
4.250581
4.247294
4.241704
4.242033
4.242033
4.240389
4.241047
4.246307
4.238746
4.237759
4.245650
4.242033
4.241047
4.236115
4.198635
4.138798
4.060550
3.996768
3.914904
3.838299
3.762353
3.685749
3.602898
3.555883
3.510841
3.472374
3.445086
3.412209
3.390181
3.377030
3.369797
3.371441
3.389852
3.413195
3.445415
3.480265
3.535170
3.598952
3.680817
3.768600
3.842573
3.949425
4.060550
4.173320
4.299569
4.415626
4.534313
4.630315
4.756893
4.883142
4.989336
5.084681
5.185286
5.251040
5.332248
5.398989
5.450277
5.497621
5.538389
5.561403
5.587048
5.599541
5.600199
5.600856
5.575212
5.554828
5.508800
5.453237
5.374002
5.289507
5.227040
5.132024
5.036022
4.924568
4.802921
4.670754
4.561602
4.437325
4.314692
4.184498
4.053317
3.930027
3.801477
3.694954
3.570678
3.458895
3.352043
3.259658
3.168588
3.105464
3.030832
2.972310
2.931871
2.882555
2.859541
2.842774
2.841787
2.836856
2.842774
2.865788
2.899980
2.931214
2.994338
3.056805
3.138998
3.227110
3.326399
3.415168
3.523335
3.646296
3.794901
3.920821
4.053317
4.163456
4.310090
4.443572
4.568834
4.693111
4.797332
4.921280
5.030104
5.128079
5.223423
5.311206
5.373015
5.439757
5.490059
5.538060
5.569952
5.609733
5.616637
5.634391
5.647871
5.641295
5.615980
5.584746
5.547266
5.489073
5.419373
5.340796
5.240191
5.139915
5.059036
4.940349
4.827908
4.705605
4.576067
4.452448
4.350200
4.215732
4.086195
3.956987
3.829422
3.696598
3.595336
3.477635
3.370784
3.280700
3.184040
3.095929
3.039380
2.986119
2.935159
2.896364
2.872034
2.846719
2.832253
2.829623
2.844089
2.866445
2.896035
2.946337
2.982173
3.048914
3.120587
3.213630
3.312591
3.414839
3.510183
3.632487
3.765640
3.892876
4.023070
4.150963
4.266363
4.398530
4.523792
4.653987
4.789442
4.916677
5.005775
5.104736
5.199094
5.285891
5.369071
5.446003
5.485785
5.530827
5.571924
5.597897
5.623213
5.634720
5.643597
5.643597
5.626501
5.598884
5.555814
5.503210
5.440743
5.355590
5.263863
5.163258
5.062982
4.950212
4.860128
4.727304
4.607630
4.469873
4.348556
4.217047
4.106907
3.990850
3.860656
3.726845
3.591062
3.472703
3.393469
3.293522
3.203109
3.120587
3.054504
2.985132
2.946008
2.898336
2.873021
2.848363
2.844418
2.836198
2.846719
2.861842
2.891761
2.930885
2.985461
3.044312
3.102833
3.188643
3.278727
3.383934
3.499005
3.621638
3.733092
3.859012
3.996111
4.124003
4.267678
4.408721
4.508011
4.628343
4.765441
4.887087
4.998213
5.097503
5.173121
5.267808
5.355919
5.430223
5.487758
5.534772
5.574883
5.596911
5.620583
5.634062
5.648529
5.637350
5.621898
5.596253
5.556143
5.494662
5.434167
5.357234
5.283918
5.186272
5.081393
4.987692
4.864731
4.758866
4.631301
4.499792
4.381433
4.246307
4.110195
4.016495
3.896492
3.758407
3.625254
3.502950
3.398072
3.312591
3.228425
3.141957
3.061408
2.994996
2.942721
2.908857
2.874007
2.858883
2.841459
2.840472
2.841130
2.863486
2.883213
2.925296
2.970338
3.028531
3.100861
3.166944
3.263275
3.362235
3.470731
3.587116
3.718955
3.830409
3.957973
4.093757
4.235458
4.374858
4.498477
4.600397
4.735194
4.865060
4.976185
5.077776
5.169176
5.241835
5.323699
5.410825
5.470662
5.526882
5.560088
5.583431
5.611706
5.629131
5.648857
5.635377
5.631104
5.603487
5.564034
5.515375
5.459812
5.373673
5.288849
5.212245
5.120517
5.008734
4.896951
4.767414
4.634261
4.538916
4.405434
4.272281
4.133209
4.002686
3.879396
3.771887
3.638405
3.517416
3.408264
3.312919
3.223493
3.154779
3.078504
3.017023
2.956858
2.909186
2.876308
2.859870
2.845075
2.845075
2.848034
2.855596
2.885185
2.915104
2.960474
3.022613
3.091984
3.168917
3.259658
3.331660
3.450675
3.560486
3.697256
3.828107
3.959617
4.059893
4.203567
4.343296
4.467572
4.600397
4.727632
4.833498
4.949883
5.050159
5.145504
5.238218
5.328302
5.392742
5.459812
5.517347
5.557129
5.590993
5.617295
5.629788
5.637679
5.638336
5.631432
5.612363
5.578171
5.529512
5.468689
5.388797
5.305946
5.205669
5.115257
5.025501
4.912732
4.783524
4.658590
4.523464
4.403790
4.302856
4.162141
4.032605
3.905369
3.777476
3.638076
3.537800
3.433250
3.332317
3.238617
3.151492
3.074230
3.020311
2.963104
2.913460
2.885843
2.859870
2.848691
2.841787
2.843760
2.849020
2.881240
2.915761
2.964420
3.012749
3.074559
3.154779
3.244206
3.341194
3.453635
3.539115
3.673255
3.811997
3.931671
4.053317
4.195347
4.307459
4.444887
4.572780
4.710207
4.828895
4.958432
5.035694
5.134983
5.234273
5.323371
5.397674
5.460470
5.503210
5.547924
5.584746
5.606774
5.631104
5.640966
5.640309
5.638994
5.627158
5.592637
5.534115
5.477566
5.406222
5.333891
5.237232
5.141559
5.028131
4.944952
4.821990
4.687193
4.553053
4.432722
4.302528
4.196005
4.055947
3.939233
3.816272
3.687063
3.544376
3.458237
3.346454
3.256042
3.167273
3.088038
3.017352
2.974941
2.928912
2.892747
2.863486
2.847705
2.840472
2.840472
2.853294
2.874336
2.908528
2.949954
3.003872
3.054832
3.129464
3.216260
3.312591
3.414182
3.532211
3.631172
3.773202
3.911287
4.031290
4.164443
4.305487
4.441928
4.546149
4.680618
4.809497
4.933444
5.043255
5.119531
5.217177
5.308576
5.381564
5.445017
5.499265
5.534772
5.571924
5.605788
5.621569
5.630774
5.632419
5.632090
5.618281
5.590664
5.549896
5.498607
5.426935
5.353289
5.258274
5.162600
5.056077
4.946596
4.830538
4.716783
4.582972
4.463298
4.336391
4.195347
4.063838
3.962576
3.838299
3.705475
3.576267
3.458895
3.358948
3.277741
3.193903
3.117299
3.049243
2.984804
2.931214
2.898336
2.863486
2.846719
2.833568
2.830609
2.839815
2.856911
2.889131
2.935159
2.986448
3.052531
3.128149
3.197849
3.295494
3.401688
3.517745
3.639063
3.777148
3.882026
4.005974
4.135839
4.275239
4.418585
4.535300
4.661549
4.767085
4.891690
5.010378
5.105393
5.191861
5.271096
5.350659
5.430223
5.491374
5.542334
5.573239
5.595596
5.619267
5.635706
5.649515
5.647213
5.625514
5.610391
5.564362
5.516032
5.434167
5.349344
5.254657
5.181012
5.080407
4.976514
4.848950
4.713495
4.591849
4.489600
4.363679
4.223622
4.095400
3.967507
3.839943
3.739339
3.603884
3.491443
3.386565
3.291549
3.206068
3.133080
3.054832
2.992365
2.939762
2.900638
2.872363
2.863158
2.846719
2.843760
2.846390
2.862500
2.896035
2.928255
2.976584
3.034120
3.104806
3.190616
3.291878
3.378345
3.489799
3.610459
3.742297
3.875122
4.004001
4.114798
4.250910
4.386694
4.509326
4.635576
4.772017
4.871964
4.985720
5.089612
5.179039
5.264191
5.349344
5.409181
5.474278
5.528526
5.562718
5.588034
5.609733
5.618939
5.636693
5.637021
5.627816
5.600199
5.556472
5.512087
5.446990
5.369071
5.281288
5.187916
5.084681
4.999528
4.880841
4.750647
4.614205
4.490586
4.388338
4.258801
4.123675
3.992823
3.869862
3.740983
3.611774
3.513142
3.408264
3.314234
3.217575
3.137354
3.062394
3.008804
2.952584
2.906884
2.870062
2.857240
2.841787
2.839815
2.846061
2.856911
2.886172
2.925953
2.976584
3.023599
3.098888
3.176478
3.271165
3.379989
3.483224
3.579883
3.711393
3.846848
3.971781
4.105592
4.243677
4.358090
4.486641
4.605000
4.731577
4.863745
4.981117
5.074489
5.167203
5.255314
5.345727
5.419044
5.472634
5.520307
5.562061
5.599870
5.619596
5.643268
5.643268
5.644583
5.636693
5.612692
5.570938
5.512416
5.452250
5.380249
5.295753
5.204026
5.102435
4.999199
4.909773
4.779579
4.647083
4.523792
4.404448
4.263732
4.151949
4.023399
3.898794
3.772873
3.641364
3.523006
3.435552
3.334619
3.247165
3.153793
3.078504
3.013407
2.968036
2.921350
2.888802
2.855267
2.839486
2.835541
2.834883
2.848691
2.874007
2.907871
2.959488
3.025572
3.077189
3.163656
3.245192
3.346454
3.451662
3.572979
3.680817
3.825806
3.940548
4.076660
4.214087
4.352830
4.455079
4.577383
4.702645
4.833498
4.951527
5.057721
5.136627
5.221451
5.316466
5.398003
5.456524
5.515704
5.549567
5.584746
5.607760
5.626829
5.634720
5.635377
5.633734
5.614007
5.574554
5.526882
5.463758
5.391098
5.321398
5.237889
5.129394
5.026488
4.907472
4.773003
4.672070
4.547793
4.423516
4.302528
4.155237
4.017810
3.921150
3.793915
3.669967
3.545362
3.429963
3.335276
3.259658
3.169903
3.083436
3.022284
2.962447
2.914446
2.878939
2.859870
2.848034
2.837513
2.841459
2.852966
2.877295
2.909843
2.954885
3.009462
3.075545
3.152807
3.231384
3.328043
3.431935
3.544705
3.674241
3.810354
3.911287
4.040824
4.175621
4.320939
4.446531
4.572451
4.673385
4.806209
4.934431
5.038981
5.138600
5.232300
5.300028
5.386167
5.455209
5.507813
5.549567
5.583431
5.605459
5.629788
5.644254
5.656748
5.642282
5.616309
5.586061
5.540690
5.482169
5.410825
5.325672
5.229670
5.153723
5.046214
4.929828
4.806867
4.675686
4.581328
4.454093
4.333433
4.190745
4.054304
3.929370
3.804107
3.694954
3.570678
3.458895
3.358948
3.263275
3.166615
3.104477
3.028531
2.982502
2.929570
2.896693
2.868089
2.854281
2.847705
2.850335
2.858883
2.877952
2.904583
2.946008
2.997626
3.064038
3.129464
3.223822
3.324098
3.408264
3.524649
3.650241
3.787997
3.913917
4.042797
4.149648
4.294637
4.430092
4.548779
4.676672
4.813442
4.916677
5.027803
5.123147
5.209615
5.294110
5.361508
5.433181
5.493018
5.542006
5.575212
5.603487
5.623213
5.637679
5.645898
5.643597
5.617952
5.586390
5.551869
5.495648
5.420688
5.349344
5.258931
5.158326
5.077448
4.967309
4.840402
4.709550
4.575081
4.444887
4.351515
4.217047
4.082249
3.954356
3.827779
3.695940
3.592377
3.482567
3.377030
3.282343
3.191602
3.115655
3.055161
3.001571
2.944036
2.898336
2.867760
2.850993
2.850007
2.844418
2.853952
2.871706
2.897679
2.941077
2.983160
3.047928
3.124203
3.203767
3.300755
3.404318
3.491443
3.609802
3.746243
3.877424
4.004001
4.139127
4.249924
4.398859
4.519190
4.647740
4.777935
4.906485
4.990323
5.091256
5.184628
5.270438
5.355919
5.429893
5.480196
5.523265
5.565677
5.601185
5.629459
5.635049
5.645241
5.642282
5.635706
5.603158
5.557787
5.497950
5.443373
5.364796
5.268794
5.173450
5.070872
4.963363
4.869005
4.743742
4.610589
4.487298
4.357433
4.220663
4.118743
3.985261
3.860656
3.737366
3.599610
3.483553
3.406620
3.301741
3.209027
3.122560
3.053189
2.988091
2.941734
2.904583
2.874336
2.851322
2.841459
2.839157
2.843431
2.858555
2.889788
2.927268
2.977571
3.036092
3.095600
3.175163
3.270508
3.374729
3.480923
3.608158
3.713694
3.863944
3.981973
4.115784
4.257157
4.388667
4.504066
4.619794
4.741769
4.871964
4.991966
5.090928
5.177724
5.273068
5.362823
5.434825
5.489073
5.527539
5.565020
5.592637
5.618939
5.630446
5.637350
5.634720
5.621240
5.598555
5.560088
5.505840
5.438113
5.377290
5.291809
5.194491
5.097503
4.991309
4.873937
4.771030
4.638206
4.514587
4.387352
4.261760
4.119730
4.016495
3.886629
3.761366
3.628542
3.512156
3.403332
3.317851
3.232370
3.135053
3.064038
3.000914
2.946008
2.909186
2.879596
2.856582
2.846719
2.843102
2.846719
2.855925
2.880583
2.919707
2.970338
3.026229
3.093956
3.154779
3.248151
3.346454
3.463498
3.583171
3.716324
3.829422
3.955014
4.087181
4.226252
4.360063
4.484997
4.587903
4.716125
4.846320
4.963363
5.065612
5.159641
5.232629
5.326001
5.410825
5.476908
5.524909
5.562718
5.590993
5.614336
5.640966
5.640309
5.646227
5.630117
5.600856
5.575541
5.519649
5.458168
5.385509
5.295096
5.228355
5.120846
5.013994
4.894650
4.769715
4.639192
4.541875
4.410366
4.282144
4.142086
4.011234
3.883670
3.791614
3.658460
3.534513
3.424045
3.328372
3.235000
3.167602
3.090011
3.024914
2.967707
2.922008
2.886172
2.865459
2.846061
2.843102
2.843760
2.857240
2.882884
2.913460
2.957187
3.014065
3.081134
3.169574
3.254398
3.329358
3.438511
3.554239
3.686077
3.821532
3.948110
4.052660
4.183512
4.329158
4.454421
4.582643
4.713495
4.822648
4.943637
5.041940
5.141559
5.233944
5.325015
5.388797
5.462771
5.517676
5.558773
5.588363
5.617295
5.628473
5.647871
5.645569
5.638994
5.616637
5.582445
5.541348
5.479538
5.407866
5.313836
5.219149
5.126764
5.038652
4.925554
4.810483
4.665494
4.541875
4.417599
4.319953
4.176608
4.039837
3.921150
3.789970
3.663392
3.570678
3.447059
3.348756
3.251439
3.164643
3.084422
3.030832
2.971324
2.923980
2.890774
2.864144
2.850335
2.849020
2.843760
2.857569
2.876966
2.907213
2.952255
2.999599
3.060750
3.137354
3.224479
3.321796
3.428648
3.518074
3.654515
3.793257
3.923452
4.051673
4.193046
4.305487
4.430749
4.550094
4.677330
4.813442
4.931143
5.021556
5.125449
5.217177
5.303316
5.382879
5.455209
5.494662
5.539375
5.576198
5.606116
5.630446
5.645569
5.649186
5.642282
5.622884
5.584746
5.541348
5.494662
5.417729
5.332576
5.238876
5.141559
5.040954
4.952185
4.839744
4.703303
4.572122
4.450147
4.317323
4.205211
4.074687
3.943178
3.825806
3.688379
3.563445
3.476320
3.367496
3.282343
3.183712
3.094614
3.030832
2.980530
2.928255
2.894720
2.867760
2.849678
2.846719
2.845404
2.856911
2.875322
2.907542
2.947324
2.998941
3.047928
3.121573
3.212972
3.303714
3.401688
3.520047
3.624268
3.771558
3.895506
4.021098
4.154908
4.296610
4.402804
4.525436
4.654315
4.786811
4.914047
5.026159
5.102106
5.193505
5.284575
5.365125
5.440743
5.493676
5.533786
5.574554
5.611048
5.627487
5.636035
5.643268
5.634720
5.620911
5.591979
5.546937
5.481840
5.414113
5.355590
5.266493
5.169833
5.070215
4.959089
4.835141
4.722372
4.594808
4.472833
4.341980
4.210471
4.076989
3.971453
3.849807
3.721585
3.590733
3.475005
3.372099
3.291220
3.199821
3.117957
3.049572
2.992365
2.940090
2.899323
2.876966
2.853623
2.842774
2.844746
2.852308
2.867760
2.894062
2.937460
2.987105
3.049572
3.107765
3.190944
3.287604
3.389852
3.501964
3.622624
3.735722
3.864930
3.988549
4.122360
4.268006
4.398530
4.524779
4.618808
4.757222
4.884786
5.001830
5.108353
5.180683
5.271753
5.349673
5.416414
5.484470
5.522937
5.552526
5.591321
5.616966
5.633076
5.642611
5.642611
5.633405
5.605459
5.561403
5.510772
5.433839
5.350659
5.284575
5.184957
5.083037
4.986049
4.863087
4.730920
4.629329
4.505381
4.373214
4.242033
4.109538
3.979014
3.882355
3.752818
3.616706
3.494731
3.394126
3.299440
3.233356
3.147875
3.071600
3.004859
2.950282
2.911158
2.882884
2.854281
2.845732
2.840472
2.846719
2.859870
2.884856
2.918063
2.971324
3.031161
3.105464
3.186342
3.260316
3.358290
3.471059
3.595007
3.733092
3.858683
3.968494
4.096715
4.232828
4.379789
4.501107
4.628014
4.730591
4.858813
4.982761
5.079749
5.182327
5.278329
5.346714
5.419373
5.476251
5.522608
5.562061
5.593623
5.611706
5.625185
5.637350
5.636693
5.628473
5.612363
5.575869
5.522608
5.455209
5.375317
5.286877
5.193176
5.110325
5.001501
4.885444
4.745715
4.622425
4.528067
4.398201
4.268335
4.136168
4.000056
3.881697
3.757421
3.653529
3.527937
3.414839
3.317522
3.224479
3.141957
3.081134
3.010119
2.958831
2.912802
2.881898
2.859212
2.847048
2.844746
2.845404
2.863158
2.887158
2.917734
2.963104
3.012749
3.090669
3.160369
3.258672
3.336262
3.449032
3.573308
3.705475
3.840601
3.966192
4.069098
4.206526
4.343296
4.481709
4.602369
4.733879
4.832511
4.946596
5.053776
5.155038
5.248081
5.336522
5.401290
5.469675
5.509786
5.548910
5.579157
5.610719
5.625185
5.642939
5.636364
5.630117
5.610391
5.573568
5.536745
5.472634
5.400304
5.308905
5.209615
5.110325
5.034379
4.914047
4.787140
4.654644
4.522477
4.400174
4.298583
4.172991
4.033591
3.907999
3.783723
3.647939
3.548650
3.438511
3.332646
3.249466
3.160697
3.079162
3.022941
2.970666
2.917076
2.883542
2.856911
2.843760
2.838171
2.840143
2.860527
2.878939
2.907871
2.957515
3.001571
3.072915
3.154779
3.246507
3.342180
3.450347
3.542074
3.668652
3.801148
3.927068
4.059235
4.203896
4.315021
4.447188
4.569821
4.701330
4.831853
4.952185
5.041611
5.135970
5.227369
5.329618
5.399975
5.461456
5.498936
5.545622
5.581459
5.613021
5.634062
5.644583
5.653131
5.636035
5.622884
5.587377
5.543649
5.474936
5.414441
5.330275
5.229670
5.132682
5.025173
4.904841
4.806209
4.672398
4.548779
4.423516
4.310418
4.196991
4.061865
3.939890
3.811669
3.679831
3.554568
3.441470
3.357633
3.269192
3.174177
3.088038
3.030503
2.963433
2.930885
2.893076
2.863158
2.852966
2.844089
2.842116
2.859212
2.879596
2.910172
2.951926
3.011434
3.065353
3.136039
3.217575
3.314234
3.416483
3.533526
3.631501
3.779449
3.905698
4.032276
4.173977
4.318638
4.444887
4.554697
4.677659
4.811141
4.927855
5.035694
5.115914
5.210601
5.302001
5.380578
5.450935
5.504854
5.536417
5.582445
5.612692
5.634062
5.643926
5.649515
5.646556
5.626172
5.594281
5.552197
5.488415
5.414113
5.345398
5.251698
5.147477
5.048187
4.939034
4.818045
4.715467
4.580999
4.464613
4.332446
4.195347
4.058249
3.964548
3.829751
3.698900
3.573637
3.457908
3.356975
3.278727
3.190944
3.104477
3.039051
2.976913
2.931542
2.895049
2.868418
2.843102
2.844418
2.840143
2.849020
2.865130
2.898665
2.939433
2.989078
3.052202
3.128806
3.199493
3.295494
3.395770
3.515444
3.636432
3.783723
3.882684
4.012878
4.147346
4.289706
4.424503
4.544834
4.649713
4.780236
4.907143
5.012022
5.111969
5.205012
5.273397
5.365125
5.444688
5.487429
5.542006
5.573568
5.602500
5.625843
5.638665
5.640309
5.638665
5.621569
5.594281
5.551869
5.493347
5.419373
5.343097
5.272082
5.178381
5.072187
4.963692
4.841717
4.710536
4.607959
4.482367
4.355132
4.219677
4.079948
3.956000
3.859012
3.742955
3.608487
3.496046
3.385250
3.289248
3.214288
3.127491
3.052531
2.992365
2.940090
2.905569
2.878281
2.852637
2.846719
2.845404
2.855925
2.868747
2.896364
2.935488
2.984146
3.043654
3.109737
3.200150
3.273795
3.382948
3.483881
3.605856
3.742955
3.882355
3.979672
4.113154
4.251239
4.382091
4.515902
4.642808
4.749660
4.881827
4.992953
5.096517
5.186601
5.273726
5.341125
5.413126
5.468360
5.522937
5.570609
5.597897
5.614665
5.638008
5.639980
5.640638
5.625185
5.595924
5.567321
5.512744
5.450935
5.368413
5.280301
5.178381
5.096517
4.987692
4.869334
4.742427
4.617493
4.492559
4.394256
4.258801
4.114141
3.990850
3.867231
3.737037
3.630186
3.516101
3.411880
3.309960
3.218890
3.135382
3.076203
3.001242
2.950611
2.907542
2.875651
2.855925
2.843760
2.847705
2.844089
2.863815
2.892747
2.933844
2.971324
3.028531
3.094614
3.188643
3.275768
3.378345
3.459881
3.585473
3.714680
3.848163
3.972439
4.106907
4.214417
4.352501
4.480723
4.610918
4.737495
4.866704
4.956788
5.062653
5.158326
5.254657
5.341453
5.415099
5.458826
5.519320
5.549239
5.585732
5.612034
5.631104
5.642282
5.634062
5.625843
5.607760
5.568636
5.512416
5.463100
5.391098
5.301672
5.210930
5.106051
4.996569
4.904512
4.773332
4.642151
4.514258
4.389653
4.262417
4.144716
4.017152
3.892218
3.770901
3.627227
3.513800
3.428319
3.328372
3.237302
3.149519
3.077847
3.007160
2.962118
2.920364
2.882555
2.860856
2.851979
2.843431
2.843431
2.857569
2.880911
2.918391
2.965406
3.029188
3.081463
3.160697
3.247494
3.352043
3.463826
3.578897
3.685091
3.825148
3.944165
4.082907
4.211457
4.355460
4.454750
4.585273
4.718098
4.846320
4.956788
5.059694
5.134655
5.222437
5.320083
5.396358
5.465401
5.518991
5.553842
5.586719
5.619267
5.631104
5.655104
5.648200
5.651816
5.625514
5.581459
5.530827
5.470990
5.388468
5.317453
5.217505
5.120188
5.016953
4.895965
4.808182
4.665823
4.546478
4.415626
4.287733
4.150634
4.041152
3.921479
3.801477
3.670625
3.550623
3.435881
3.356975
3.259658
3.168259
3.078504
3.016695
2.955872
2.917734
2.889131
2.869076
2.844418
2.843431
2.844746
2.854609
2.872692
2.910501
2.954556
3.010448
3.073244
3.139327
3.231384
3.333303
3.429634
3.546349
3.672269
3.777805
3.905041
4.032933
4.172991
4.314692
4.441270
4.570478
4.679303
4.818374
4.948239
5.054762
5.146819
5.207642
5.290164
5.380249
5.448962
5.501895
5.543321
5.573568
5.598884
5.622555
5.640638
5.636035
5.638665
5.623541
5.586390
5.557129
5.485456
5.412468
5.320741
5.254986
5.151751
5.042926
4.932129
4.810483
4.680946
4.574095
4.448174
4.323240
4.193046
4.052660
3.928055
3.829751
3.696927
3.568705
3.451662
3.352043
3.252096
3.192588
3.099874
3.036092
2.978886
2.929241
2.889459
2.869404
2.846390
2.839486
2.838500
2.854281
2.871706
2.899323
2.939104
3.001900
3.067655
3.139327
3.229082
3.304371
3.413853
3.522019
3.644323
3.788655
3.923123
4.021426
4.162141
4.307788
4.442914
4.561930
4.685220
4.795689
4.923582
5.032734
5.127092
5.217177
5.292137
5.358550
5.429893
5.491374
5.544307
5.575869
5.606445
5.623870
5.634391
5.639323
5.630446
5.619925
5.584089
5.547595
5.483484
5.423318
5.343097
5.252684
5.151422
5.063639
4.962706
4.846977
4.709550
4.574095
4.451133
4.355460
4.209485
4.078633
3.952713
3.828765
3.701530
3.596980
3.483881
3.380647
3.277083
3.192260
3.109080
3.058778
2.989735
2.937789
2.896035
2.868089
2.854938
2.846061
2.838171
2.848691
2.865459
2.894391
2.938775
2.983160
3.041353
3.115327
3.199164
3.297467
3.405633
3.492759
3.612761
3.756435
3.880054
4.006631
4.136826
4.253541
4.388995
4.510970
4.646096
4.779907
4.914047
4.997556
5.095201
5.196464
5.278329
5.351645
5.424633
5.473292
5.524909
5.564691
5.595924
5.628473
5.635049
5.640309
5.640638
5.630446
5.606774
5.557458
5.503210
5.438113
5.355262
5.267150
5.166545
5.070215
4.959089
4.858484
4.737824
4.605986
4.483682
4.358748
4.251896
4.114469
3.988220
3.865587
3.738681
3.608158
3.489142
3.400702
3.308316
3.213301
3.123875
3.055490
2.986448
2.946337
2.904583
2.874993
2.858883
2.843102
2.845075
2.844089
2.860527
2.892418
2.930556
2.983160
3.031161
3.102504
3.178780
3.285960
3.381304
3.488813
3.588760
3.733092
3.855396
3.983617
4.114798
4.254527
4.390639
4.492887
4.625055
4.753605
4.882156
5.003474
5.069886
5.169833
5.261232
5.348686
5.415099
5.481182
5.514717
5.558773
5.588363
5.618939
5.638665
5.635049
5.630117
5.625185
5.607431
5.557129
5.501237
5.435812
5.371700
5.283589
5.190546
5.094873
4.995583
4.873937
4.766757
4.640836
4.518203
4.389324
4.257157
4.118086
4.015180
3.893204
3.767942
3.634789
3.514786
3.409579
3.330016
3.234014
3.148204
3.070285
3.007160
2.952255
2.916748
2.885514
2.859541
2.852308
2.841787
2.839486
2.852966
2.883213
2.915761
2.961790
3.018338
3.092641
3.156095
3.252096
3.356646
3.470402
3.586459
3.717968
3.825806
3.955014
4.088825
4.234800
4.356447
4.487298
4.586917
4.717440
4.847635
4.966980
5.068571
5.166874
5.238218
5.335536
5.400961
5.463428
5.520307
5.551211
5.582445
5.608089
5.627487
5.635706
5.633405
5.623870
5.605788
5.569952
5.516032
5.451921
5.376303
5.287534
5.206327
5.118216
5.016953
4.897608
4.772017
4.662535
4.534642
4.409050
4.279842
4.152936
4.022084
3.896492
3.800162
3.669310
3.542732
3.428977
3.331002
3.232699
3.161026
3.081134
3.013736
2.956858
2.909843
2.874665
2.849678
2.840801
2.825349
2.829623
2.847705
2.874665
2.909515
2.955214
3.012749
3.080806
3.161684
3.255713
3.336591
3.441470
3.558842
3.687063
3.818902
3.941534
4.050687
4.189758
4.337707
4.461654
4.585931
4.714481
4.820346
4.940349
5.044570
5.141230
5.240520
5.323699
5.391098
5.456524
5.511101
5.555485
5.580801
5.600856
5.623213
5.634062
5.636035
5.625843
5.605459
5.562389
5.532800
5.464415
5.384194
5.307261
5.213232
5.131038
5.036351
4.925883
4.796675
4.667795
4.544177
4.444229
4.322583
4.183512
4.058907
3.923780
3.800819
3.695612
3.567390
3.454621
3.351057
3.259001
3.164971
3.100203
3.028531
2.973297
2.922008
2.893076
2.861842
2.848034
2.842774
2.836856
2.844418
2.872034
2.906884
2.944693
2.995653
3.063380
3.140971
3.236315
3.341523
3.426346
3.528595
3.662734
3.800819
3.929698
4.063838
4.169703
4.307130
4.436010
4.550752
4.687850
4.810483
4.911417
5.021885
5.126106
5.218492
5.303644
5.384194
5.441072
5.490388
5.540362
5.573568
5.597897
5.618939
5.628144
5.632419
5.632747
5.603815
5.577513
5.529183
5.485127
5.413455
5.331590
5.237889
5.141559
5.037008
4.956459
4.826593
4.700344
4.572122
4.444887
4.317651
4.206197
4.077318
3.954028
3.830738
3.701201
3.572979
3.481580
3.382291
3.275439
3.182068
3.099545
3.027544
2.976913
2.929570
2.889788
2.865459
2.845404
2.832253
2.839486
2.846719
2.868418
2.904583
2.948967
3.001571
3.049901
3.125519
3.211657
3.306015
3.410894
3.525307
3.628213
3.762681
3.895177
4.030632
4.162141
4.303185
4.407078
4.535628
4.658918
4.789113
4.920622
5.026159
5.106709
5.198437
5.288521
5.371043
5.436140
5.490388
5.528526
5.565020
5.592308
5.615980
5.626172
5.632419
5.633405
5.618939
5.595596
5.543978
5.488087
5.419044
5.350659
5.258274
5.169176
5.060351
4.954157
4.821004
4.724016
4.593493
4.472175
4.349542
4.206855
4.075345
3.972439
3.849807
3.719941
3.601911
3.485854
3.374071
3.300426
3.209685
3.125190
3.048586
2.987434
2.934830
2.898665
2.865788
2.850335
2.839486
2.837513
2.843431
2.857897
2.887487
2.934173
2.983160
3.051873
3.130121
3.192917
3.289248
3.385578
3.503608
3.627556
3.763010
3.867560
3.998083
4.130250
4.270966
4.412996
4.527738
4.632288
4.759194
4.889060
4.999528
5.100791
5.192190
5.267150
5.349344
5.424962
5.490059
5.530499
5.568965
5.601185
5.618939
5.634720
5.636693
5.633405
5.617952
5.597569
5.553842
5.498279
5.429893
5.350659
5.258274
5.180683
5.087311
4.975857
4.856512
4.729276
4.624397
4.502422
4.374200
4.242691
4.113483
3.983617
3.872163
3.761695
3.627884
3.510512
3.404318
3.299768
3.226452
3.137354
3.059764
2.994009
2.944365
2.898994
2.866117
2.845732
2.837513
2.837842
2.838828
2.857240
2.891761
2.920035
2.970666
3.030832
3.097902
3.183054
3.281357
3.357304
3.470731
3.590075
3.725530
3.857039
3.990850
4.095400
4.238417
4.373872
4.502422
4.634918
4.761167
4.862430
4.979144
5.075475
5.173779
5.261232
5.330275
5.405893
5.468689
5.523265
5.554828
5.593294
5.613678
5.631761
5.633405
5.637679
5.625514
5.597239
5.567979
5.516361
5.450935
5.375646
5.287863
5.195477
5.112298
4.999857
4.886759
4.759852
4.624068
4.505381
4.405105
4.280500
4.128935
4.008604
3.892547
3.766956
3.650898
3.537472
3.425360
3.326070
3.224808
3.141300
3.077189
3.010448
2.951926
2.911158
2.882884
2.861842
2.846390
2.839157
2.841787
2.856582
2.875651
2.924638
2.959159
3.020311
3.087381
3.166615
3.261631
3.363550
3.450018
3.563445
3.701201
3.827450
3.962576
4.097373
4.206526
4.346255
4.472175
4.599739
4.739468
4.864073
4.956459
5.057064
5.154052
5.245451
5.329618
5.410496
5.454223
5.503210
5.542334
5.579157
5.608418
5.629788
5.636035
5.638665
5.630117
5.614994
5.568636
5.511758
5.465401
5.393728
5.302987
5.213889
5.114928
5.014323
4.914705
4.782209
4.656288
4.529053
4.404777
4.276884
4.168059
4.041481
3.916219
3.797860
3.661419
3.550294
3.453635
3.350071
3.251768
3.161684
3.080806
3.011763
2.970995
2.918063
2.883542
2.852637
2.844089
2.844089
2.843102
2.855267
2.877295
2.916748
2.956858
3.017023
3.073901
3.155108
3.243548
3.338892
3.449360
3.567390
3.671940
3.806408
3.931342
4.059235
4.192060
4.336062
4.437325
4.568834
4.696727
4.822977
4.945610
5.052132
5.136956
5.229999
5.312192
5.390769
5.453894
5.508471
5.545622
5.581459
5.600199
5.627816
5.636364
5.637350
5.633076
5.623541
5.586061
5.530499
5.464744
5.392085
5.329288
5.236246
5.139915
5.033721
4.920622
4.799305
4.687522
4.568506
4.445873
4.313048
4.176279
4.046413
3.943836
3.821532
3.689036
3.560815
3.449689
3.353030
3.273795
3.183054
3.095600
3.024585
2.965406
2.920364
2.889788
2.858883
2.845732
2.845404
2.839486
2.849020
2.865788
2.895706
2.941406
3.002557
3.066668
3.143930
3.213301
3.309303
3.414510
3.533855
3.667995
3.801805
3.900766
4.028330
4.165758
4.309761
4.441928
4.568834
4.668124
4.800291
4.924239
5.041611
5.131695
5.226054
5.295425
5.367098
5.432524
5.494005
5.551211
5.582774
5.599212
5.622555
5.630117
5.638665
5.637021
5.610391
5.585404
5.533786
5.482169
5.405893
5.327973
5.236903
5.156353
5.053447
4.945938
4.817388
4.685878
4.588561
4.463298
4.343296
4.205540
4.074687
3.951069
3.829751
3.717639
3.590733
3.477964
3.370126
3.275110
3.183383
3.117299
3.041353
2.976584
2.928255
2.891761
2.867760
2.844418
2.846061
2.838828
2.846061
2.864144
2.896035
2.932858
2.986776
3.052531
3.130779
3.216918
3.300755
3.399716
3.514129
3.634131
3.773202
3.892218
3.995453
4.126963
4.269650
4.397543
4.530368
4.657603
4.798976
4.902540
5.012679
5.101448
5.192519
5.289836
5.354276
5.431866
5.494662
5.536088
5.567650
5.588363
5.613678
5.629459
5.642611
5.641624
5.622226
5.592966
5.562718
5.503868
5.438770
5.344083
5.249068
5.148134
5.074160
4.967637
4.860457
4.722043
4.588232
4.468558
4.367954
4.236115
4.100661
3.971124
3.844875
3.720598
3.617692
3.500320
3.401688
3.298125
3.205082
3.117299
3.055490
2.992037
2.939762
2.893405
2.863815
2.847376
2.839815
2.837513
2.842774
2.854609
2.893405
2.936145
2.976584
3.034448
3.110724
3.187986
3.283330
3.387880
3.483553
3.593692
3.738352
3.871505
4.005316
4.136497
4.249267
4.387680
4.508340
4.631301
4.761167
4.889389
4.985062
5.087311
5.185615
5.266493
5.345398
5.411153
5.463100
5.517347
5.561074
5.590993
5.611377
5.629788
5.638008
5.640638
5.621898
5.594281
5.552855
5.494333
5.440743
5.358550
5.268466
5.176080
5.080407
4.968952
4.882485
4.750975
4.626370
4.497819
4.369269
4.245321
4.131566
4.003673
3.881040
3.751832
3.619994
3.503937
3.417469
3.323769
3.229740
3.135382
3.058120
2.989078
2.953570
2.904583
2.875980
2.858555
2.839486
2.834554
2.836527
2.848691
2.882884
2.918063
2.974283
3.032476
3.088038
3.174177
3.265247
3.366509
3.471059
3.594349
3.702516
3.839943
3.970795
4.108222
4.246636
4.381762
4.477764
4.600068
4.727961
4.859142
4.978487
5.080407
5.162929
5.258931
5.346714
5.417400
5.472963
5.520964
5.549567
5.586390
5.614665
5.634720
5.633076
5.637350
5.634720
5.616309
5.577184
5.516690
5.448962
5.368742
5.302329
5.211259
5.108024
5.000844
4.884129
4.750318
4.653987
4.527738
4.405434
4.273924
4.136497
4.007618
3.911616
3.788326
3.655501
3.531554
3.421415
3.326728
3.245850
3.149519
3.071929
3.007489
2.952255
2.906556
2.883542
2.858555
2.852308
2.840472
2.845404
2.854938
2.877295
2.913789
2.959488
3.016695
3.086395
3.171876
3.247822
3.347769
3.453963
3.568048
3.710078
3.842573
3.945151
4.070742
4.210471
4.349214
4.477436
4.594808
4.702317
4.834813
4.957117
5.058050
5.146819
5.240520
5.309891
5.383208
5.458826
5.510772
5.559431
5.580801
5.604473
5.627487
5.639651
5.642939
5.633405
5.616309
5.580143
5.528526
5.466716
5.386495
5.298055
5.221451
5.126435
5.028789
4.908458
4.780894
4.648398
4.550094
4.426476
4.299898
4.166415
4.037208
3.913260
3.818573
3.684433
3.556869
3.446730
3.344810
3.249795
3.175492
3.095271
3.020311
2.962118
2.918063
2.882226
2.863486
2.851322
2.839815
2.839157
2.850335
2.873021
2.899323
2.946666
2.999927
3.067655
3.159054
3.240261
3.317194
3.429963
3.541746
3.675885
3.811011
3.938575
4.039837
4.181210
4.322912
4.448832
4.576396
4.705605
4.806209
4.930157
5.032077
5.134983
5.222766
5.308576
5.368742
5.438113
5.499594
5.545293
5.582445
5.607431
5.614336
5.625185
5.634391
5.632090
5.612363
5.575212
5.536745
5.475265
5.401947
5.317781
5.227697
5.129723
5.049502
4.932787
4.816072
4.685878
4.546149
4.425160
4.322583
4.194690
4.066468
3.940877
3.819231
3.682132
3.581856
3.463169
3.367825
3.269850
3.176807
3.091984
3.032147
2.971324
2.924967
2.894391
2.865459
2.848034
2.841459
2.839486
2.847048
2.867760
2.900638
2.948310
2.988749
3.054504
3.136039
3.225137
3.323440
3.428648
3.522019
3.657145
3.788326
3.916876
4.042139
4.173977
4.287076
4.420229
4.540560
4.676015
4.806538
4.936732
5.012679
5.112627
5.202053
5.286877
5.370057
5.443045
5.485456
5.532471
5.573568
5.599212
5.624199
5.632419
5.636693
5.632747
5.611048
5.581130
5.541348
5.477237
5.422332
5.345070
5.255972
5.156682
5.053776
4.946267
4.836456
4.706262
4.577383
4.456723
4.335405
4.198635
4.098359
3.966521
3.840930
3.711064
3.587774
3.475662
3.391167
3.300097
3.202123
3.116313
3.041353
2.981845
2.939762
2.898336
2.870391
2.849678
2.837513
2.840143
2.847376
2.856911
2.889131
2.934830
2.989078
3.052860
3.115655
3.208369
3.300097
3.397414
3.513142
3.636761
3.747558
3.871834
3.998741
4.135839
4.277541
4.420886
4.516560
4.650371
4.778921
4.902211
5.005117
5.110325
5.188902
5.290164
5.360851
5.432852
5.487429
5.525567
5.565349
5.603815
5.619267
5.635377
5.633734
5.632090
5.615651
5.597897
5.551540
5.499265
5.420688
5.359536
5.270767
5.185615
5.075804
4.967637
4.844018
4.732235
4.605000
4.481709
4.354803
4.217704
4.092442
3.990521
3.868218
3.743941
3.608158
3.491443
3.387551
3.306344
3.214945
3.127820
3.054832
2.990393
2.940090
2.910501
2.877295
2.855925
2.837184
2.842116
2.846061
2.858226
2.884528
2.921022
2.973954
3.032147
3.106779
3.176807
3.272151
3.376701
3.480594
3.603555
3.730133
3.842902
3.971453
4.103949
4.244992
4.389324
4.510642
4.634261
4.749002
4.873279
4.992624
5.093229
5.185615
5.259260
5.331590
5.403263
5.468360
5.525567
5.566335
5.593294
5.607760
5.627158
5.636693
5.637021
5.626829
5.608747
5.565677
5.512087
5.443045
5.363481
5.274055
5.199094
5.100462
4.993281
4.877553
4.741769
4.613548
4.515573
4.387352
4.257486
4.122689
4.001371
3.878410
3.747558
3.644652
3.523663
3.415497
3.316536
3.229740
3.132752
3.066011
2.999927
2.946666
2.907542
2.875980
2.855925
2.843760
2.838828
2.841787
2.858226
2.887158
2.926611
2.964748
3.015708
3.091326
3.176150
3.269850
3.370455
3.458237
3.573308
3.708105
3.841587
3.973754
4.108880
4.218362
4.358090
4.479079
4.608945
4.741769
4.874265
4.965664
5.066269
5.159312
5.255972
5.331919
5.395701
5.465072
5.518662
5.562718
5.594609
5.611377
5.625514
5.638665
5.647871
5.637350
5.607431
5.563047
5.522937
5.460470
5.390440
5.295753
5.202711
5.093886
5.013337
4.898595
4.766428
4.636233
4.516888
4.389324
4.288062
4.152936
4.024714
3.903068
3.779120
3.649912
3.553910
3.445744
3.345797
3.247822
3.158396
3.074559
3.020311
2.961132
2.916419
2.877952
2.853294
2.835212
2.838171
2.842116
2.852966
2.875980
2.913460
2.963433
3.009133
3.082778
3.161355
3.263603
3.354016
3.460867
3.549965
3.680488
3.810025
3.938904
4.072386
4.213101
4.327843
4.448174
4.572451
4.706920
4.847963
4.967309
5.048187
5.142545
5.223094
5.310220
5.387153
5.453237
5.494991
5.543321
5.575541
5.597239
5.620254
5.634391
5.642282
5.631432
5.612363
5.575212
5.524909
5.468031
5.398660
5.312521
5.217505
5.124791
5.017282
4.904841
4.804894
4.672727
4.546807
4.417270
4.290363
4.146360
4.051345
3.927726
3.800819
3.675885
3.557856
3.444429
3.367496
3.266891
3.175821
3.091655
3.022941
2.962776
2.925953
2.886172
2.857240
2.839486
2.836198
2.839815
2.849678
2.874336
2.905241
2.947652
3.008147
3.061079
3.136368
3.218890
3.320481
3.427333
3.542074
3.665365
3.785367
3.912273
4.043783
4.176936
4.317323
4.458038
4.553053
4.683905
4.821990
4.939363
5.041611
5.143531
5.201725
5.293781
5.386167
5.451264
5.508471
5.540362
5.573568
5.601842
5.629459
5.639651
5.636035
5.629459
5.609733
5.580143
5.531485
5.474278
5.400961
5.317124
5.240849
5.144846
5.043255
4.936075
4.805881
4.701330
4.571794
4.447188
4.325542
4.188772
4.055290
3.952384
3.834025
3.702187
3.571993
3.458237
3.356646
3.283001
3.185027
3.102504
3.028531
2.968365
2.924638
2.892090
2.870062
2.853952
2.843760
2.843760
2.854609
2.872034
2.899980
2.939433
2.997955
3.055819
3.134067
3.209356
3.306673
3.414182
3.524321
3.656816
3.786024
3.889588
4.014522
4.158854
4.294637
4.420557
4.556999
4.648726
4.780236
4.905170
5.018269
5.117229
5.204026
5.276685
5.355262
5.431209
5.490717
5.548252
5.573239
5.602500
5.625843
5.638994
5.653789
5.636035
5.624856
5.601842
5.551869
5.494005
5.423318
5.334878
5.249396
5.163258
5.066927
4.957445
4.834813
4.700015
4.602041
4.476449
4.355132
4.220992
4.080934
3.958302
3.828765
3.727831
3.596322
3.482567
3.378345
3.275110
3.189629
3.119930
3.041682
2.983160
2.932200
2.891103
2.865459
2.851979
2.844746
2.848363
2.856253
2.875322
2.898007
2.934173
2.983817
3.051873
3.114998
3.201465
3.293522
3.375715
3.490128
3.613090
3.756763
3.877095
4.005316
4.106907
4.260116
4.397214
4.526423
4.656946
4.783524
4.887745
4.998871
5.099804
5.187587
5.274712
5.363153
5.414441
5.478881
5.538718
5.574554
5.603158
5.627487
5.640309
5.647542
5.643926
5.630446
5.597569
5.564691
5.505183
5.436140
5.355262
5.270438
5.171477
5.086325
4.984734
4.865388
4.735194
4.601383
4.474148
4.375187
4.244006
4.109209
3.981973
3.858683
3.729475
3.626569
3.514786
3.406949
3.304043
3.213301
3.123546
3.062065
2.995653
2.944036
2.902282
2.876637
2.852308
2.843102
2.840143
2.846061
2.860527
2.894720
2.935488
2.976255
3.035435
3.105135
3.180424
3.279056
3.386894
3.474018
3.592377
3.726188
3.858026
3.987563
4.123346
4.260774
4.370255
4.493874
4.629329
4.749660
4.879197
4.972240
5.070543
5.168847
5.253999
5.338823
5.413126
5.464086
5.517347
5.562389
5.590664
5.618610
5.633734
5.639323
5.648200
5.632419
5.609076
5.566664
5.511758
5.459812
5.382221
5.290164
5.193834
5.102763
4.984734
4.895636
4.759194
4.629329
4.507682
4.380118
4.242362
4.138141
4.007946
3.884656
3.756106
3.628542
3.512156
3.427990
3.327385
3.235986
3.144916
3.068312
3.002557
2.958502
2.913789
2.883213
2.859541
2.848363
2.835541
2.844746
2.854938
2.883542
2.920693
2.970666
3.026887
3.080477
3.159054
3.258343
3.361907
3.474018
3.595336
3.701530
3.833368
3.955672
4.088167
4.226910
4.365652
4.468230
4.593821
4.724016
4.856841
4.970925
5.074160
5.147148
5.234931
5.321727
5.398660
5.466716
5.512416
5.544964
5.582774
5.613678
5.625514
5.642282
5.648857
5.636035
5.620254
5.580801
5.529512
5.470990
5.382221
5.311863
5.217505
5.123805
5.024844
4.900568
4.777935
4.668453
4.538259
4.413653
4.275568
4.142744
4.039180
3.915232
3.789970
3.661090
3.535828
3.427990
3.351386
3.260316
3.167930
3.083107
3.020969
2.966721
2.914117
2.885843
2.863815
2.841459
2.839486
2.842116
2.860198
2.872363
2.907213
2.951926
3.016037
3.080806
3.162341
3.246507
3.342838
3.448703
3.565746
3.696598
3.801148
3.931671
4.051016
4.194361
4.326857
4.457051
4.589547
4.687850
4.824621
4.944952
5.050817
5.146819
5.243150
5.309233
5.389125
5.456524
5.511101
5.555814
5.589678
5.609733
5.633734
5.640638
5.649186
5.646884
5.626172
5.591650
5.538060
5.471648
5.397674
5.310220
5.238876
5.141559
5.040296
4.923253
4.794044
4.664836
4.561602
4.437983
4.306802
4.173977
4.043125
3.925096
3.830738
3.697584
3.572650
3.461525
3.351386
3.260316
3.184040
3.099217
3.026229
2.970009
2.922666
2.885185
2.867760
2.850993
2.842774
2.840801
2.854938
2.869733
2.896035
2.942063
2.995982
3.067655
3.143930
3.238617
3.315550
3.426346
3.537143
3.656816
3.795230
3.919178
4.023728
4.157538
4.300226
4.428777
4.556670
4.693111
4.802921
4.931472
5.028131
5.127750
5.213232
5.301672
5.367098
5.436798
5.488415
5.536088
5.571595
5.598884
5.618610
5.635377
5.640309
5.640638
5.616309
5.581787
5.541348
5.486114
5.412140
5.329946
5.238876
5.140573
5.062324
4.956459
4.826922
4.698042
4.570807
4.444558
4.343625
4.209814
4.076989
3.956000
3.826792
3.699228
3.597637
3.483224
3.373743
3.283330
3.185355
3.107765
3.042668
2.985461
2.937460
2.898007
2.863158
2.845075
2.837184
2.837842
2.847376
2.867760
2.904254
2.945351
2.987105
3.047928
3.121902
3.213630
3.308645
3.416812
3.499334
3.626569
3.755120
3.892876
4.020440
4.163128
4.272938
4.408393
4.529053
4.654973
4.785168
4.912732
5.002159
5.099804
5.193176
5.283918
5.368413
5.428250
5.477895
5.531814
5.574225
5.600527
5.617295
5.637350
5.632419
5.631432
5.612363
5.601185
5.545293
5.484470
5.421674
5.349673
5.258274
5.163915
5.062653
4.953829
4.855854
4.730591
4.596451
4.469873
4.347241
4.218690
4.105592
3.974083
3.865587
3.732105
3.600596
3.483224
3.400702
3.308645
3.215274
3.128149
3.042668
2.984475
2.944036
2.903597
2.872363
2.855267
2.844089
2.842445
2.843760
2.857240
2.886172
2.927926
2.982502
3.050887
3.108422
3.193246
3.288590
3.396428
3.510512
3.633473
3.742297
3.877095
3.994467
4.125648
4.264390
4.398201
4.506039
4.629000
4.763797
4.896951
5.005446
5.107366
5.172463
5.266493
5.344083
5.424633
5.484470
5.525896
5.555814
5.586719
5.610391
5.631432
5.643926
5.642611
5.634720
5.608089
5.562061
5.511429
5.433510
5.350988
5.285562
5.184299
5.079749
4.977171
4.858155
4.752290
4.622096
4.497819
4.364666
4.240061
4.103949
3.979672
3.886629
3.758736
3.627884
3.510183
3.407935
3.309960
3.237302
3.146889
3.063380
2.996639
2.934501
2.897679
2.879267
2.853952
2.844418
2.839157
2.839815
2.863486
2.878610
2.919707
2.970995
3.028859
3.104806
3.186013
3.260316
3.361249
3.482895
3.597308
3.733421
3.861971
3.963891
4.095071
4.237431
4.369926
4.493545
4.617164
4.724345
4.864073
4.985062
5.092900
5.169176
5.251040
5.318439
5.396688
5.461785
5.518005
5.559431
5.584417
5.609733
5.627816
5.639323
5.637679
5.628473
5.597239
5.574225
5.513731
5.448962
5.368413
5.285233
5.209286
5.108024
5.006433
4.879526
4.752948
4.624726
4.520505
4.400174
4.273924
4.139785
4.010906
3.886300
3.786682
3.656159
3.531225
3.432264
3.323769
3.230726
3.155766
3.077518
3.008804
2.953241
2.906884
2.878610
2.857569
2.845075
2.837842
2.839157
2.855925
2.880911
2.911158
2.951926
3.016037
3.084093
3.172862
3.262946
3.343167
3.448374
3.563774
3.697584
3.836656
3.961918
4.092113
4.203896
4.344282
4.466586
4.587903
4.714152
4.822977
4.946267
5.051475
5.147148
5.234273
5.317453
5.386495
5.455209
5.506169
5.548252
5.594938
5.606116
5.632747
5.639980
5.642282
5.629131
5.606116
5.565020
5.519978
5.460141
5.386495
5.302329
5.205341
5.112298
5.030433
4.914376
4.787798
4.655631
4.530368
4.407406
4.304172
4.166415
4.036879
3.914246
3.792600
3.667337
3.564760
3.452319
3.345468
3.252425
3.166615
3.083436
3.020640
2.965406
2.921022
2.883542
2.860527
2.846390
2.843102
2.841787
2.846390
2.872363
2.909843
2.955543
3.001900
3.065682
3.143601
3.235000
3.335605
3.436209
3.532869
3.662734
3.804436
3.933644
4.064496
4.203238
4.308774
4.432394
4.563245
4.688837
4.828237
4.945610
5.029776
5.130709
5.223423
5.314165
5.397345
5.461127
5.500251
5.542006
5.572253
5.605788
5.623213
5.639980
5.650501
5.638336
5.617624
5.579486
5.530827
5.469347
5.418715
5.328302
5.234601
5.138271
5.032077
4.914376
4.816072
4.681932
4.561602
4.427791
4.303185
4.192389
4.059564
3.931342
3.814956
3.679831
3.559171
3.450347
3.377359
3.274453
3.188314
3.101847
3.027215
2.965735
2.928255
2.889788
2.862829
2.846719
2.838171
2.838828
2.846719
2.868089
2.902939
2.947324
3.009462
3.075874
3.130121
3.218890
3.317194
3.421086
3.536814
3.663721
3.772545
3.896492
4.025043
4.158196
4.315021
4.444229
4.543848
4.675028
4.798318
4.919307
5.036022
5.130380
5.204026
5.288849
5.368742
5.435154
5.493018
5.543649
5.575541
5.602500
5.620254
5.637350
5.641295
5.639323
5.618281
5.586390
5.546937
5.479210
5.410496
5.326330
5.252027
5.150107
5.051146
4.935089
4.824621
4.722043
4.591849
4.463298
4.338364
4.201594
4.076989
3.976056
3.855396
3.723229
3.593692
3.486840
3.379003
3.297796
3.202780
3.115655
3.042339
2.975927
2.928255
2.897350
2.868089
2.850664
2.843760
2.841459
2.841787
2.861185
2.887815
2.930885
2.984804
3.046942
3.129135
3.202451
3.297467
3.407606
3.513142
3.634460
3.769257
3.875780
3.997755
4.136497
4.281815
4.416284
4.547464
4.655631
4.765112
4.891362
5.001830
5.108353
5.201725
5.268794
5.350988
5.424962
5.477237
5.529183
5.568307
5.587705
5.616637
5.633734
5.639651
5.632090
5.620254
5.599212
5.555814
5.495977
5.432524
5.349673
5.255643
5.172463
5.075146
4.976843
4.851251
4.723358
4.599082
4.496833
4.368611
4.239732
4.098688
3.972439
3.855724
3.748215
3.614405
3.497690
3.390839
3.296481
3.203767
3.131765
3.057134
2.990064
2.943378
2.896364
2.869404
2.851979
2.843431
2.841459
2.845732
2.861842
2.891432
2.925624
2.969680
3.030832
3.111710
3.191602
3.296809
3.369797
3.477306
3.599939
3.737366
3.867231
4.003015
4.103620
4.249267
4.383077
4.507682
4.639192
4.769715
4.871635
4.984405
5.072187
5.169833
5.261890
5.346714
5.409838
5.473620
5.522608
5.565349
5.593294
5.621569
5.639980
5.642939
5.635377
5.628473
5.601514
5.557458
5.503868
5.443045
5.363153
5.272411
5.185615
5.081064
4.995912
4.878540
4.744729
4.619794
4.494203
4.395242
4.265705
4.125976
4.001371
3.877752
3.747887
3.623610
3.527937
3.421415
3.316865
3.228425
3.136697
3.056805
3.002229
2.945680
2.906227
2.872363
2.849678
2.839486
2.835212
2.832910
2.854281
2.874665
2.919049
2.973954
3.025900
3.090340
3.172862
3.271494
3.366181
3.481251
3.576596
3.710735
3.841258
3.969151
4.098688
4.238088
4.351186
4.479079
4.603684
4.735194
4.862758
4.981117
5.064954
5.163915
5.255314
5.343097
5.408852
5.470990
5.511758
5.557787
5.592637
5.622555
5.634062
5.638994
5.636364
5.636364
5.608747
5.579157
5.511101
5.447648
5.386167
5.299041
5.203039
5.098489
4.993610
4.883471
4.774647
4.652343
4.517875
4.395899
4.263404
4.154908
4.028330
3.908328
3.783394
3.653857
3.527608
3.416812
3.336920
3.241575
3.150505
3.074888
3.011763
2.953241
2.912802
2.886172
2.855267
2.844089
2.842774
2.845075
2.851322
2.874993
2.909186
2.959817
3.017023
3.084093
3.155766
3.253083
3.355660
3.453306
3.566732
3.695283
3.802463
3.931342
4.067783
4.204882
4.347241
4.477107
4.580670
4.704947
4.831525
4.950212
5.058379
5.156025
5.224081
5.307590
5.388468
5.455538
5.509128
5.547266
5.579157
5.607431
5.627158
5.636035
5.638336
5.628802
5.609076
5.575869
5.521293
5.460470
5.388468
5.317453
5.223094
5.121832
5.016953
4.902869
4.780894
4.669768
4.545820
4.419571
4.292336
4.156552
4.029974
3.933973
3.813970
3.687721
3.560815
3.449689
3.350071
3.274782
3.182068
3.098230
3.018010
2.965735
2.912145
2.891432
2.861514
2.845075
2.835212
2.834883
2.854938
2.869404
2.908857
2.954556
3.006503
3.074230
3.150177
3.221849
3.321468
3.426346
3.542732
3.675228
3.805751
3.909643
4.038851
4.176608
4.315350
4.442256
4.575410
4.674371
4.814757
4.935089
5.037666
5.131038
5.219807
5.293781
5.377947
5.448962
5.503539
5.549896
5.578499
5.597569
5.622884
5.635049
5.641624
5.645241
5.612363
5.584089
5.534772
5.475593
5.398331
5.319754
5.226711
5.151751
5.047201
4.935089
4.820346
4.687522
4.561273
4.459353
4.335734
4.198635
4.063180
3.936603
3.812655
3.705475
3.578239
3.460539
3.362893
3.269192
3.179109
3.108422
3.034777
2.974612
2.924638
2.891432
2.859870
2.843102
2.843102
2.836198
2.850335
2.874336
2.909186
2.943707
2.993352
3.056805
3.131108
3.221192
3.317522
3.398401
3.516759
3.643994
3.781750
3.912273
4.038194
4.144716
4.281486
4.422201
4.540560
4.662206
4.794702
4.910102
5.011693
5.109339
5.202053
5.291480
5.374988
5.428250
5.494005
5.531485
5.575212
5.599541
5.621240
5.631432
5.641295
5.628144
5.616637
5.590335
5.542992
5.494005
5.424633
5.339481
5.248739
5.147805
5.047529
4.960404
4.844018
4.721057
4.592177
4.462969
4.339022
4.227896
4.090797
3.961918
3.840272
3.712379
3.588103
3.495389
3.395442
3.303056
3.209027
3.121902
3.038394
2.993680
2.938775
2.897021
2.866117
2.844418
2.837842
2.838171
2.843760
2.857897
2.889788
2.933186
2.984475
3.043325
3.113354
3.202780
3.298453
3.407935
3.516101
3.618679
3.753476
3.883670
4.004001
4.142086
4.286418
4.391297
4.520176
4.646425
4.779250
4.903855
5.013337
5.090599
5.180025
5.268794
5.360193
5.423647
5.483155
5.519649
5.556472
5.598226
5.615651
5.636364
5.639980
5.637021
5.625843
5.597239
5.560417
5.496964
5.424633
5.366440
5.270767
5.177724
5.069228
4.965664
4.868348
4.736509
4.611246
4.487956
4.358748
4.222964
4.121045
3.992494
3.868875
3.749202
3.621966
3.506896
3.425031
3.317194
3.220534
3.127491
3.051873
2.992037
2.949296
2.904912
2.873349
2.851979
2.841459
2.847705
2.845404
2.858226
2.885185
2.923652
2.973954
3.041353
3.102504
3.185684
3.275768
3.376044
3.488813
3.612432
3.722242
3.855724
3.976384
4.107894
4.256171
4.387352
4.511299
4.610918
4.743413
4.873937
4.985391
5.087311
5.165230
5.250054
5.337837
5.415428
5.482826
5.529512
5.557458
5.587377
5.606116
5.628802
5.638336
5.640638
5.638008
5.601514
5.561403
5.509786
5.439757
5.360522
5.281945
5.186272
5.088955
4.991638
4.874594
4.752948
4.645768
4.517546
4.394584
4.259459
4.122031
3.995453
3.895177
3.780764
3.641693
3.525307
3.420428
3.318837
3.240261
3.159711
3.069956
2.999270
2.948967
2.900309
2.878281
2.854938
2.844089
2.839815
2.842774
2.852637
2.874336
2.915104
2.965406
3.027873
3.099545
3.180753
3.254069
3.355660
3.459881
3.578239
3.710735
3.845204
3.947781
4.079619
4.221978
4.359406
4.483025
4.611246
4.710865
4.851580
4.960075
5.064626
5.159970
5.247424
5.323371
5.403592
5.465072
5.520307
5.558115
5.586390
5.605788
5.624856
5.639980
5.631104
5.638336
5.599870
5.573896
5.522608
5.453237
5.379591
5.291151
5.200080
5.120846
5.026816
4.901882
4.778921
4.645768
4.520176
4.422859
4.293980
4.160498
4.032933
3.905698
3.778791
3.674241
3.547335
3.434566
3.338235
3.243219
3.154122
3.087052
3.021955
2.959159
2.915761
2.886829
2.864801
2.842774
2.840143
2.836198
2.851979
2.874665
2.911816
2.952913
3.005188
3.079819
3.153793
3.253412
3.349413
3.433908
3.551609
3.679173
3.818902
3.944165
4.080277
4.179895
4.328172
4.452448
4.582972
4.713166
4.847963
4.941664
5.041940
5.139257
5.228026
5.313836
5.386824
5.444031
5.501237
5.543321
5.578171
5.607431
5.628144
5.638665
5.642282
5.636035
5.621569
5.575541
5.524909
5.470990
5.398003
5.309233
5.226382
5.122490
5.016953
4.927855
4.805552
4.678645
4.546478
4.420886
4.318966
4.188115
4.054632
3.933973
3.807395
3.665693
3.550623
3.455607
3.355331
3.259658
3.172204
3.089354
3.033133
2.973954
2.924638
2.886172
2.858883
2.846390
2.842445
2.843760
2.854281
2.881898
2.908528
2.953241
3.002557
3.064038
3.137026
3.229740
3.325084
3.429963
3.522019
3.654186
3.791614
3.917863
4.050358
4.183183
4.322254
4.429106
4.550094
4.680618
4.809168
4.932787
5.019255
5.121175
5.217505
5.311535
5.392413
5.455867
5.499265
5.542992
5.574225
5.604144
5.625843
5.641295
5.639980
5.644583
5.620583
5.585404
5.531814
5.469347
5.422003
5.334549
5.249068
5.147805
5.053118
4.939692
4.834155
4.701330
4.572780
4.447517
4.323240
4.195019
4.086524
3.962576
3.847176
3.710407
3.578239
3.469087
3.387551
3.291549
3.200808
3.114012
3.040038
2.983160
2.936803
2.888802
2.865459
2.845075
2.839486
2.839157
2.850664
2.870062
2.900638
2.938775
2.991379
3.054832
3.118614
3.199493
3.301741
3.408264
3.528595
3.658460
3.768928
3.896492
4.021426
4.155566
4.296938
4.422530
4.545492
4.642151
4.774647
4.899910
5.013337
5.112955
5.191204
5.278329
5.364468
5.436798
5.494662
5.540033
5.565349
5.592966
5.619267
5.632419
5.642611
5.638336
5.630446
5.590335
5.553513
5.484470
5.424304
5.340796
5.270109
5.179039
5.067255
4.958432
4.840402
4.702317
4.600397
4.478093
4.351186
4.210142
4.087181
3.958959
3.863944
3.734078
3.602898
3.491443
3.389195
3.286618
3.214945
3.126834
3.052531
2.990393
2.937789
2.899323
2.873678
2.854609
2.837513
2.839815
2.846061
2.863158
2.885843
2.929570
2.982502
3.043325
3.115984
3.200150
3.281029
3.379989
3.495718
3.617692
3.755120
3.881369
3.987234
4.115456
4.264719
4.388338
4.512943
4.640507
4.750975
4.887745
5.002159
5.102106
5.195149
5.278000
5.333891
5.411811
5.477237
5.529512
5.568965
5.599541
5.611377
5.625843
5.638008
5.637679
5.624856
5.598884
5.556472
5.506169
5.435483
5.353947
5.272739
5.173450
5.097503
4.984076
4.863087
4.737495
4.609931
4.487298
4.388995
4.251568
4.120387
3.994138
3.870190
3.750846
3.639063
3.517745
3.403003
3.311275
3.225137
3.135053
3.072257
3.001571
2.946337
2.899980
2.869733
2.847048
2.837513
2.832910
2.834883
2.850335
2.887815
2.926939
2.964420
3.025243
3.095271
3.185027
3.282343
3.384263
3.467772
3.584486
3.717639
3.853423
3.983946
4.116113
4.229540
4.366310
4.490258
4.620123
4.757551
4.876238
4.962048
5.060351
5.152408
5.251040
5.354604
5.428578
5.476908
5.518662
5.556472
5.584089
5.612034
5.628473
5.640309
5.638008
5.630774
5.599870
5.571267
5.508800
5.456524
5.376961
5.286548
5.191861
5.088955
4.987692
4.898266
4.774976
4.635247
4.508997
4.384392
4.255842
4.150634
4.026029
3.898465
3.765312
3.633802
3.514129
3.427333
3.334619
3.242233
3.154451
3.070942
3.007160
2.963762
2.920035
2.883870
2.853294
2.836527
2.827650
2.835869
2.857240
2.882555
2.917076
2.965077
3.020969
3.071600
3.157081
3.252096
3.349084
3.465470
3.588760
3.691995
3.828765
3.951069
4.082249
4.213101
4.358419
4.468230
4.585602
4.714481
4.844018
4.960733
5.059365
5.138928
5.229999
5.315809
5.393400
5.465730
5.516690
5.542992
5.573568
5.605788
5.621898
5.640966
5.634062
5.625185
5.608418
5.576527
5.517347
5.454880
5.379262
5.308576
5.219807
5.120846
5.015638
4.897280
4.775304
4.667138
4.541217
4.415955
4.287733
4.157867
4.047400
3.922465
3.798846
3.668652
3.547335
3.438840
3.341851
3.265247
3.171876
3.090011
3.016037
2.958502
2.922008
2.880911
2.852966
2.839157
2.835541
2.839815
2.850664
2.870391
2.905569
2.950940
3.007818
3.077189
3.155108
3.234671
3.332317
3.442785
3.552266
3.685091
3.820874
3.930356
4.050358
4.188772
4.327843
4.457051
4.585273
4.683905
4.818374
4.938047
5.050817
5.144189
5.228026
5.294438
5.369071
5.442716
5.503539
5.536417
5.584089
5.601514
5.625514
5.643926
5.640309
5.636035
5.616309
5.585075
5.533457
5.477895
5.409838
5.317453
5.239862
5.148134
5.034379
4.923910
4.798318
4.662864
4.563903
4.442256
4.315679
4.183512
4.048715
3.929698
3.837313
3.702187
3.572979
3.453963
3.358948
3.259001
3.194232
3.106779
3.033133
2.974612
2.925953
2.886172
2.863486
2.845404
2.831924
2.836198
2.845732
2.868089
2.903597
2.939762
2.997955
3.066339
3.143272
3.243548
3.334947
3.416812
3.528595
3.649912
3.792929
3.911287
4.042139
4.155566
4.299240
4.432065
4.555684
4.689166
4.821333
4.920951
5.027803
5.131038
5.207314
5.293124
5.362495
5.433510
5.490059
5.536088
5.572582
5.601514
5.623870
5.636035
5.637350
5.638336
5.615980
5.583102
5.557129
5.486443
5.413455
5.331919
5.238547
5.141559
5.059365
4.951199
4.831525
4.702645
4.573437
4.444229
4.343296
4.212444
4.083236
3.951397
3.829094
3.701858
3.600267
3.487498
3.383606
3.291549
3.198178
3.109737
3.048586
2.986776
2.938118
2.900966
2.867760
2.845404
2.837184
2.837184
2.842774
2.869404
2.899651
2.941406
2.982831
3.042339
3.124532
3.216918
3.308645
3.410565
3.492101
3.621309
3.760051
3.892218
4.024056
4.148004
4.261760
4.398859
4.518861
4.651685
4.785168
4.911088
4.995912
5.103421
5.192847
5.279973
5.357563
5.429565
5.468689
5.531814
5.568965
5.603158
5.615651
5.640309
5.634720
5.636693
5.622555
5.600199
5.550882
5.492690
5.433839
5.356248
5.265178
5.162929
5.067255
4.964349
4.857498
4.725988
4.600397
4.486312
4.351186
4.221978
4.115127
3.985919
3.859341
3.735065
3.603226
3.489142
3.405633
3.305686
3.212644
3.124203
3.051216
2.987105
2.944693
2.907213
2.874336
2.852966
2.842116
2.841787
2.843102
2.859541
2.887815
2.928583
2.980201
3.036421
3.097573
3.179766
3.277083
3.382619
3.497361
3.619007
3.730462
3.858026
3.984275
4.120716
4.264061
4.408064
4.501436
4.633603
4.761496
4.890704
5.010378
5.098489
5.175751
5.267808
5.348029
5.420688
5.481840
5.524252
5.553513
5.583102
5.616309
5.636693
5.637350
5.640638
5.627487
5.606445
5.561403
5.504197
5.436798
5.357892
5.277671
5.188902
5.085667
4.981117
4.856512
4.756893
4.625055
4.501436
4.374858
4.242033
4.114798
4.009262
3.891232
3.765969
3.637090
3.520047
3.421415
3.333303
3.238945
3.148204
3.071929
3.004530
2.953899
2.908528
2.883870
2.853623
2.846390
2.841787
2.846061
2.857569
2.883542
2.913789
2.973954
3.031818
3.100532
3.188643
3.265576
3.363222
3.474018
3.597966
3.728160
3.829751
3.957644
4.089482
4.231513
4.371899
4.496833
4.621109
4.726646
4.860457
4.976843
5.078434
5.171477
5.239862
5.321727
5.403263
5.462442
5.514717
5.549567
5.581459
5.608418
5.627816
5.633076
5.638665
5.624856
5.608089
5.566664
5.520964
5.449620
5.376961
5.288192
5.210930
5.110654
5.005117
4.886101
4.767743
4.641165
4.539245
4.412338
4.284445
4.146689
4.017810
3.897479
3.797203
3.662405
3.539773
3.430620
3.334619
3.237630
3.172862
3.084751
3.021955
2.960146
2.915761
2.879925
2.861842
2.840801
2.840143
2.842774
2.852637
2.877624
2.914117
2.953899
3.013736
3.080806
3.163327
3.259658
3.347112
3.449689
3.569034
3.693639
3.834354
3.956987
4.061865
4.200608
4.342967
4.467901
4.599411
4.718098
4.830867
4.952185
5.053447
5.147477
5.238218
5.331590
5.388139
5.457182
5.511101
5.548581
5.586719
5.608747
5.624528
5.635049
5.639323
5.632090
5.610391
5.571267
5.527539
5.465730
5.386495
5.300028
5.207642
5.109010
5.026159
4.913061
4.785168
4.655960
4.526423
4.405434
4.305158
4.170690
4.041481
3.914904
3.798189
3.664378
3.570020
3.456593
3.354674
3.259329
3.164971
3.082449
3.027215
2.971653
2.923980
2.886172
2.869404
2.847376
2.844089
2.843760
2.854609
2.880911
2.912473
2.959488
2.999270
3.069298
3.150834
3.241575
3.344810
3.442127
3.539773
3.668324
3.800819
3.937260
4.068441
4.207512
4.316994
4.448503
4.570149
4.692125
4.821333
4.940349
5.023200
5.125449
5.214875
5.302001
5.383865
5.443045
5.505840
5.550554
5.584417
5.603487
5.624199
5.638994
5.636693
5.637021
5.609404
5.574883
5.526882
5.481182
5.412468
5.326001
5.231314
5.133010
5.029447
4.939363
4.815086
4.687522
4.568506
4.435681
4.310747
4.196334
4.067126
3.943178
3.827121
3.695940
3.566404
3.482238
3.378345
3.281029
3.189301
3.105135
3.030832
2.983817
2.940419
2.895706
2.863158
2.848034
2.840801
2.841787
2.849020
2.865459
2.907542
2.944036
3.003872
3.049572
3.126834
3.215602
3.315221
3.420099
3.535828
3.633473
3.777805
3.902081
4.036550
4.168388
4.313048
4.416612
4.547135
4.660233
4.792072
4.912732
5.019584
5.097174
5.190875
5.280959
5.370386
5.438113
5.492690
5.530499
5.570280
5.600527
5.626829
5.638008
5.640638
5.639980
5.621569
5.595267
5.543321
5.484141
5.413784
5.346056
5.256301
5.156353
5.051803
4.942979
4.818045
4.712837
4.590862
4.467901
4.342309
4.207512
4.070742
3.984275
3.851122
3.725201
3.596980
3.481909
3.376701
3.309960
3.218233
3.142615
3.067326
3.007160
2.962447
2.934173
2.909843
2.891432
2.882555
2.880911
2.896364
2.901953
2.936145
2.985461
3.042996
3.112368
3.195876
3.259329
3.355660
3.458566
3.573308
3.699228
3.824820
3.910958
4.038851
4.154251
4.277870
4.388995
4.493545
4.572780
4.667795
4.749989
4.833169
4.902540
4.962377
4.996241
5.035365
5.061666
5.086982
5.094873
5.110654
5.110325
5.108353
5.083037
5.041940
5.006104
4.968624
4.917992
4.859470
4.803250
4.744729
4.670754
4.624726
4.567519
4.515573
4.462312
4.424831
4.384064
4.351844
4.308117
4.274911
4.242033
4.211786
4.184498
4.173648
4.148004
4.137483
4.130579
4.123675
4.124990
4.126305
4.119730
4.122689
4.122689
4.124661
4.130908
4.138470
4.149319
4.167073
4.172333
4.187457
4.190416
4.202580
4.200937
4.208498
4.212772
4.218033
4.216389
4.227567
4.228882
4.233157
4.235786
4.240061
4.240389
