-5.460060
-5.474197
-5.472225
-5.476170
-5.474197
-5.471567
-5.460718
-5.467293
-5.469265
-5.469594
-5.466964
-5.472225
-5.473868
-5.470581
-5.475183
-5.463348
-5.461704
-5.473868
-5.474197
-5.462033
-5.477814
-5.467293
-5.469265
-5.487348
-5.477814
-5.492938
-5.498198
-5.493266
-5.509048
-5.509376
-5.513979
-5.513321
-5.510362
-5.507403
-5.512335
-5.513979
-5.512992
-5.499184
-5.489978
-5.490636
-5.486691
-5.466964
-5.454800
-5.440005
-5.428498
-5.417977
-5.392662
-5.375237
-5.357482
-5.337099
-5.312769
-5.279234
-5.269042
-5.242083
-5.224000
-5.202302
-5.176328
-5.155287
-5.143122
-5.132601
-5.108272
-5.107944
-5.100710
-5.106957
-5.111231
-5.121094
-5.128327
-5.141479
-5.172383
-5.196383
-5.226960
-5.253262
-5.284166
-5.337756
-5.375894
-5.423237
-5.464334
-5.512335
-5.559679
-5.607022
-5.653050
-5.681653
-5.734586
-5.780286
-5.810862
-5.859849
-5.892397
-5.930864
-5.958810
-5.982810
-6.001222
-6.019962
-6.020290
-6.035414
-6.039360
-6.039360
-6.034099
-6.020290
-5.996619
-5.973605
-5.953221
-5.923631
-5.899302
-5.854589
-5.823684
-5.792121
-5.734586
-5.698092
-5.655680
-5.601433
-5.544884
-5.485704
-5.440991
-5.400223
-5.334468
-5.300276
-5.248659
-5.192438
-5.148711
-5.108272
-5.062901
-5.022134
-4.994517
-4.949146
-4.930077
-4.900816
-4.890953
-4.886350
-4.877473
-4.865309
-4.870240
-4.878788
-4.893583
-4.910351
-4.932707
-4.963941
-4.984324
-5.025750
-5.065860
-5.097752
-5.134245
-5.191123
-5.243727
-5.287783
-5.343345
-5.396935
-5.441320
-5.501157
-5.538308
-5.590912
-5.652721
-5.699407
-5.740833
-5.793766
-5.825656
-5.881548
-5.916069
-5.944344
-5.974262
-6.002537
-6.020619
-6.038702
-6.041003
-6.041990
-6.058428
-6.054483
-6.046921
-6.028181
-6.001222
-5.982153
-5.960783
-5.927905
-5.907192
-5.881877
-5.840122
-5.788505
-5.752997
-5.713544
-5.667187
-5.616885
-5.557048
-5.512992
-5.461375
-5.403182
-5.350907
-5.307838
-5.258193
-5.203617
-5.159561
-5.114848
-5.069148
-5.035285
-4.992544
-4.968872
-4.925803
-4.914953
-4.885693
-4.885364
-4.877473
-4.865637
-4.865309
-4.882734
-4.887665
-4.905090
-4.923831
-4.959667
-4.985311
-5.020819
-5.060600
-5.099395
-5.141150
-5.172054
-5.231234
-5.281536
-5.326907
-5.384442
-5.433101
-5.484389
-5.526472
-5.579734
-5.643187
-5.685599
-5.742148
-5.773053
-5.818095
-5.864780
-5.896672
-5.933166
-5.956837
-5.985769
-6.009112
-6.034757
-6.036729
-6.053825
-6.049222
-6.041003
-6.034757
-6.036072
-6.018647
-5.995633
-5.972947
-5.943028
-5.919357
-5.872014
-5.843739
-5.807245
-5.767463
-5.712229
-5.664886
-5.615570
-5.572501
-5.516938
-5.467622
-5.414032
-5.351565
-5.316386
-5.262138
-5.211507
-5.170411
-5.110245
-5.070792
-5.036271
-4.993859
-4.969530
-4.945529
-4.923173
-4.896214
-4.875172
-4.879117
-4.872541
-4.865966
-4.867939
-4.886021
-4.901474
-4.929090
-4.952763
-4.976105
-5.019504
-5.047778
-5.093806
-5.129314
-5.166465
-5.224329
-5.263453
-5.313098
-5.363729
-5.422909
-5.476828
-5.527787
-5.576775
-5.629707
-5.680338
-5.735244
-5.778971
-5.826314
-5.868397
-5.898315
-5.931193
-5.967029
-5.990043
-6.008783
-6.033442
-6.038044
-6.053825
-6.048565
-6.050867
-6.049222
-6.039688
-6.016016
-5.997605
-5.977879
-5.948946
-5.922974
-5.889767
-5.856561
-5.810533
-5.762203
-5.723079
-5.676722
-5.624118
-5.579405
-5.514965
-5.474197
-5.421922
-5.363072
-5.320660
-5.265097
-5.226960
-5.170082
-5.133588
-5.090190
-5.043833
-5.007997
-4.975119
-4.950132
-4.913310
-4.904104
-4.878131
-4.879117
-4.860706
-4.870569
-4.870898
-4.887994
-4.905090
-4.923173
-4.952105
-4.977749
-5.007997
-5.044819
-5.078025
-5.126026
-5.169424
-5.208548
-5.255892
-5.309482
-5.368989
-5.416004
-5.461375
-5.509376
-5.566254
-5.624775
-5.677051
-5.726367
-5.771080
-5.806259
-5.847027
-5.897658
-5.931521
-5.950591
-5.990372
-6.006482
-6.032126
-6.032126
-6.050538
-6.057113
-6.058099
-6.050867
-6.030154
-6.019962
-6.000235
-5.969659
-5.954207
-5.921987
-5.895028
-5.860835
-5.820067
-5.776340
-5.737874
-5.688887
-5.636611
-5.583350
-5.534692
-5.484060
-5.425210
-5.373264
-5.332167
-5.276933
-5.232549
-5.183233
-5.126684
-5.090847
-5.051723
-5.005695
-4.983667
-4.953091
-4.931721
-4.909364
-4.890624
-4.882076
-4.872870
-4.873528
-4.877802
-4.882405
-4.899830
-4.922186
-4.946516
-4.960324
-5.005695
-5.041860
-5.081313
-5.123067
-5.152986
-5.209535
-5.248001
-5.306523
-5.358140
-5.403182
-5.460718
-5.511020
-5.564610
-5.618858
-5.665873
-5.704339
-5.764833
-5.803628
-5.842752
-5.889439
-5.924617
-5.945001
-5.987413
-6.003523
-6.029167
-6.041661
-6.038702
-6.055470
-6.049551
-6.049222
-6.039688
-6.029496
-6.009112
-5.983468
-5.963413
-5.922316
-5.905220
-5.863465
-5.831903
-5.782587
-5.746751
-5.701051
-5.651735
-5.600775
-5.541924
-5.488006
-5.439347
-5.392004
-5.343345
-5.292057
-5.238795
-5.193096
-5.135561
-5.100382
-5.051394
-5.021147
-4.980051
-4.958023
-4.930406
-4.913967
-4.893583
-4.880761
-4.862350
-4.876158
-4.881090
-4.887994
-4.897857
-4.907721
-4.936324
-4.964598
-4.995503
-5.027394
-5.061586
-5.108601
-5.147725
-5.204274
-5.250960
-5.302248
-5.349263
-5.401867
-5.440333
-5.504116
-5.545212
-5.609323
-5.653050
-5.707955
-5.747079
-5.789491
-5.846698
-5.885822
-5.913110
-5.954207
-5.969331
-6.008126
-6.026866
-6.041003
-6.051195
-6.057442
-6.055798
-6.049222
-6.042318
-6.033113
-6.012400
-5.987084
-5.965385
-5.933166
-5.907521
-5.872014
-5.840451
-5.786203
-5.752011
-5.706312
-5.657653
-5.609652
-5.549815
-5.492938
-5.439676
-5.395620
-5.351236
-5.293043
-5.250631
-5.194740
-5.153314
-5.099395
-5.069477
-5.025421
-4.991229
-4.965585
-4.935995
-4.918241
-4.896871
-4.881747
-4.879775
-4.872213
-4.870898
-4.887665
-4.895556
-4.905748
-4.922186
-4.956707
-4.996161
-5.027394
-5.069148
-5.106628
-5.151341
-5.197370
-5.244056
-5.290413
-5.334797
-5.391346
-5.443293
-5.488992
-5.540609
-5.592885
-5.643845
-5.697763
-5.749052
-5.789491
-5.836835
-5.873329
-5.916398
-5.949275
-5.975906
-5.988400
-6.018318
-6.038044
-6.048894
-6.057442
-6.052182
-6.054154
-6.045935
-6.020619
-6.002865
-5.987742
-5.963084
-5.947303
-5.915083
-5.879904
-5.838150
-5.806916
-5.764176
-5.719134
-5.667187
-5.618529
-5.552445
-5.509048
-5.457758
-5.406799
-5.345975
-5.306851
-5.242412
-5.210521
-5.151670
-5.111889
-5.065532
-5.038572
-5.000763
-4.963612
-4.944872
-4.918570
-4.898515
-4.872870
-4.869583
-4.869912
-4.877144
-4.881090
-4.894569
-4.910679
-4.929420
-4.951776
-4.990571
-5.017531
-5.061258
-5.098738
-5.145424
-5.176328
-5.236494
-5.280550
-5.331181
-5.369318
-5.422251
-5.479786
-5.536007
-5.583021
-5.640228
-5.675078
-5.737874
-5.779299
-5.827629
-5.873986
-5.895028
-5.936453
-5.972290
-6.001550
-6.017660
-6.023250
-6.043962
-6.055470
-6.054154
-6.044949
-6.052182
-6.035085
-6.017003
-6.000235
-5.977879
-5.945659
-5.925604
-5.886151
-5.854589
-5.804944
-5.771080
-5.725709
-5.677380
-5.626091
-5.568555
-5.519568
-5.471238
-5.422251
-5.371620
-5.309811
-5.261809
-5.219398
-5.167451
-5.129642
-5.083614
-5.032983
-4.996489
-4.968544
-4.935995
-4.921529
-4.898186
-4.891611
-4.879117
-4.874186
-4.870240
-4.878131
-4.878131
-4.899172
-4.921200
-4.953420
-4.977420
-5.005366
-5.051394
-5.090518
-5.137204
-5.174356
-5.224329
-5.267399
-5.310797
-5.371620
-5.417648
-5.474855
-5.523185
-5.579405
-5.624118
-5.682640
-5.718147
-5.772066
-5.825327
-5.858862
-5.889439
-5.937111
-5.965385
-5.991358
-6.019304
-6.028181
-6.032126
-6.052839
-6.054154
-6.050209
-6.054483
-6.034099
-6.016674
-6.000893
-5.978208
-5.954207
-5.929220
-5.890096
-5.855246
-5.817766
-5.778642
-5.734915
-5.677708
-5.623132
-5.578090
-5.534692
-5.481759
-5.425210
-5.372935
-5.325263
-5.269042
-5.223343
-5.177643
-5.121423
-5.088217
-5.051723
-5.014572
-4.975119
-4.950461
-4.923831
-4.896542
-4.888323
-4.880432
-4.875829
-4.878459
-4.868925
-4.891611
-4.899501
-4.918241
-4.945858
-4.975777
-5.005366
-5.047449
-5.087231
-5.123396
-5.173698
-5.211507
-5.265426
-5.317043
-5.363729
-5.418634
-5.468279
-5.517595
-5.563952
-5.611625
-5.660612
-5.720778
-5.772724
-5.813492
-5.852287
-5.894370
-5.932508
-5.961111
-5.983139
-6.015030
-6.018318
-6.044949
-6.046921
-6.059743
-6.045935
-6.055140
-6.037058
-6.020948
-6.005496
-5.986427
-5.948618
-5.932179
-5.902261
-5.863794
-5.827300
-5.787190
-5.742148
-5.695791
-5.645488
-5.580391
-5.542253
-5.492280
-5.436717
-5.385099
-5.323290
-5.271344
-5.235507
-5.173369
-5.135889
-5.089203
-5.043175
-5.017202
-4.980380
-4.949475
-4.922844
-4.905090
-4.892926
-4.877802
-4.878131
-4.869583
-4.874843
-4.882076
-4.897857
-4.906734
-4.945200
-4.971502
-5.007339
-5.042518
-5.072107
-5.114190
-5.160547
-5.206247
-5.257535
-5.305865
-5.344003
-5.405155
-5.455128
-5.499513
-5.565597
-5.615570
-5.666530
-5.708613
-5.763847
-5.800012
-5.851958
-5.877274
-5.920343
-5.946316
-5.987742
-5.996290
-6.022263
-6.041990
-6.046264
-6.059086
-6.047907
-6.053825
-6.030811
-6.015687
-6.002865
-5.980509
-5.965385
-5.938097
-5.906864
-5.861493
-5.835848
-5.788834
-5.749381
-5.702695
-5.648776
-5.604721
-5.539952
-5.502472
-5.448882
-5.396935
-5.334140
-5.285152
-5.241097
-5.186192
-5.146739
-5.102355
-5.056326
-5.025093
-4.994188
-4.955392
-4.934351
-4.902789
-4.899172
-4.886350
-4.870898
-4.864651
-4.878459
-4.880432
-4.896871
-4.917912
-4.936981
-4.962955
-4.997804
-5.029366
-5.058628
-5.110245
-5.145424
-5.200000
-5.242412
-5.296002
-5.336441
-5.392333
-5.453156
-5.489650
-5.548829
-5.604392
-5.645488
-5.697763
-5.740175
-5.794423
-5.840451
-5.882205
-5.916727
-5.949604
-5.975577
-6.006153
-6.025551
-6.025880
-6.051853
-6.055798
-6.058757
-6.043304
-6.047250
-6.031797
-6.003523
-5.980509
-5.972947
-5.945659
-5.912453
-5.876616
-5.837821
-5.801656
-5.755299
-5.713544
-5.665215
-5.611296
-5.560007
-5.504445
-5.451512
-5.401209
-5.338085
-5.290413
-5.249974
-5.193425
-5.152657
-5.110902
-5.068491
-5.020161
-4.993202
-4.955721
-4.938296
-4.912652
-4.897200
-4.878788
-4.865637
-4.866624
-4.864651
-4.881419
-4.887665
-4.900158
-4.934680
-4.963283
-4.994188
-5.028380
-5.058956
-5.104656
-5.145095
-5.189808
-5.244056
-5.290084
-5.333153
-5.384771
-5.429484
-5.492609
-5.545541
-5.595186
-5.643516
-5.698750
-5.731956
-5.781272
-5.834205
-5.869712
-5.908507
-5.941385
-5.977879
-6.003194
-6.021935
-6.032126
-6.043633
-6.049222
-6.063031
-6.043633
-6.047579
-6.031797
-6.004509
-5.990372
-5.971961
-5.935138
-5.917056
-5.884836
-5.835191
-5.804286
-5.760888
-5.716832
-5.672777
-5.617214
-5.565925
-5.509048
-5.469594
-5.415676
-5.348277
-5.295016
-5.260166
-5.201644
-5.157917
-5.110574
-5.071450
-5.027394
-4.997804
-4.966900
-4.944872
-4.917583
-4.892268
-4.889309
-4.866952
-4.879775
-4.871884
-4.870240
-4.892268
-4.910022
-4.930735
-4.956707
-4.988927
-5.022791
-5.057312
-5.095450
-5.142794
-5.187507
-5.227617
-5.276933
-5.329865
-5.379182
-5.431457
-5.487020
-5.537651
-5.586967
-5.634968
-5.689873
-5.724394
-5.786203
-5.815793
-5.866096
-5.907192
-5.941385
-5.973276
-5.999578
-6.019304
-6.036072
-6.047907
-6.058099
-6.047907
-6.061059
-6.043633
-6.030154
-6.019304
-6.002208
-5.973933
-5.954536
-5.925275
-5.889110
-5.846369
-5.815135
-5.770422
-5.724394
-5.681982
-5.632338
-5.576117
-5.527459
-5.464005
-5.410744
-5.368003
-5.316386
-5.267727
-5.204932
-5.163177
-5.120437
-5.078682
-5.037257
-5.009640
-4.980708
-4.948817
-4.925474
-4.892597
-4.878459
-4.880761
-4.863336
-4.878131
-4.883062
-4.885035
-4.907721
-4.923173
-4.949803
-4.969201
-5.014243
-5.052381
-5.077696
-5.135231
-5.176986
-5.214138
-5.273645
-5.313756
-5.365373
-5.425868
-5.464005
-5.515952
-5.564281
-5.626748
-5.672448
-5.728668
-5.765491
-5.819081
-5.862808
-5.901274
-5.922316
-5.965385
-5.994318
-6.006482
-6.019962
-6.031469
-6.052182
-6.046592
-6.057771
-6.039360
-6.025222
-6.017989
-5.998920
-5.971632
-5.953549
-5.924617
-5.884836
-5.864452
-5.824341
-5.783902
-5.724723
-5.691188
-5.642200
-5.589597
-5.531075
-5.487677
-5.434416
-5.375894
-5.323948
-5.267727
-5.227617
-5.178301
-5.132930
-5.089532
-5.050737
-5.013257
-4.977092
-4.946516
-4.916268
-4.910679
-4.888651
-4.870240
-4.871884
-4.870898
-4.875829
-4.876487
-4.902131
-4.918241
-4.939940
-4.976434
-5.008325
-5.046134
-5.071450
-5.129314
-5.170411
-5.215781
-5.260823
-5.314742
-5.356496
-5.414032
-5.468937
-5.521212
-5.570857
-5.606693
-5.664886
-5.714531
-5.759244
-5.807903
-5.854917
-5.885493
-5.929878
-5.951248
-5.991030
-6.006153
-6.016674
-6.032126
-6.055798
-6.057442
-6.052510
-6.053825
-6.040346
-6.013715
-6.001550
-5.981824
-5.956180
-5.924289
-5.902918
-5.868726
-5.833876
-5.792450
-5.740504
-5.686256
-5.643845
-5.598803
-5.533377
-5.496554
-5.439347
-5.384771
-5.332825
-5.277919
-5.234521
-5.184219
-5.135561
-5.090190
-5.053367
-5.016216
-4.975448
-4.958023
-4.935666
-4.913638
-4.891282
-4.886350
-4.874514
-4.875829
-4.866295
-4.875501
-4.901145
-4.913310
-4.943885
-4.973475
-4.999119
-5.024764
-5.078354
-5.113204
-5.160876
-5.208877
-5.253590
-5.297646
-5.349921
-5.401867
-5.460389
-5.507732
-5.552774
-5.604721
-5.662913
-5.706640
-5.761874
-5.798697
-5.848013
-5.880890
-5.918371
-5.955851
-5.976235
-6.008126
-6.026208
-6.036400
-6.050209
-6.048565
-6.060072
-6.042318
-6.034099
-6.025551
-6.012400
-5.986755
-5.969002
-5.927248
-5.897658
-5.864123
-5.836506
-5.795081
-5.740504
-5.707955
-5.659297
-5.595843
-5.556391
-5.490307
-5.446251
-5.390031
-5.333811
-5.291728
-5.244713
-5.182246
-5.142465
-5.102355
-5.061915
-5.012599
-4.995174
-4.950132
-4.930735
-4.910679
-4.889309
-4.887665
-4.873199
-4.863994
-4.868597
-4.886350
-4.898844
-4.908378
-4.939283
-4.959338
-4.997804
-5.024435
-5.066847
-5.100053
-5.145095
-5.185863
-5.248987
-5.289426
-5.332167
-5.393319
-5.447238
-5.498198
-5.547514
-5.602419
-5.647132
-5.695133
-5.749710
-5.789163
-5.840451
-5.881219
-5.915083
-5.948618
-5.981495
-5.999907
-6.023250
-6.031797
-6.051853
-6.057442
-6.048565
-6.056785
-6.047250
-6.022263
-6.006811
-5.989715
-5.971632
-5.929878
-5.907850
-5.872671
-5.840780
-5.789491
-5.761217
-5.714859
-5.667187
-5.605707
-5.562637
-5.512335
-5.459731
-5.408442
-5.350250
-5.304879
-5.250631
-5.199671
-5.153314
-5.112546
-5.071778
-5.025750
-4.986955
-4.968872
-4.935995
-4.917912
-4.887665
-4.885364
-4.868925
-4.872541
-4.878788
-4.886021
-4.895885
-4.912981
-4.936653
-4.963283
-4.989256
-5.013586
-5.051723
-5.100382
-5.147396
-5.194411
-5.239782
-5.272330
-5.338085
-5.380826
-5.432772
-5.489978
-5.542911
-5.590583
-5.643845
-5.689873
-5.742148
-5.789820
-5.833218
-5.874315
-5.905549
-5.934152
-5.962426
-5.994646
-6.020619
-6.032455
-6.050209
-6.061059
-6.059414
-6.057113
-6.046592
-6.036729
-6.015030
-5.998591
-5.971632
-5.951248
-5.922645
-5.886479
-5.856561
-5.812177
-5.769765
-5.724394
-5.675407
-5.629707
-5.570199
-5.519239
-5.456443
-5.409758
-5.351236
-5.306851
-5.261152
-5.215124
-5.161862
-5.113533
-5.075395
-5.033969
-5.004380
-4.976434
-4.949146
-4.924488
-4.903446
-4.893254
-4.869912
-4.878788
-4.872870
-4.881090
-4.887008
-4.901145
-4.930406
-4.953420
-4.970516
-5.018188
-5.047449
-5.097752
-5.134574
-5.187178
-5.231562
-5.279563
-5.326907
-5.382141
-5.430470
-5.480444
-5.532719
-5.582693
-5.633324
-5.684612
-5.735572
-5.779628
-5.815793
-5.862808
-5.897329
-5.929220
-5.968344
-5.984126
-6.015359
-6.020619
-6.043962
-6.052839
-6.063031
-6.060072
-6.049222
-6.035414
-6.016674
-5.997605
-5.969659
-5.953549
-5.925604
-5.897329
-5.858205
-5.822369
-5.780614
-5.735244
-5.687572
-5.624118
-5.587624
-5.523513
-5.478800
-5.421594
-5.369647
-5.323619
-5.268714
-5.215781
-5.172712
-5.120766
-5.085587
-5.043504
-5.003065
-4.981694
-4.938625
-4.926132
-4.909036
-4.891939
-4.880761
-4.878131
-4.878788
-4.879446
-4.888651
-4.897857
-4.912323
-4.950132
-4.979722
-5.012928
-5.037915
-5.076710
-5.133588
-5.178301
-5.215781
-5.269700
-5.320331
-5.366360
-5.411401
-5.470910
-5.525157
-5.576446
-5.621159
-5.675735
-5.721435
-5.767792
-5.811190
-5.846698
-5.896343
-5.927905
-5.959467
-5.990701
-6.000235
-6.029825
-6.044949
-6.059086
-6.047250
-6.045277
-6.047907
-6.028510
-6.026208
-6.004509
-5.981824
-5.961440
-5.930535
-5.902261
-5.868397
-5.820067
-5.777656
-5.728339
-5.692832
-5.640885
-5.597158
-5.536993
-5.482745
-5.438361
-5.383784
-5.327564
-5.268385
-5.229261
-5.183233
-5.135561
-5.088875
-5.048436
-5.018188
-4.980380
-4.948160
-4.922186
-4.897529
-4.891939
-4.884049
-4.879117
-4.874186
-4.880432
-4.888651
-4.898515
-4.922515
-4.940598
-4.959667
-4.990900
-5.042518
-5.069477
-5.118464
-5.171068
-5.214466
-5.248987
-5.308496
-5.362414
-5.401867
-5.464334
-5.508718
-5.552774
-5.605378
-5.668831
-5.717161
-5.763189
-5.803957
-5.838808
-5.893055
-5.926261
-5.958810
-5.987742
-6.008126
-6.023907
-6.040017
-6.047907
-6.057771
-6.048236
-6.054812
-6.044949
-6.027195
-5.999578
-5.989715
-5.958152
-5.929549
-5.893055
-5.869712
-5.828615
-5.794423
-5.734915
-5.703352
-5.650749
-5.596172
-5.544226
-5.494910
-5.433101
-5.391346
-5.336112
-5.282194
-5.233864
-5.182904
-5.143780
-5.098080
-5.059943
-5.024106
-4.991229
-4.959009
-4.927118
-4.907721
-4.889966
-4.874514
-4.871884
-4.877473
-4.880104
-4.877473
-4.901145
-4.918899
-4.934680
-4.968544
-5.000106
-5.036928
-5.071121
-5.105313
-5.156273
-5.198685
-5.247672
-5.291399
-5.356167
-5.392662
-5.453485
-5.503458
-5.549815
-5.601104
-5.662256
-5.710914
-5.758586
-5.803957
-5.842095
-5.886151
-5.921001
-5.947631
-5.982810
-5.998263
-6.014372
-6.042647
-6.042647
-6.060401
-6.046921
-6.051853
-6.032126
-6.019304
-6.009441
-5.991358
-5.961440
-5.935796
-5.905220
-5.879904
-5.844068
-5.796395
-5.752011
-5.712229
-5.661270
-5.606364
-5.548829
-5.503458
-5.447238
-5.397593
-5.337428
-5.296659
-5.240768
-5.185205
-5.148383
-5.107944
-5.066189
-5.028709
-4.980708
-4.965585
-4.932050
-4.918899
-4.891939
-4.890296
-4.877144
-4.876816
-4.877802
-4.880104
-4.892597
-4.912981
-4.937968
-4.954406
-4.993202
-5.022462
-5.062244
-5.096765
-5.147068
-5.199343
-5.243070
-5.280221
-5.345647
-5.390689
-5.446580
-5.499184
-5.550802
-5.595515
-5.650749
-5.697434
-5.744121
-5.795081
-5.823684
-5.866425
-5.916398
-5.938755
-5.970974
-6.004509
-6.017660
-6.037058
-6.039031
-6.061387
-6.058757
-6.058099
-6.048894
-6.036729
-6.015359
-5.984126
-5.972618
-5.945988
-5.915411
-5.879904
-5.840780
-5.804286
-5.764504
-5.717490
-5.664886
-5.614583
-5.568226
-5.515623
-5.462033
-5.412388
-5.346304
-5.308496
-5.260494
-5.209863
-5.151013
-5.108930
-5.061586
-5.029038
-5.004051
-4.963612
-4.934351
-4.920871
-4.890953
-4.892926
-4.883391
-4.875829
-4.879117
-4.869583
-4.894569
-4.911008
-4.932707
-4.943557
-4.984982
-5.019504
-5.059285
-5.095779
-5.141150
-5.181589
-5.234192
-5.276933
-5.322633
-5.371620
-5.423895
-5.474855
-5.530746
-5.591241
-5.636940
-5.691517
-5.737874
-5.783245
-5.825327
-5.867740
-5.897329
-5.937439
-5.962426
-5.991358
-6.020619
-6.033770
-6.051524
-6.050209
-6.052839
-6.057442
-6.050209
-6.036729
-6.012729
-5.997276
-5.973605
-5.948618
-5.917056
-5.889767
-5.851958
-5.811190
-5.767135
-5.727682
-5.673105
-5.635296
-5.580391
-5.528445
-5.479129
-5.425868
-5.368661
-5.318687
-5.256549
-5.203617
-5.162520
-5.120108
-5.075724
-5.042189
-5.004051
-4.977092
-4.949475
-4.925146
-4.893254
-4.893912
-4.886350
-4.871227
-4.872213
-4.877144
-4.886679
-4.910022
-4.930077
-4.946845
-4.981366
-5.013586
-5.056655
-5.089861
-5.131944
-5.182904
-5.229589
-5.261481
-5.324934
-5.375237
-5.426854
-5.465978
-5.524499
-5.581048
-5.630036
-5.685599
-5.726367
-5.772395
-5.816451
-5.862150
-5.897329
-5.935467
-5.960125
-5.981166
-6.010427
-6.030811
-6.043304
-6.056456
-6.053497
-6.059414
-6.048565
-6.029496
-6.024893
-5.989715
-5.982153
-5.943686
-5.915740
-5.895685
-5.856890
-5.821054
-5.777984
-5.725051
-5.679352
-5.639570
-5.586638
-5.526144
-5.480773
-5.423237
-5.376880
-5.323290
-5.275289
-5.224000
-5.177643
-5.115834
-5.083285
-5.033312
-5.002407
-4.977749
-4.950132
-4.926132
-4.902460
-4.884377
-4.881747
-4.864322
-4.868597
-4.882734
-4.886021
-4.901803
-4.921529
-4.940927
-4.967228
-5.003394
-5.043833
-5.088875
-5.128656
-5.170082
-5.213809
-5.268714
-5.319016
-5.368003
-5.418634
-5.469923
-5.521541
-5.570199
-5.618200
-5.676393
-5.720449
-5.757600
-5.808231
-5.844068
-5.889439
-5.930535
-5.949604
-5.989057
-6.012729
-6.033770
-6.035085
-6.050538
-6.047250
-6.057442
-6.040675
-6.040017
-6.024893
-6.001550
-5.982153
-5.949275
-5.922974
-5.902261
-5.868726
-5.823684
-5.787190
-5.741161
-5.692503
-5.644502
-5.601104
-5.541924
-5.493595
-5.434744
-5.384442
-5.336112
-5.283509
-5.230576
-5.184548
-5.135231
-5.092820
-5.039230
-5.018846
-4.981037
-4.956379
-4.918570
-4.899501
-4.896871
-4.880104
-4.878131
-4.872541
-4.878131
-4.891282
-4.904433
-4.922844
-4.940927
-4.973804
-5.002407
-5.043175
-5.082299
-5.124053
-5.164821
-5.212822
-5.256549
-5.309811
-5.357482
-5.407785
-5.455457
-5.504445
-5.550802
-5.616885
-5.666201
-5.716175
-5.759902
-5.801656
-5.849328
-5.889439
-5.913439
-5.949604
-5.983468
-6.004180
-6.024236
-6.038702
-6.052839
-6.054812
-6.061059
-6.046921
-6.040346
-6.026208
-6.008783
-5.986427
-5.950919
-5.930206
-5.902918
-5.868726
-5.835191
-5.782587
-5.748394
-5.701380
-5.652721
-5.609323
-5.544226
-5.495568
-5.446580
-5.383784
-5.341044
-5.290413
-5.242083
-5.180274
-5.137533
-5.094792
-5.058628
-5.018517
-4.989585
-4.949146
-4.926461
-4.908378
-4.898844
-4.885035
-4.880432
-4.874843
-4.873199
-4.880761
-4.893912
-4.913967
-4.931392
-4.965913
-4.998133
-5.026736
-5.068491
-5.116163
-5.159232
-5.200986
-5.251617
-5.300933
-5.350907
-5.401867
-5.449211
-5.490636
-5.556062
-5.599460
-5.644831
-5.706969
-5.754313
-5.791793
-5.843410
-5.878260
-5.921329
-5.946316
-5.982481
-5.993660
-6.027853
-6.043304
-6.054812
-6.053825
-6.058428
-6.047907
-6.041661
-6.030482
-6.010756
-5.990372
-5.961440
-5.940070
-5.908507
-5.874972
-5.841437
-5.801327
-5.751025
-5.714202
-5.660283
-5.616885
-5.555733
-5.509705
-5.451841
-5.405484
-5.339729
-5.300933
-5.242083
-5.195726
-5.151341
-5.107286
-5.052381
-5.029038
-4.994845
-4.955392
-4.937968
-4.905419
-4.901803
-4.888323
-4.876158
-4.877473
-4.873199
-4.884377
-4.894898
-4.912323
-4.922186
-4.948488
-4.994845
-5.030682
-5.068820
-5.107615
-5.143451
-5.192438
-5.235507
-5.277262
-5.335783
-5.378195
-5.443293
-5.485375
-5.547514
-5.590583
-5.636940
-5.693161
-5.746422
-5.793108
-5.828287
-5.870041
-5.913439
-5.938755
-5.970317
-5.993331
-6.020619
-6.033770
-6.039688
-6.059743
-6.058099
-6.051524
-6.043962
-6.029167
-6.018318
-5.988070
-5.972618
-5.933823
-5.919028
-5.887137
-5.843739
-5.805930
-5.764833
-5.707955
-5.673434
-5.622474
-5.570857
-5.518253
-5.455128
-5.410087
-5.350907
-5.309482
-5.247672
-5.200986
-5.160218
-5.116163
-5.068491
-5.035285
-4.999448
-4.954077
-4.941913
-4.914953
-4.898515
-4.888323
-4.873199
-4.878788
-4.869912
-4.884049
-4.890624
-4.909036
-4.931063
-4.947831
-4.980380
-5.008983
-5.047121
-5.098409
-5.139834
-5.186192
-5.235837
-5.283509
-5.330523
-5.377209
-5.427840
-5.482745
-5.538308
-5.584336
-5.637927
-5.675735
-5.737216
-5.779299
-5.829273
-5.870698
-5.894042
-5.927248
-5.970974
-5.998263
-6.019962
-6.028510
-6.050867
-6.055470
-6.055470
-6.056127
-6.046264
-6.030154
-6.022263
-5.987413
-5.978865
-5.950591
-5.924946
-5.892069
-5.856232
-5.806588
-5.771080
-5.721764
-5.682311
-5.633653
-5.584994
-5.525486
-5.480773
-5.422251
-5.366360
-5.317372
-5.268714
-5.218411
-5.164493
-5.123067
-5.074409
-5.041531
-5.001421
-4.974133
-4.940598
-4.925146
-4.908378
-4.882734
-4.867939
-4.879117
-4.879775
-4.884049
-4.894241
-4.894569
-4.924488
-4.948817
-4.982681
-5.007010
-5.046134
-5.093477
-5.131944
-5.180274
-5.224658
-5.275947
-5.325592
-5.376552
-5.421265
-5.476499
-5.529102
-5.581706
-5.616885
-5.675078
-5.729326
-5.773710
-5.820725
-5.849986
-5.892069
-5.935796
-5.958810
-5.988400
-6.017003
-6.028510
-6.045606
-6.057113
-6.060072
-6.056785
-6.046921
-6.041661
-6.020290
-5.999578
-5.966372
-5.953878
-5.921659
-5.894370
-5.855575
-5.823026
-5.774696
-5.738531
-5.691517
-5.640557
-5.583679
-5.535349
-5.477156
-5.435073
-5.383784
-5.330194
-5.269372
-5.217425
-5.175342
-5.128656
-5.088875
-5.045805
-5.011613
-4.971174
-4.937968
-4.927775
-4.899501
-4.895556
-4.870240
-4.866952
-4.862679
-4.875829
-4.886350
-4.898515
-4.923501
-4.947831
-4.960982
-4.996489
-5.038901
-5.084600
-5.114190
-5.172712
-5.218740
-5.253919
-5.303893
-5.355181
-5.416004
-5.468608
-5.521212
-5.560994
-5.623789
-5.673105
-5.721435
-5.769107
-5.807574
-5.856890
-5.892069
-5.923960
-5.952563
-5.989386
-6.006153
-6.031469
-6.045935
-6.055470
-6.057771
-6.058757
-6.045606
-6.042318
-6.026208
-6.003194
-5.971303
-5.958810
-5.928563
-5.904891
-5.863465
-5.826972
-5.789491
-5.732942
-5.696777
-5.651406
-5.598145
-5.548829
-5.492609
-5.441320
-5.386415
-5.332496
-5.287454
-5.235507
-5.188164
-5.141479
-5.089203
-5.050737
-5.018188
-4.980380
-4.951118
-4.923501
-4.912981
-4.890953
-4.885693
-4.876816
-4.871227
-4.880761
-4.874514
-4.898515
-4.920214
-4.942899
-4.962626
-4.996161
-5.042189
-5.077367
-5.119122
-5.161533
-5.200986
-5.253262
-5.294358
-5.356825
-5.402196
-5.458745
-5.504116
-5.558034
-5.610638
-5.663242
-5.709270
-5.752997
-5.806588
-5.849657
-5.879575
-5.923631
-5.953221
-5.985112
-6.005167
-6.023907
-6.042647
-6.053825
-6.056456
-6.059743
-6.046921
-6.045606
-6.028839
-6.008126
-5.982810
-5.966701
-5.940727
-5.903576
-5.870698
-5.837163
-5.793437
-5.739518
-5.705654
-5.659297
-5.593214
-5.547185
-5.495896
-5.449539
-5.400881
-5.348606
-5.281207
-5.235507
-5.190794
-5.145095
-5.089861
-5.050079
-5.025750
-4.988599
-4.951447
-4.929748
-4.912981
-4.884706
-4.882734
-4.876487
-4.868925
-4.866624
-4.887336
-4.899830
-4.915940
-4.931721
-4.966571
-4.999119
-5.021805
-5.062573
-5.113533
-5.157588
-5.198685
-5.246028
-5.289755
-5.333153
-5.395292
-5.443621
-5.502472
-5.553103
-5.604392
-5.653050
-5.688558
-5.751025
-5.792450
-5.839136
-5.867411
-5.912453
-5.950591
-5.980180
-6.005825
-6.018975
-6.026866
-6.051195
-6.054154
-6.058099
-6.058099
-6.044949
-6.018318
-6.011414
-5.989386
-5.964399
-5.938097
-5.913110
-5.873657
-5.843739
-5.790806
-5.758915
-5.717819
-5.664228
-5.613597
-5.554089
-5.501485
-5.456443
-5.412388
-5.349263
-5.296988
-5.240768
-5.189808
-5.156602
-5.097423
-5.065860
-5.023777
-4.985311
-4.962955
-4.939611
-4.913967
-4.888323
-4.884377
-4.873199
-4.872870
-4.880761
-4.872870
-4.882405
-4.900487
-4.920214
-4.954406
-4.989256
-5.027723
-5.049422
-5.094464
-5.149369
-5.187178
-5.228932
-5.275947
-5.332167
-5.377867
-5.424552
-5.492280
-5.543569
-5.593871
-5.646146
-5.691517
-5.734586
-5.790806
-5.835520
-5.863137
-5.908179
-5.941713
-5.973605
-5.994975
-6.024236
-6.034757
-6.042647
-6.058428
-6.056785
-6.051524
-6.036400
-6.034099
-6.004509
-5.993002
-5.974591
-5.944344
-5.914096
-5.883192
-5.843410
-5.811519
-5.769107
-5.725380
-5.673763
-5.620173
-5.575131
-5.519897
-5.467950
-5.418963
-5.352551
-5.299290
-5.262467
-5.208877
-5.158246
-5.114519
-5.062901
-5.029038
-4.986955
-4.963941
-4.942899
-4.914953
-4.903118
-4.889309
-4.873199
-4.875829
-4.880761
-4.886350
-4.895227
-4.909364
-4.926132
-4.955392
-4.971831
-5.018517
-5.051065
-5.097423
-5.133916
-5.171726
-5.229589
-5.275618
-5.317372
-5.379510
-5.431128
-5.479458
-5.535678
-5.586967
-5.624447
-5.682969
-5.734915
-5.781272
-5.820067
-5.861164
-5.892726
-5.937768
-5.965714
-5.988070
-6.010098
-6.026866
-6.042647
-6.056785
-6.051853
-6.048236
-6.046921
-6.036400
-6.008126
-5.996290
-5.979851
-5.953549
-5.924946
-5.893055
-5.847684
-5.814807
-5.764176
-5.725380
-5.677708
-5.632338
-5.569870
-5.532390
-5.481759
-5.426196
-5.369318
-5.313756
-5.267727
-5.220713
-5.173369
-5.113862
-5.075066
-5.043833
-5.006681
-4.968215
-4.950790
-4.927447
-4.900816
-4.891282
-4.883062
-4.864322
-4.880432
-4.879775
-4.889966
-4.905090
-4.922844
-4.945200
-4.979064
-5.014572
-5.048436
-5.092491
-5.135561
-5.174356
-5.219398
-5.270687
-5.313098
-5.358798
-5.420279
-5.468608
-5.527787
-5.573487
-5.629707
-5.674420
-5.714202
-5.770422
-5.811519
-5.847355
-5.898315
-5.924946
-5.957166
-5.986427
-6.008783
-6.025551
-6.038702
-6.050538
-6.047579
-6.049551
-6.052182
-6.040675
-6.009770
-6.002208
-5.982481
-5.959138
-5.919028
-5.896672
-5.864123
-5.811519
-5.779299
-5.728011
-5.695791
-5.642858
-5.595515
-5.536993
-5.486033
-5.438690
-5.371620
-5.328879
-5.275947
-5.222685
-5.165479
-5.130958
-5.083943
-5.044490
-4.997804
-4.981366
-4.946845
-4.923831
-4.895885
-4.895227
-4.872541
-4.879117
-4.879775
-4.880104
-4.887336
-4.889309
-4.923173
-4.938625
-4.960324
-5.001421
-5.031668
-5.083614
-5.112875
-5.170739
-5.215781
-5.262796
-5.302906
-5.352222
-5.414689
-5.466636
-5.516280
-5.569213
-5.615899
-5.665873
-5.718476
-5.757929
-5.805601
-5.839794
-5.892069
-5.918042
-5.957823
-5.984783
-6.011414
-6.031140
-6.044620
-6.055470
-6.057771
-6.057442
-6.048236
-6.035743
-6.028839
-5.995633
-5.988070
-5.963741
-5.926590
-5.899302
-5.861493
-5.815464
-5.790806
-5.744449
-5.699736
-5.647461
-5.598474
-5.535678
-5.484389
-5.441648
-5.395949
-5.338743
-5.278248
-5.235837
-5.188164
-5.141150
-5.100053
-5.053038
-5.018188
-4.985969
-4.952434
-4.932050
-4.899501
-4.883720
-4.886679
-4.879446
-4.866624
-4.868925
-4.882076
-4.894898
-4.909364
-4.931063
-4.965585
-5.002736
-5.036928
-5.076381
-5.103998
-5.161533
-5.205918
-5.249316
-5.289098
-5.340058
-5.404826
-5.449868
-5.500499
-5.556391
-5.594200
-5.656667
-5.706969
-5.756614
-5.805273
-5.831903
-5.881877
-5.922645
-5.952234
-5.977550
-5.995633
-6.027524
-6.043304
-6.053497
-6.052839
-6.050538
-6.042318
-6.035414
-6.023578
-6.011085
-5.983797
-5.965714
-5.928234
-5.903576
-5.872342
-5.830588
-5.798039
-5.756614
-5.708284
-5.654365
-5.608994
-5.547185
-5.503458
-5.454471
-5.392662
-5.352551
-5.285152
-5.247015
-5.200000
-5.146739
-5.107286
-5.061915
-5.021805
-4.992215
-4.965256
-4.931392
-4.917583
-4.896542
-4.887336
-4.866295
-4.880104
-4.870240
-4.888323
-4.886350
-4.905748
-4.922515
-4.958352
-4.987941
-5.016216
-5.068162
-5.103998
-5.150026
-5.196712
-5.246028
-5.282522
-5.341044
-5.390360
-5.446580
-5.496882
-5.539623
-5.599131
-5.649434
-5.698092
-5.740175
-5.796395
-5.840122
-5.879904
-5.915740
-5.945659
-5.977879
-5.989715
-6.025222
-6.033113
-6.044949
-6.060401
-6.063031
-6.056127
-6.046264
-6.034428
-6.006811
-5.996290
-5.970645
-5.940727
-5.916069
-5.882205
-5.844397
-5.790478
-5.752340
-5.716832
-5.671462
-5.621817
-5.562966
-5.514307
-5.466636
-5.402853
-5.360770
-5.292714
-5.251946
-5.208548
-5.150684
-5.112217
-5.069148
-5.025421
-4.988599
-4.966571
-4.934022
-4.918899
-4.895227
-4.886679
-4.866295
-4.874514
-4.881419
-4.886021
-4.890624
-4.897200
-4.918570
-4.953749
-4.991229
-5.022462
-5.048436
-5.104656
-5.144109
-5.184219
-5.230247
-5.279892
-5.321975
-5.384442
-5.424881
-5.488992
-5.532719
-5.589926
-5.643845
-5.693818
-5.735244
-5.789163
-5.826972
-5.862479
-5.907850
-5.943357
-5.969002
-5.992016
-6.020619
-6.024565
-6.047250
-6.048894
-6.047579
-6.058428
-6.050209
-6.021935
-6.018975
-5.990043
-5.973933
-5.937439
-5.916727
-5.886479
-5.844725
-5.813492
-5.767135
-5.722093
-5.664886
-5.627735
-5.574802
-5.519568
-5.467950
-5.418963
-5.354853
-5.313098
-5.258193
-5.202302
-5.169096
-5.109916
-5.072765
-5.026079
-4.996489
-4.974790
-4.947502
-4.924488
-4.902131
-4.877473
-4.869254
-4.872541
-4.877144
-4.884377
-4.894241
-4.901145
-4.930077
-4.945200
-4.985969
-5.017859
-5.053038
-5.082957
-5.135561
-5.183890
-5.229589
-5.274303
-5.316057
-5.363400
-5.425210
-5.467293
-5.523185
-5.584336
-5.630036
-5.683626
-5.730969
-5.779628
-5.816122
-5.861164
-5.900946
-5.939084
-5.965385
-5.981824
-6.011085
-6.031797
-6.038702
-6.051195
-6.057771
-6.061387
-6.049551
-6.039688
-6.016674
-5.996948
-5.977550
-5.942371
-5.923302
-5.894370
-5.857876
-5.806259
-5.765820
-5.733600
-5.687900
-5.631351
-5.584994
-5.526801
-5.469594
-5.426525
-5.371949
-5.322961
-5.260494
-5.223014
-5.172054
-5.129972
-5.085258
-5.041860
-5.008983
-4.977092
-4.949475
-4.927447
-4.907721
-4.883720
-4.880432
-4.879775
-4.864980
-4.879775
-4.887994
-4.898515
-4.922515
-4.944214
-4.975448
-5.005366
-5.043175
-5.086245
-5.126684
-5.174027
-5.224000
-5.271344
-5.318358
-5.357154
-5.419621
-5.462690
-5.517595
-5.575788
-5.627735
-5.663571
-5.715517
-5.763847
-5.802971
-5.855904
-5.896343
-5.920343
-5.954536
-5.990372
-6.014372
-6.031469
-6.042318
-6.051853
-6.059086
-6.047907
-6.052182
-6.029167
-6.024236
-6.002537
-5.971961
-5.962755
-5.919686
-5.895685
-5.864780
-5.821054
-5.781929
-5.727682
-5.691188
-5.631680
-5.594857
-5.539294
-5.490636
-5.440333
-5.378524
-5.332167
-5.273316
-5.232549
-5.179616
-5.137862
-5.079669
-5.037257
-5.017202
-4.978078
-4.957036
-4.931721
-4.906405
-4.880761
-4.883062
-4.866952
-4.879446
-4.883062
-4.888651
-4.903118
-4.918241
-4.934022
-4.968215
-5.000434
-5.043175
-5.079011
-5.114190
-5.155287
-5.200000
-5.260166
-5.309811
-5.360442
-5.407785
-5.457430
-5.500499
-5.554089
-5.614255
-5.668174
-5.714859
-5.763847
-5.800012
-5.846040
-5.889767
-5.924617
-5.956508
-5.972290
-6.006482
-6.021935
-6.035743
-6.042976
-6.061716
-6.046592
-6.054812
-6.037715
-6.026208
-6.006482
-5.975906
-5.964070
-5.928891
-5.903576
-5.870369
-5.818752
-5.784888
-5.746422
-5.704997
-5.655352
-5.591898
-5.554747
-5.494910
-5.434416
-5.395949
-5.343345
-5.285152
-5.237480
-5.185863
-5.145095
-5.098738
-5.058299
-5.013586
-4.987612
-4.951447
-4.935338
-4.912323
-4.892926
-4.883391
-4.872541
-4.865309
-4.866952
-4.887665
-4.895556
-4.915611
-4.938625
-4.954077
-4.992215
-5.034627
-5.070135
-5.115505
-5.161862
-5.206247
-5.248330
-5.284495
-5.349263
-5.399237
-5.449211
-5.504445
-5.548829
-5.601761
-5.651078
-5.708942
-5.757271
-5.796067
-5.844397
-5.869054
-5.911138
-5.944344
-5.982481
-5.998263
-6.019962
-6.037715
-6.053825
-6.048565
-6.059743
-6.050538
-6.039688
-6.032455
-5.999907
-5.985769
-5.955851
-5.941713
-5.907192
-5.873657
-5.839465
-5.801656
-5.754970
-5.704010
-5.657653
-5.614255
-5.556391
-5.512335
-5.455786
-5.404826
-5.352551
-5.285810
-5.249645
-5.194411
-5.152657
-5.104984
-5.061258
-5.023448
-4.979393
-4.964927
-4.925146
-4.915940
-4.885364
-4.875501
-4.872870
-4.877144
-4.866952
-4.871555
-4.898515
-4.913638
-4.938625
-4.962626
-4.995174
-5.028709
-5.067175
-5.102683
-5.148711
-5.200000
-5.245699
-5.293701
-5.343017
-5.380168
-5.443950
-5.493266
-5.533377
-5.584994
-5.648118
-5.699079
-5.733929
-5.789820
-5.836835
-5.877603
-5.905877
-5.941385
-5.977221
-5.998591
-6.022592
-6.034428
-6.037715
-6.050867
-6.062702
-6.058099
-6.049222
-6.026537
-6.016674
-5.998263
-5.970974
-5.938755
-5.912124
-5.881877
-5.835191
-5.801327
-5.756943
-5.720778
-5.671133
-5.609981
-5.571514
-5.517267
-5.469594
-5.412716
-5.361757
-5.295016
-5.259508
-5.203288
-5.161205
-5.099395
-5.062901
-5.030024
-4.999777
-4.966242
-4.934680
-4.904761
-4.896214
-4.885364
-4.869583
-4.877473
-4.880104
-4.870569
-4.895885
-4.910679
-4.932707
-4.958352
-4.974462
-5.019504
-5.056983
-5.097094
-5.138519
-5.190137
-5.235837
-5.283180
-5.333482
-5.384771
-5.423566
-5.485047
-5.539294
-5.588939
-5.637598
-5.691188
-5.733600
-5.777984
-5.820725
-5.862479
-5.904562
-5.933823
-5.964070
-5.995633
-6.013386
-6.036072
-6.035414
-6.043962
-6.059086
-6.048236
-6.042976
-6.037715
-6.006153
-5.992016
-5.964070
-5.951248
-5.913768
-5.886151
-5.847355
-5.816122
-5.768121
-5.713544
-5.666530
-5.627406
-5.580062
-5.522856
-5.475183
-5.415347
-5.371949
-5.314742
-5.265755
-5.218411
-5.154958
-5.121423
-5.079998
-5.037586
-4.999448
-4.961310
-4.944543
-4.922844
-4.905748
-4.881747
-4.879446
-4.877144
-4.866295
-4.884049
-4.893583
-4.899172
-4.926132
-4.953091
-4.975777
-5.015887
-5.048764
-5.094792
-5.123724
-5.180274
-5.223343
-5.259508
-5.324276
-5.367675
-5.422909
-5.468608
-5.526144
-5.576446
-5.627735
-5.679352
-5.728011
-5.765162
-5.822369
-5.849657
-5.893713
-5.937768
-5.961111
-5.985440
-6.013058
-6.031140
-6.038702
-6.044291
-6.059086
-6.047907
-6.045935
-6.041332
-6.010427
-5.998263
-5.967687
-5.956508
-5.920014
-5.895685
-5.857219
-5.823026
-5.780943
-5.728997
-5.679681
-5.634310
-5.591898
-5.540281
-5.478471
-5.421265
-5.380168
-5.326578
-5.270029
-5.228275
-5.174356
-5.124711
-5.088217
-5.047449
-5.013914
-4.982023
-4.950132
-4.914625
-4.896871
-4.892268
-4.885035
-4.876158
-4.876487
-4.879117
-4.891939
-4.899172
-4.922515
-4.942570
-4.973475
-5.003065
-5.047449
-5.088546
-5.124382
-5.167123
-5.219398
-5.267070
-5.316715
-5.367017
-5.416333
-5.468279
-5.507732
-5.572172
-5.618858
-5.674420
-5.708942
-5.767463
-5.813820
-5.842095
-5.884836
-5.925275
-5.962755
-5.987742
-6.012071
-6.026208
-6.040017
-6.044620
-6.058757
-6.048236
-6.047579
-6.042976
-6.015687
-6.002208
-5.977879
-5.946316
-5.932179
-5.887137
-5.860507
-5.819738
-5.776998
-5.739846
-5.686256
-5.647132
-5.597816
-5.534692
-5.497540
-5.442635
-5.384771
-5.332496
-5.288769
-5.225316
-5.188822
-5.125369
-5.096765
-5.056326
-5.018846
-4.979393
-4.949146
-4.931392
-4.898844
-4.887994
-4.887665
-4.865637
-4.875829
-4.867281
-4.886679
-4.899830
-4.917583
-4.939940
-4.964598
-5.000106
-5.035285
-5.071450
-5.109916
-5.151670
-5.203288
-5.249974
-5.302577
-5.358469
-5.406799
-5.456115
-5.502143
-5.562309
-5.608337
-5.659297
-5.712887
-5.759902
-5.803628
-5.845712
-5.882205
-5.919686
-5.959467
-5.979851
-5.993660
-6.017989
-6.029167
-6.054483
-6.058428
-6.057442
-6.051524
-6.045606
-6.025222
-5.997934
-5.982481
-5.966372
-5.938097
-5.893384
-5.861164
-5.829273
-5.782916
-5.753655
-5.707955
-5.659626
-5.605049
-5.546199
-5.503458
-5.446580
-5.397264
-5.347620
-5.283509
-5.241426
-5.194082
-5.144766
-5.097094
-5.053696
-5.014572
-4.987941
-4.958023
-4.935666
-4.911666
-4.895885
-4.889309
-4.879117
-4.878788
-4.878788
-4.887665
-4.898844
-4.914625
-4.938625
-4.966571
-4.992544
-5.021147
-5.069477
-5.116163
-5.145095
-5.203288
-5.249974
-5.299290
-5.348935
-5.398251
-5.452827
-5.500499
-5.550802
-5.606364
-5.650749
-5.699736
-5.746093
-5.784888
-5.842424
-5.867740
-5.916727
-5.943357
-5.977221
-5.995961
-6.015687
-6.034757
-6.052839
-6.056785
-6.061387
-6.057771
-6.034757
-6.027195
-6.014044
-5.991687
-5.964070
-5.933823
-5.914425
-5.882205
-5.840451
-5.802971
-5.761874
-5.714531
-5.661927
-5.608994
-5.565925
-5.500499
-5.446909
-5.407785
-5.356496
-5.298304
-5.244713
-5.203617
-5.151341
-5.096107
-5.060929
-5.031339
-4.986955
-4.965585
-4.935666
-4.909036
-4.899830
-4.890953
-4.882076
-4.875172
-4.876816
-4.884049
-4.894898
-4.911666
-4.923173
-4.954406
-4.978735
-5.028051
-5.064874
-5.095121
-5.152657
-5.195068
-5.237809
-5.285152
-5.341702
-5.382141
-5.436059
-5.484389
-5.542253
-5.597158
-5.635625
-5.688558
-5.746751
-5.777327
-5.835520
-5.875959
-5.904891
-5.933823
-5.967358
-5.995304
-6.020290
-6.039360
-6.038044
-6.053497
-6.059086
-6.058099
-6.035414
-6.036072
-6.018975
-5.995304
-5.973276
-5.947631
-5.914425
-5.886479
-5.837492
-5.802971
-5.763518
-5.722422
-5.668502
-5.617214
-5.569541
-5.524171
-5.468279
-5.408114
-5.364716
-5.300605
-5.254577
-5.214795
-5.158246
-5.104984
-5.072436
-5.032654
-5.003394
-4.967228
-4.944543
-4.922515
-4.906405
-4.887008
-4.875829
-4.865637
-4.870569
-4.883391
-4.885364
-4.896871
-4.929090
-4.954077
-4.982681
-5.005695
-5.053038
-5.101368
-5.139834
-5.183890
-5.230247
-5.276604
-5.331838
-5.378195
-5.423237
-5.483732
-5.532719
-5.573816
-5.632666
-5.686256
-5.733271
-5.775683
-5.818095
-5.864452
-5.894042
-5.940727
-5.968344
-5.993660
-6.002865
-6.037058
-6.046264
-6.059414
-6.048236
-6.045606
-6.044291
-6.038702
-6.018318
-5.998920
-5.974262
-5.949275
-5.921987
-5.893384
-5.848670
-5.812505
-5.769107
-5.727682
-5.684284
-5.636611
-5.585980
-5.517924
-5.475841
-5.420279
-5.366688
-5.318358
-5.272659
-5.208220
-5.172712
-5.123067
-5.080655
-5.044490
-4.999119
-4.967886
-4.947173
-4.924488
-4.906405
-4.880761
-4.885035
-4.877473
-4.878788
-4.884049
-4.893254
-4.895556
-4.923831
-4.947173
-4.980380
-4.999777
-5.038243
-5.088546
-5.134903
-5.178301
-5.214795
-5.256878
-5.309811
-5.369976
-5.419950
-5.476170
-5.512006
-5.575459
-5.621159
-5.678695
-5.725709
-5.763518
-5.813820
-5.857876
-5.897658
-5.932508
-5.966701
-5.983468
-6.014372
-6.020290
-6.038702
-6.043962
-6.058428
-6.056456
-6.051853
-6.034428
-6.022263
-6.003852
-5.983139
-5.958481
-5.923631
-5.899959
-5.855904
-5.822698
-5.783902
-5.737545
-5.678366
-5.637927
-5.590912
-5.539623
-5.488006
-5.426854
-5.368661
-5.324276
-5.278906
-5.225645
-5.180931
-5.134574
-5.077367
-5.047778
-5.013257
-4.975448
-4.948488
-4.914296
-4.903118
-4.882734
-4.875501
-4.876158
-4.875172
-4.880104
-4.882734
-4.904761
-4.919228
-4.937310
-4.969859
-4.999119
-5.045148
-5.086245
-5.122081
-5.169753
-5.201972
-5.255234
-5.300605
-5.365045
-5.416004
-5.458416
-5.516609
-5.565268
-5.607679
-5.665215
-5.707955
-5.766477
-5.808889
-5.855246
-5.887466
-5.914096
-5.961111
-5.987742
-6.004509
-6.021935
-6.038044
-6.041332
-6.057771
-6.057442
-6.053825
-6.038044
-6.022921
-6.006811
-5.986755
-5.960454
-5.934481
-5.893713
-5.866753
-5.817108
-5.781929
-5.742148
-5.699079
-5.654694
-5.604063
-5.551130
-5.500170
-5.432443
-5.390360
-5.336770
-5.274961
-5.239124
-5.185863
-5.138848
-5.087888
-5.054025
-5.007010
-4.984653
-4.951447
-4.924159
-4.911994
-4.897857
-4.873857
-4.880432
-4.862350
-4.882076
-4.882734
-4.889309
-4.917255
-4.928762
-4.967228
-4.993859
-5.038901
-5.074409
-5.111231
-5.163506
-5.208877
-5.242741
-5.292386
-5.356496
-5.403182
-5.453485
-5.495239
-5.555076
-5.612611
-5.660283
-5.709270
-5.755299
-5.803957
-5.844725
-5.884836
-5.921329
-5.952234
-5.981824
-5.993002
-6.021277
-6.031140
-6.055470
-6.049222
-6.048236
-6.049880
-6.046921
-6.028181
-6.001879
-5.979851
-5.964070
-5.936124
-5.905220
-5.876945
-5.824670
-5.790806
-5.751682
-5.709270
-5.657982
-5.602090
-5.552117
-5.494581
-5.451183
-5.392333
-5.343674
-5.293701
-5.242412
-5.196383
-5.149369
-5.102683
-5.062244
-5.027394
-4.985969
-4.954735
-4.930735
-4.903118
-4.891939
-4.888980
-4.881090
-4.864651
-4.864980
-4.874514
-4.891282
-4.909364
-4.937310
-4.957365
-4.983667
-5.031011
-5.063231
-5.103670
-5.155944
-5.193753
-5.247344
-5.289098
-5.346633
-5.396935
-5.434087
-5.494910
-5.552445
-5.604392
-5.640885
-5.697763
-5.748724
-5.798039
-5.834862
-5.880890
-5.905220
-5.944673
-5.974262
-6.001879
-6.024236
-6.036400
-6.053497
-6.055798
-6.060730
-6.042647
-6.043962
-6.034428
-6.015030
-5.995633
-5.971303
-5.945659
-5.902918
-5.884178
-5.833218
-5.799683
-5.757271
-5.715517
-5.670475
-5.619186
-5.569870
-5.514307
-5.464992
-5.403511
-5.346633
-5.302906
-5.248330
-5.192438
-5.154629
-5.114190
-5.073093
-5.032326
-4.991887
-4.959995
-4.934351
-4.911337
-4.903446
-4.882405
-4.879117
-4.868597
-4.873199
-4.886350
-4.896542
-4.913967
-4.934351
-4.953420
-4.988270
-5.020490
-5.051394
-5.090518
-5.144766
-5.182904
-5.236823
-5.278906
-5.337428
-5.386415
-5.434416
-5.482745
-5.535678
-5.581048
-5.639570
-5.680338
-5.737874
-5.789491
-5.828615
-5.874644
-5.909822
-5.945001
-5.966372
-5.999907
-6.018318
-6.030482
-6.043633
-6.052510
-6.054483
-6.056127
-6.050209
-6.033113
-6.007468
-5.988400
-5.972290
-5.948618
-5.908507
-5.885493
-5.844397
-5.809875
-5.771738
-5.717161
-5.665215
-5.616556
-5.571514
-5.511349
-5.463676
-5.421594
-5.366688
-5.312112
-5.266084
-5.212165
-5.165150
-5.115177
-5.081313
-5.029366
-5.004380
-4.967228
-4.937639
-4.920543
-4.896871
-4.886021
-4.869583
-4.874514
-4.869912
-4.885364
-4.880432
-4.898186
-4.922844
-4.941255
-4.978407
-5.007668
-5.043833
-5.099067
-5.136876
-5.184219
-5.225316
-5.280550
-5.323619
-5.377867
-5.427183
-5.467950
-5.522198
-5.586967
-5.637927
-5.680010
-5.734257
-5.775354
-5.823026
-5.854917
-5.894370
-5.938097
-5.968344
-5.991358
-6.002865
-6.029825
-6.042318
-6.048236
-6.050867
-6.046921
-6.049222
-6.041661
-6.023578
-5.988400
-5.974920
-5.954536
-5.917713
-5.885822
-5.852287
-5.812505
-5.776011
-5.719134
-5.672119
-5.625433
-5.580062
-5.530417
-5.467293
-5.428826
-5.367675
-5.321646
-5.261481
-5.225316
-5.176657
-5.123724
-5.088217
-5.034298
-5.008983
-4.962955
-4.946187
-4.927447
-4.905748
-4.892926
-4.883720
-4.874843
-4.871884
-4.875829
-4.879117
-4.894241
-4.918899
-4.946845
-4.977092
-5.008983
-5.041860
-5.090847
-5.128985
-5.175342
-5.215781
-5.264769
-5.318687
-5.367017
-5.420936
-5.473211
-5.516280
-5.576446
-5.625433
-5.678366
-5.722750
-5.760888
-5.817437
-5.846698
-5.899959
-5.919357
-5.949604
-5.988728
-6.014372
-6.031469
-6.048565
-6.052839
-6.047907
-6.050538
-6.052182
-6.043633
-6.026866
-6.005825
-5.971303
-5.952892
-5.918042
-5.885822
-5.865438
-5.810533
-5.781929
-5.742148
-5.693490
-5.641543
-5.587953
-5.544555
-5.492938
-5.437046
-5.386415
-5.330194
-5.277262
-5.217096
-5.177972
-5.136876
-5.088546
-5.053696
-5.017202
-4.982023
-4.953749
-4.926461
-4.913638
-4.891611
-4.881090
-4.873528
-4.880104
-4.881419
-4.887008
-4.899501
-4.918899
-4.946845
-4.959995
-5.007997
-5.044490
-5.074080
-5.109916
-5.158575
-5.214795
-5.259179
-5.311126
-5.351565
-5.408772
-5.457430
-5.514637
-5.565597
-5.617871
-5.665544
-5.707298
-5.751354
-5.806916
-5.846698
-5.892397
-5.928234
-5.949933
-5.984454
-6.011085
-6.030154
-6.046264
-6.048565
-6.055140
-6.055798
-6.040675
-6.029496
-6.014044
-6.004180
-5.987413
-5.954536
-5.937111
-5.906535
-5.864123
-5.833218
-5.778971
-5.743463
-5.696777
-5.642529
-5.592227
-5.552445
-5.500499
-5.444608
-5.389702
-5.332496
-5.278577
-5.241097
-5.191452
-5.137862
-5.101368
-5.045476
-5.012270
-4.988270
-4.958023
-4.922186
-4.907721
-4.897529
-4.881090
-4.874843
-4.871227
-4.879446
-4.882734
-4.899501
-4.911666
-4.926789
-4.959338
-4.997147
-5.023448
-5.073751
-5.107286
-5.156602
-5.206904
-5.250631
-5.304550
-5.347291
-5.405484
-5.456443
-5.493266
-5.546199
-5.609652
-5.651406
-5.709928
-5.745107
-5.792779
-5.846698
-5.882534
-5.907850
-5.953549
-5.981495
-6.007797
-6.018975
-6.043304
-6.047250
-6.059743
-6.059414
-6.057442
-6.045277
-6.026208
-6.010756
-5.992016
-5.963741
-5.943686
-5.913110
-5.864780
-5.838150
-5.801327
-5.758258
-5.713873
-5.653379
-5.616885
-5.563295
-5.510034
-5.458087
-5.409100
-5.348606
-5.287783
-5.251617
-5.198685
-5.146081
-5.110902
-5.061915
-5.028051
-4.987612
-4.958352
-4.931721
-4.919556
-4.902789
-4.879446
-4.879446
-4.871555
-4.867939
-4.889309
-4.899830
-4.907721
-4.926132
-4.959995
-4.990242
-5.027723
-5.063231
-5.107615
-5.146081
-5.185534
-5.238138
-5.295016
-5.335455
-5.387401
-5.437704
-5.483732
-5.551130
-5.588282
-5.644173
-5.700394
-5.745436
-5.794094
-5.825985
-5.877274
-5.906864
-5.941385
-5.974262
-6.004180
-6.009770
-6.033770
-6.052182
-6.045935
-6.056127
-6.043962
-6.044949
-6.033442
-6.011085
-5.989057
-5.971961
-5.942371
-5.918042
-5.874972
-5.846369
-5.792450
-5.758586
-5.707955
-5.672448
-5.621159
-5.561322
-5.510362
-5.460060
-5.414689
-5.355181
-5.294029
-5.258522
-5.206575
-5.155287
-5.117478
-5.071450
-5.034956
-5.000106
-4.969530
-4.937968
-4.923173
-4.890624
-4.876158
-4.883391
-4.879775
-4.880432
-4.886350
-4.884377
-4.897200
-4.925803
-4.953091
-4.976434
-5.010626
-5.061586
-5.096765
-5.139506
-5.184548
-5.235179
-5.285481
-5.322304
-5.381155
-5.427183
-5.479786
-5.542253
-5.579405
-5.637598
-5.687900
-5.738531
-5.782258
-5.830917
-5.867411
-5.897658
-5.932179
-5.973276
-5.986755
-6.012729
-6.035085
-6.050867
-6.058428
-6.060072
-6.056456
-6.045277
-6.026208
-6.006153
-5.991030
-5.970974
-5.938755
-5.916727
-5.885493
-5.850315
-5.813163
-5.773053
-5.726696
-5.670146
-5.632338
-5.575788
-5.528116
-5.472882
-5.423895
-5.371949
-5.312769
-5.267399
-5.203945
-5.170082
-5.119779
-5.082299
-5.041531
-4.999119
-4.970845
-4.944872
-4.916926
-4.907063
-4.878788
-4.880432
-4.864980
-4.873528
-4.878459
-4.887665
-4.898844
-4.912323
-4.946516
-4.982681
-5.018517
-5.040216
-5.090847
-5.125697
-5.170411
-5.225316
-5.272659
-5.323948
-5.368332
-5.424552
-5.471567
-5.524171
-5.575131
-5.624447
-5.682969
-5.731956
-5.778313
-5.817108
-5.853931
-5.898973
-5.934152
-5.965056
-5.996290
-6.018647
-6.035085
-6.045277
-6.055140
-6.056456
-6.061387
-6.050538
-6.026537
-6.010427
-5.996290
-5.972290
-5.948946
-5.913768
-5.896014
-5.845712
-5.814149
-5.774039
-5.737874
-5.677380
-5.638584
-5.586967
-5.538966
-5.483403
-5.425868
-5.374907
-5.326907
-5.261809
-5.226302
-5.162191
-5.126355
-5.076053
-5.043504
-5.004051
-4.976763
-4.952763
-4.926789
-4.898844
-4.888323
-4.876816
-4.880104
-4.870240
-4.880761
-4.887994
-4.890624
-4.916268
-4.949475
-4.973475
-5.004380
-5.035942
-5.088546
-5.129642
-5.175013
-5.221042
-5.254905
-5.306523
-5.367346
-5.418634
-5.463348
-5.514307
-5.559021
-5.621488
-5.674420
-5.720449
-5.759244
-5.807245
-5.857876
-5.891740
-5.922645
-5.956508
-5.985440
-6.015030
-6.029825
-6.037387
-6.041332
-6.061059
-6.052839
-6.052839
-6.043633
-6.026537
-6.007140
-5.983139
-5.962755
-5.932837
-5.901932
-5.852945
-5.825985
-5.786203
-5.733271
-5.696777
-5.638913
-5.584336
-5.547185
-5.489650
-5.436717
-5.388387
-5.329537
-5.277591
-5.227288
-5.181918
-5.138848
-5.091834
-5.050408
-5.010955
-4.978735
-4.955392
-4.927447
-4.911666
-4.897200
-4.880104
-4.881419
-4.876487
-4.878131
-4.887008
-4.900158
-4.911666
-4.944872
-4.963612
-5.000106
-5.037915
-5.079011
-5.121423
-5.158246
-5.214466
-5.253919
-5.298961
-5.359127
-5.409100
-5.447567
-5.511677
-5.561980
-5.606693
-5.650749
-5.715189
-5.752668
-5.795409
-5.850643
-5.889439
-5.924289
-5.953549
-5.979194
-6.005496
-6.031140
-6.037715
-6.046264
-6.059414
-6.056456
-6.057113
-6.045606
-6.029825
-6.010098
-5.981495
-5.966701
-5.933823
-5.908836
-5.867082
-5.834862
-5.794094
-5.753326
-5.705654
-5.656667
-5.602748
-5.558363
-5.498527
-5.438690
-5.385757
-5.348277
-5.296002
-5.238467
-5.195397
-5.134903
-5.089861
-5.061586
-5.010955
-4.990242
-4.955392
-4.937310
-4.914625
-4.896214
-4.874514
-4.869583
-4.875501
-4.882076
-4.888323
-4.900487
-4.908378
-4.936324
-4.964927
-4.984982
-5.026736
-5.064874
-5.116163
-5.144437
-5.196055
-5.252604
-5.295673
-5.350250
-5.398908
-5.447896
-5.491951
-5.549487
-5.604721
-5.650420
-5.707627
-5.754313
-5.786861
-5.828615
-5.879575
-5.919357
-5.944015
-5.982810
-5.993002
-6.022592
-6.037387
-6.049551
-6.060401
-6.057113
-6.054154
-6.048236
-6.029825
-6.013715
-5.988400
-5.967687
-5.926919
-5.897329
-5.877932
-5.827629
-5.790478
-5.757271
-5.710586
-5.661927
-5.612940
-5.554418
-5.513979
-5.452827
-5.393977
-5.353209
-5.302577
-5.242083
-5.202302
-5.155287
-5.112875
-5.066189
-5.030353
-4.998133
-4.968872
-4.935666
-4.917912
-4.902789
-4.886679
-4.883391
-4.866624
-4.875829
-4.886350
-4.896871
-4.909693
-4.925474
-4.959338
-4.982681
-5.027065
-5.057312
-5.107944
-5.147725
-5.190794
-5.240110
-5.284824
-5.341044
-5.388387
-5.443950
-5.488992
-5.548500
-5.584994
-5.641214
-5.689215
-5.743463
-5.792779
-5.829273
-5.875630
-5.904562
-5.939741
-5.972618
-6.000235
-6.021277
-6.039688
-6.045277
-6.052839
-6.054812
-6.059414
-6.035414
-6.031469
-6.010756
-5.989386
-5.975248
-5.943686
-5.918371
-5.878260
-5.848670
-5.809875
-5.766149
-5.722422
-5.666859
-5.617543
-5.570528
-5.516609
-5.467293
-5.405484
-5.356825
-5.299290
-5.256549
-5.213480
-5.161533
-5.119779
-5.068820
-5.035942
-4.994517
-4.960982
-4.945200
-4.918570
-4.898186
-4.888980
-4.868925
-4.880104
-4.880761
-4.880104
-4.895885
-4.908707
-4.920543
-4.956707
-4.987941
-5.007339
-5.059614
-5.093149
-5.140492
-5.185863
-5.228603
-5.282851
-5.316386
-5.370962
-5.424881
-5.487020
-5.537980
-5.586309
-5.640228
-5.674092
-5.730312
-5.780943
-5.813820
-5.860178
-5.902589
-5.928234
-5.957495
-5.998263
-6.020290
-6.033442
-6.050209
-6.055140
-6.062045
-6.046921
-6.050209
-6.030811
-6.015030
-5.993989
-5.967358
-5.947303
-5.908836
-5.885493
-5.854589
-5.814478
-5.772395
-5.730969
-5.670804
-5.631680
-5.578419
-5.525157
-5.479129
-5.424224
-5.373592
-5.314085
-5.270358
-5.214138
-5.158246
-5.112546
-5.080984
-5.033641
-4.992544
-4.970516
-4.949146
-4.911008
-4.906734
-4.888980
-4.884377
-4.880761
-4.881090
-4.885035
-4.890296
-4.908049
-4.928433
-4.950461
-4.975448
-5.012270
-5.052052
-5.078682
-5.130629
-5.181589
-5.228275
-5.266084
-5.320331
-5.363400
-5.411401
-5.470581
-5.515623
-5.578419
-5.627406
-5.681324
-5.730969
-5.769436
-5.813820
-5.855575
-5.893713
-5.933494
-5.969331
-5.990043
-6.005496
-6.020290
-6.033770
-6.054154
-6.048236
-6.058099
-6.048894
-6.040017
-6.019962
-5.993989
-5.983139
-5.946645
-5.919028
-5.889439
-5.855575
-5.813492
-5.770422
-5.731627
-5.692503
-5.636940
-5.588939
-5.541924
-5.475841
-5.436717
-5.382798
-5.327893
-5.279234
-5.217425
-5.173041
-5.126355
-5.077696
-5.049751
-5.013586
-4.982352
-4.953091
-4.921529
-4.898186
-4.895885
-4.884377
-4.868268
-4.872870
-4.882405
-4.875172
-4.897200
-4.914953
-4.939940
-4.966571
-5.007010
-5.041531
-5.080655
-5.128656
-5.170082
-5.211178
-5.265426
-5.299290
-5.365045
-5.416662
-5.468279
-5.512335
-5.569213
-5.616228
-5.669160
-5.721764
-5.767792
-5.813820
-5.853931
-5.879904
-5.922974
-5.963413
-5.975577
-6.013386
-6.021935
-6.030482
-6.055470
-6.058757
-6.048565
-6.053168
-6.037058
-6.024565
-6.006482
-5.981495
-5.962098
-5.931850
-5.898644
-5.867411
-5.826643
-5.790149
-5.743463
-5.686256
-5.651078
-5.602090
-5.549487
-5.485375
-5.445594
-5.392004
-5.329865
-5.280879
-5.238467
-5.189808
-5.142794
-5.092491
-5.043833
-5.005695
-4.980380
-4.950132
-4.926132
-4.898515
-4.892268
-4.874843
-4.881419
-4.874514
-4.879117
-4.886350
-4.895227
-4.918570
-4.943228
-4.971831
-4.993859
-5.030353
-5.065532
-5.112875
-5.162848
-5.204274
-5.257864
-5.300933
-5.349263
-5.398579
-5.452827
-5.509376
-5.556391
-5.604063
-5.659297
-5.704997
-5.748724
-5.803300
-5.848342
-5.887794
-5.917056
-5.949933
-5.978865
-6.009112
-6.013715
-6.043633
-6.040675
-6.047907
-6.046921
-6.053825
-6.030154
-6.017003
-5.998263
-5.991030
-5.952563
-5.925604
-5.906535
-5.867740
-5.834862
-5.783573
-5.748724
-5.709599
-5.651406
-5.596501
-5.544555
-5.497540
-5.452169
-5.392990
-5.349921
-5.298632
-5.246686
-5.196383
-5.151341
-5.104984
-5.051723
-5.017859
-4.990242
-4.963283
-4.937968
-4.914625
-4.897200
-4.883062
-4.882405
-4.880761
-4.878788
-4.886679
-4.899501
-4.902460
-4.936981
-4.952434
-4.990900
-5.027723
-5.065203
-5.111231
-5.157588
-5.199671
-5.249974
-5.294687
-5.340715
-5.390689
-5.446909
-5.487677
-5.543569
-5.589268
-5.650749
-5.705983
-5.747737
-5.800341
-5.839794
-5.877932
-5.919028
-5.952234
-5.979194
-6.004180
-6.024565
-6.034757
-6.052839
-6.057113
-6.060072
-6.057771
-6.044949
-6.031140
-6.012729
-5.988728
-5.971961
-5.944015
-5.913768
-5.873000
-5.842752
-5.801327
-5.751354
-5.708613
-5.665544
-5.619515
-5.568555
-5.516938
-5.456115
-5.411730
-5.344332
-5.305865
-5.251946
-5.200986
-5.150355
-5.110245
-5.070463
-5.031997
-4.995174
-4.954077
-4.935009
-4.919228
-4.889966
-4.886679
-4.879117
-4.869583
-4.870898
-4.886350
-4.897857
-4.905419
-4.935995
-4.952434
-4.988927
-5.027065
-5.062901
-5.106628
-5.150684
-5.196055
-5.238138
-5.274632
-5.337756
-5.379182
-5.441648
-5.491951
-5.540938
-5.591898
-5.645488
-5.686585
-5.735901
-5.786203
-5.830588
-5.868397
-5.897329
-5.945330
-5.967687
-5.987084
-6.012071
-6.036072
-6.051195
-6.054154
-6.054812
-6.056127
-6.038044
-6.021605
-6.004838
-6.000893
-5.963741
-5.935796
-5.905549
-5.883849
-5.842424
-5.797053
-5.766149
-5.721764
-5.672119
-5.618858
-5.563624
-5.520883
-5.461375
-5.419292
-5.369318
-5.314085
-5.263124
-5.211178
-5.158904
-5.105313
-5.072765
-5.024106
-5.000763
-4.972817
-4.938296
-4.923831
-4.899172
-4.884049
-4.883720
-4.880104
-4.874186
-4.875501
-4.895885
-4.910351
-4.927118
-4.953749
-4.977420
-5.015229
-5.057641
-5.087231
-5.133588
-5.184219
-5.225316
-5.280879
-5.323290
-5.368661
-5.432772
-5.472553
-5.520226
-5.579405
-5.635296
-5.684941
-5.729983
-5.778971
-5.825656
-5.866425
-5.898315
-5.936453
-5.971303
-5.989715
-6.003523
-6.022263
-6.038044
-6.058099
-6.056456
-6.057113
-6.045935
-6.038702
-6.023250
-5.995961
-5.977879
-5.953878
-5.924289
-5.885164
-5.856890
-5.812177
-5.777656
-5.731298
-5.676064
-5.629050
-5.584336
-5.535020
-5.482745
-5.419621
-5.372277
-5.310468
-5.259508
-5.220384
-5.174356
-5.128656
-5.079669
-5.044819
-4.996489
-4.975777
-4.944214
-4.927118
-4.898844
-4.891282
-4.885693
-4.867281
-4.878459
-4.876816
-4.892926
-4.908049
-4.923501
-4.950461
-4.979393
-5.013586
-5.043504
-5.081313
-5.128985
-5.179945
-5.217754
-5.267727
-5.311126
-5.372606
-5.416991
-5.464005
-5.517595
-5.572172
-5.619844
-5.664557
-5.726038
-5.775683
-5.819738
-5.860507
-5.890754
-5.925275
-5.959138
-5.993989
-6.012400
-6.026866
-6.034099
-6.058757
-6.054154
-6.054812
-6.051853
-6.041990
-6.020619
-6.000893
-5.974920
-5.955194
-5.928563
-5.891082
-5.863794
-5.818095
-5.782916
-5.741161
-5.679023
-5.646146
-5.588939
-5.530746
-5.477814
-5.435731
-5.384113
-5.320331
-5.281536
-5.233535
-5.180274
-5.132601
-5.084929
-5.052052
-5.007010
-4.983667
-4.945200
-4.922186
-4.911337
-4.889966
-4.886679
-4.874186
-4.876158
-4.876158
-4.889966
-4.894241
-4.923831
-4.937968
-4.972489
-5.008325
-5.045148
-5.070792
-5.118135
-5.167451
-5.201644
-5.260166
-5.304550
-5.362414
-5.404497
-5.451841
-5.516938
-5.558692
-5.606036
-5.662913
-5.704339
-5.765491
-5.806916
-5.837492
-5.893384
-5.926590
-5.959138
-5.988070
-6.007797
-6.022592
-6.040675
-6.050867
-6.050538
-6.047907
-6.055470
-6.044949
-6.030154
-6.004509
-5.990372
-5.959796
-5.928234
-5.891082
-5.870698
-5.826643
-5.793437
-5.745107
-5.696448
-5.651078
-5.606693
-5.545870
-5.494253
-5.445923
-5.380826
-5.341702
-5.291399
-5.239453
-5.187507
-5.143122
-5.098738
-5.052710
-5.008654
-4.987941
-4.960324
-4.933693
-4.913638
-4.891611
-4.880761
-4.877802
-4.875172
-4.880104
-4.875501
-4.902789
-4.919228
-4.943885
-4.956050
-4.991887
-5.034298
-5.064545
-5.119779
-5.160547
-5.207562
-5.240439
-5.303235
-5.348277
-5.402853
-5.453485
-5.498855
-5.549815
-5.601761
-5.663242
-5.708613
-5.746093
-5.803957
-5.836177
-5.872671
-5.920672
-5.940727
-5.968673
-6.003852
-6.012400
-6.043633
-6.054483
-6.058757
-6.062374
-6.050209
-6.033442
-6.021935
-6.015359
-5.984454
-5.966701
-5.937111
-5.904562
-5.876616
-5.839794
-5.787848
-5.752997
-5.697763
-5.662585
-5.608008
-5.558363
-5.507403
-5.449539
-5.400552
-5.341702
-5.298632
-5.249316
-5.200329
-5.151670
-5.104327
-5.061915
-5.021805
-4.985311
-4.955064
-4.934022
-4.917255
-4.899172
-4.890296
-4.869583
-4.878131
-4.874514
-4.879117
-4.885693
-4.908707
-4.924159
-4.960653
-4.992873
-5.027065
-5.065860
-5.108601
-5.145424
-5.192438
-5.231234
-5.290084
-5.345975
-5.382470
-5.447896
-5.485047
-5.549815
-5.596830
-5.652392
-5.687900
-5.741490
-5.792779
-5.835191
-5.868397
-5.908179
-5.950591
-5.969659
-6.000564
-6.022592
-6.027195
-6.040017
-6.057442
-6.058428
-6.046264
-6.048236
-6.035085
-6.008126
-5.997934
-5.959467
-5.941385
-5.913110
-5.870369
-5.830588
-5.806916
-5.755956
-5.714531
-5.656009
-5.619844
-5.568226
-5.510034
-5.463676
-5.401538
-5.354195
-5.312441
-5.255563
-5.201972
-5.154958
-5.112875
-5.058299
-5.031668
-4.999119
-4.961639
-4.937310
-4.919228
-4.899501
-4.884049
-4.868268
-4.870569
-4.866952
-4.872870
-4.888323
-4.914625
-4.934680
-4.955721
-4.983996
-5.019832
-5.059614
-5.090518
-5.147068
-5.188493
-5.223014
-5.278906
-5.335783
-5.373921
-5.439019
-5.488992
-5.540281
-5.591569
-5.636940
-5.686914
-5.734915
-5.777327
-5.818095
-5.873000
-5.908507
-5.944344
-5.959796
-5.988728
-6.011743
-6.034757
-6.045935
-6.057771
-6.055798
-6.059086
-6.047579
-6.029167
-6.021935
-5.986427
-5.973605
-5.948618
-5.918371
-5.882205
-5.847355
-5.811848
-5.772395
-5.722750
-5.674749
-5.627077
-5.577432
-5.521541
-5.471567
-5.415676
-5.370634
-5.306194
-5.269042
-5.216439
-5.168109
-5.124382
-5.077367
-5.039558
-5.007668
-4.960982
-4.947502
-4.925803
-4.894898
-4.893583
-4.885035
-4.878459
-4.878788
-4.884706
-4.890296
-4.911008
-4.917583
-4.948488
-4.984653
-5.016544
-5.057641
-5.094792
-5.130300
-5.175342
-5.223672
-5.268056
-5.319674
-5.370962
-5.426854
-5.470252
-5.532390
-5.579076
-5.634310
-5.680667
-5.728997
-5.777984
-5.810533
-5.859191
-5.900946
-5.938097
-5.954207
-5.989386
-6.002865
-6.020290
-6.045935
-6.049880
-6.055140
-6.060730
-6.049551
-6.033770
-6.011743
-6.003194
-5.967687
-5.954865
-5.926919
-5.896014
-5.861493
-5.812505
-5.780614
-5.720449
-5.690859
-5.629050
-5.588939
-5.532390
-5.482745
-5.425868
-5.380168
-5.316386
-5.277919
-5.226960
-5.165150
-5.124711
-5.081313
-5.049093
-4.998133
-4.980380
-4.951118
-4.927118
-4.909364
-4.895227
-4.874186
-4.873857
-4.868925
-4.882076
-4.885364
-4.897529
-4.925803
-4.942242
-4.964270
-5.008654
-5.051065
-5.085258
-5.125697
-5.170082
-5.215781
-5.265097
-5.318687
-5.365045
-5.413374
-5.469594
-5.522856
-5.573158
-5.617871
-5.662256
-5.725709
-5.763189
-5.816780
-5.857219
-5.894042
-5.933494
-5.958152
-5.990043
-6.013058
-6.032126
-6.043304
-6.058428
-6.062045
-6.045606
-6.041003
-6.038044
-6.027853
-5.998920
-5.981495
-5.959796
-5.922974
-5.888452
-5.860178
-5.820067
-5.769436
-5.735244
-5.695462
-5.642200
-5.592556
-5.546856
-5.484060
-5.440662
-5.383127
-5.336441
-5.273316
-5.221370
-5.181918
-5.138848
-5.092162
-5.045805
-5.018188
-4.982681
-4.955064
-4.928433
-4.910679
-4.888323
-4.872870
-4.872541
-4.867281
-4.876158
-4.876816
-4.898844
-4.919228
-4.946187
-4.973146
-5.002736
-5.042846
-5.078354
-5.115505
-5.160218
-5.208220
-5.255892
-5.309482
-5.360442
-5.404497
-5.458745
-5.512664
-5.565925
-5.616885
-5.662256
-5.716832
-5.762532
-5.796395
-5.849000
-5.878260
-5.928563
-5.958810
-5.975248
-5.995961
-6.027195
-6.039031
-6.056456
-6.057442
-6.046264
-6.049551
-6.040017
-6.030811
-6.007140
-5.977221
-5.948618
-5.936124
-5.906864
-5.856561
-5.821383
-5.792121
-5.750696
-5.697434
-5.648118
-5.607022
-5.548829
-5.503458
-5.447238
-5.399566
-5.340386
-5.291728
-5.239453
-5.185863
-5.145095
-5.092162
-5.058299
-5.007997
-4.975448
-4.956707
-4.921858
-4.905090
-4.891282
-4.885364
-4.870898
-4.870240
-4.880432
-4.874186
-4.899830
-4.916597
-4.939940
-4.966242
-4.985311
-5.030353
-5.071778
-5.117807
-5.159561
-5.195726
-5.241755
-5.301920
-5.352551
-5.388059
-5.438032
-5.503129
-5.552445
-5.594857
-5.647461
-5.707627
-5.754313
-5.800998
-5.840122
-5.882534
-5.919028
-5.953878
-5.969002
-6.002208
-6.027195
-6.030154
-6.045606
-6.054154
-6.057771
-6.049880
-6.041003
-6.018647
-6.013058
-5.993660
-5.966043
-5.928234
-5.898315
-5.877603
-5.840122
-5.795081
-5.750367
-5.708613
-5.667187
-5.607351
-5.551459
-5.506746
-5.452498
-5.403840
-5.352551
-5.301591
-5.248659
-5.202630
-5.146739
-5.106628
-5.053367
-5.027394
-4.989585
-4.960653
-4.931392
-4.917912
-4.900158
-4.881090
-4.873199
-4.875172
-4.881419
-4.885035
-4.892926
-4.909693
-4.935009
-4.958680
-4.980708
-5.030353
-5.065532
-5.107615
-5.139177
-5.196712
-5.241426
-5.289755
-5.344003
-5.384113
-5.440991
-5.489650
-5.531733
-5.596830
-5.635296
-5.691845
-5.745436
-5.780943
-5.833218
-5.871356
-5.916727
-5.945988
-5.972947
-6.002865
-6.017003
-6.037715
-6.049880
-6.051853
-6.058428
-6.057442
-6.046921
-6.037387
-6.016345
-5.989715
-5.964399
-5.933166
-5.911467
-5.880562
-5.838808
-5.798039
-5.758586
-5.713544
-5.666530
-5.619844
-5.571843
-5.509705
-5.453813
-5.408114
-5.365702
-5.305865
-5.252933
-5.212165
-5.158246
-5.116492
-5.076381
-5.034627
-4.995831
-4.954406
-4.929090
-4.921529
-4.891939
-4.891282
-4.874186
-4.864651
-4.866295
-4.870240
-4.889309
-4.910351
-4.932707
-4.943228
-4.985969
-5.011284
-5.062901
-5.099395
-5.144766
-5.178958
-5.227946
-5.278906
-5.323948
-5.382141
-5.419292
-5.480115
-5.528445
-5.591898
-5.633653
-5.691517
-5.735901
-5.771080
-5.824999
-5.863794
-5.893713
-5.938755
-5.972290
-5.985440
-6.017003
-6.039031
-6.049222
-6.046264
-6.063031
-6.059414
-6.050209
-6.030154
-6.015030
-6.000235
-5.976892
-5.951248
-5.919686
-5.890425
-5.852287
-5.811848
-5.770093
-5.728997
-5.676064
-5.633653
-5.583350
-5.525157
-5.476170
-5.411073
-5.370634
-5.308167
-5.255892
-5.215781
-5.157588
-5.124382
-5.079998
-5.044161
-4.998462
-4.965256
-4.943885
-4.922515
-4.895227
-4.888323
-4.881090
-4.864651
-4.879446
-4.881747
-4.878788
-4.907063
-4.927447
-4.944214
-4.968215
-5.009640
-5.055011
-5.079669
-5.135561
-5.167780
-5.226302
-5.274961
-5.322304
-5.368332
-5.410744
-5.476828
-5.523513
-5.583021
-5.629707
-5.682640
-5.725709
-5.763189
-5.821711
-5.863794
-5.888452
-5.927248
-5.954865
-5.989715
-6.017660
-6.036400
-6.042976
-6.045935
-6.058757
-6.053825
-6.046921
-6.029825
-6.024893
-6.004838
-5.981824
-5.953549
-5.925932
-5.897986
-5.859520
-5.817766
-5.775683
-5.737545
-5.689215
-5.634968
-5.593542
-5.535349
-5.488006
-5.435073
-5.370305
-5.329208
-5.271673
-5.228932
-5.173698
-5.132601
-5.090518
-5.045148
-5.012599
-4.980380
-4.938954
-4.919228
-4.906405
-4.889966
-4.881090
-4.875501
-4.878788
-4.883720
-4.889966
-4.906734
-4.924488
-4.944543
-4.976105
-5.005037
-5.043175
-5.088546
-5.130300
-5.165808
-5.219398
-5.258193
-5.309482
-5.362414
-5.409100
-5.452827
-5.518910
-5.573816
-5.623132
-5.672119
-5.715517
-5.753655
-5.814149
-5.852287
-5.896014
-5.929878
-5.947303
-5.974920
-5.998263
-6.026537
-6.047250
-6.041332
-6.060730
-6.055470
-6.050867
-6.037387
-6.018647
-6.000564
-5.970974
-5.949604
-5.932837
-5.903247
-5.852287
-5.821054
-5.780286
-5.731627
-5.701380
-5.638913
-5.603405
-5.544884
-5.498198
-5.443950
-5.379510
-5.342030
-5.288111
-5.223014
-5.188493
-5.132601
-5.092162
-5.055668
-5.019175
-4.970516
-4.954077
-4.934022
-4.914296
-4.899830
-4.883062
-4.879775
-4.874514
-4.868268
-4.875829
-4.896542
-4.919885
-4.929420
-4.964598
-5.005037
-5.041860
-5.071450
-5.112875
-5.165150
-5.203288
-5.250960
-5.307180
-5.354853
-5.408772
-5.457430
-5.512335
-5.560336
-5.600446
-5.656338
-5.713216
-5.747079
-5.799355
-5.843081
-5.874315
-5.925604
-5.942700
-5.980838
-6.004509
-6.030482
-6.038044
-6.049551
-6.054154
-6.049222
-6.047907
-6.032126
-6.027853
-6.007140
-5.982153
-5.957495
-5.931521
-5.901274
-5.873986
-5.826972
-5.785875
-5.745436
-5.702366
-5.660612
-5.603734
-5.558034
-5.505431
-5.449539
-5.394305
-5.344332
-5.294687
-5.235507
-5.189808
-5.150355
-5.097423
-5.065203
-5.026408
-4.985969
-4.954406
-4.933365
-4.901474
-4.895556
-4.881419
-4.877802
-4.870569
-4.879117
-4.885035
-4.900487
-4.908049
-4.925474
-4.959009
-4.996489
-5.035285
-5.063888
-5.113862
-5.152986
-5.196383
-5.244056
-5.299947
-5.339071
-5.384113
-5.446251
-5.500499
-5.556391
-5.603734
-5.651735
-5.699736
-5.753983
-5.800670
-5.837821
-5.883521
-5.903576
-5.943028
-5.974920
-6.005496
-6.024236
-6.040675
-6.044949
-6.060072
-6.055470
-6.051524
-6.039360
-6.019962
-6.001550
-5.988728
-5.967358
-5.935467
-5.905549
-5.881219
-5.830259
-5.798368
-5.748066
-5.717490
-5.662585
-5.606364
-5.560994
-5.501157
-5.448553
-5.405484
-5.358140
-5.306523
-5.241755
-5.205589
-5.154629
-5.113204
-5.064545
-5.028051
-4.982023
-4.951447
-4.937639
-4.912981
-4.900158
-4.883062
-4.882076
-4.879117
-4.879775
-4.873857
-4.897529
-4.902460
-4.927447
-4.944872
-4.992873
-5.028051
-5.058628
-5.101697
-5.136876
-5.185534
-5.239453
-5.275618
-5.339071
-5.377538
-5.439676
-5.479129
-5.546199
-5.593214
-5.647132
-5.691188
-5.732942
-5.790806
-5.835191
-5.868726
-5.912453
-5.944673
-5.964070
-6.000893
-6.017003
-6.033113
-6.047907
-6.060072
-6.055470
-6.050538
-6.036400
-6.031469
-6.004180
-5.990372
-5.971961
-5.942700
-5.917056
-5.874972
-5.850643
-5.797053
-5.757600
-5.711901
-5.678037
-5.624775
-5.576775
-5.515294
-5.464663
-5.415018
-5.369318
-5.312441
-5.261481
-5.213809
-5.159890
-5.122409
-5.075724
-5.036928
-5.002736
-4.969530
-4.941255
-4.919556
-4.905748
-4.891611
-4.879775
-4.879446
-4.876487
-4.886021
-4.893912
-4.907392
-4.927447
-4.950461
-4.986955
-5.008325
-5.055011
-5.091176
-5.128656
-5.171726
-5.225973
-5.281865
-5.323948
-5.377867
-5.422909
-5.475841
-5.531404
-5.586309
-5.628721
-5.684612
-5.732942
-5.783245
-5.824341
-5.869054
-5.906864
-5.939084
-5.966372
-5.994318
-6.019633
-6.032126
-6.033770
-6.050867
-6.047907
-6.049551
-6.051853
-6.040675
-6.020948
-5.989057
-5.973605
-5.946316
-5.919686
-5.885493
-5.850972
-5.813820
-5.776340
-5.729983
-5.670804
-5.636283
-5.570857
-5.533048
-5.479786
-5.422909
-5.368332
-5.308824
-5.265426
-5.206575
-5.173698
-5.115834
-5.081313
-5.037586
-5.000106
-4.976434
-4.949475
-4.927775
-4.896542
-4.890296
-4.881747
-4.874186
-4.877473
-4.885035
-4.877473
-4.899172
-4.924488
-4.947502
-4.977749
-5.007339
-5.050408
-5.081313
-5.131287
-5.167451
-5.226302
-5.267070
-5.319674
-5.372606
-5.409429
-5.472225
-5.514637
-5.568884
-5.627406
-5.678695
-5.728339
-5.771409
-5.820067
-5.857876
-5.885493
-5.931521
-5.962426
-5.993660
-6.016674
-6.034099
-6.046921
-6.056785
-6.054483
-6.047907
-6.054154
-6.041990
-6.025222
-5.998920
-5.974262
-5.945330
-5.923960
-5.891411
-5.857547
-5.818095
-5.782587
-5.734586
-5.693818
-5.642529
-5.591241
-5.538308
-5.490965
-5.440005
-5.382470
-5.331510
-5.280879
-5.227946
-5.176000
-5.136876
-5.089861
-5.045805
-5.008325
-4.973475
-4.950132
-4.927447
-4.902789
-4.893583
-4.869583
-4.877473
-4.880432
-4.876487
-4.876158
-4.904104
-4.915940
-4.944872
-4.976434
-5.008325
-5.037586
-5.083943
-5.125040
-5.161205
-5.214795
-5.250960
-5.305536
-5.356496
-5.402853
-5.465321
-5.517924
-5.564281
-5.616885
-5.667845
-5.718147
-5.760888
-5.814478
-5.848342
-5.893713
-5.923960
-5.960125
-5.988400
-6.006153
-6.017003
-6.044291
-6.055140
-6.047579
-6.061387
-6.049222
-6.030811
-6.013058
-6.001879
-5.985112
-5.959796
-5.933494
-5.902589
-5.867082
-5.814807
-5.783245
-5.748066
-5.689544
-5.651735
-5.601433
-5.551459
-5.499184
-5.442964
-5.389702
-5.342688
-5.279563
-5.241097
-5.184876
-5.145752
-5.100382
-5.056326
-5.021476
-4.981037
-4.955721
-4.921529
-4.907721
-4.896871
-4.884377
-4.877802
-4.880761
-4.883391
-4.890296
-4.898186
-4.911994
-4.935995
-4.964270
-5.003722
-5.038901
-5.074080
-5.118464
-5.160547
-5.200986
-5.242412
-5.305208
-5.351236
-5.401209
-5.451512
-5.508061
-5.563295
-5.607351
-5.651078
-5.711243
-5.757271
-5.802971
-5.843410
-5.871356
-5.906864
-5.955522
-5.981166
-5.994975
-6.028510
-6.034757
-6.040346
-6.057442
-6.054154
-6.054483
-6.045935
-6.029825
-6.007140
-5.982481
-5.958152
-5.939741
-5.907521
-5.865767
-5.836177
-5.782916
-5.755299
-5.703352
-5.657653
-5.597487
-5.558034
-5.502472
-5.444936
-5.396607
-5.352880
-5.296659
-5.248659
-5.196712
-5.157588
-5.110574
-5.055997
-5.023448
-5.001421
-4.964270
-4.934680
-4.928104
-4.911008
-4.900487
-4.898844
-4.897857
-4.894898
-4.902131
-4.913967
-4.930406
-4.963612
-4.982023
-5.016216
-5.051394
-5.081313
-5.136218
-5.177315
-5.220055
-5.253262
-5.296988
-5.342030
-5.386744
-5.440991
-5.491293
-5.536335
-5.576117
-5.616556
-5.653379
-5.687900
-5.717819
-5.740504
-5.767463
-5.787519
-5.795738
-5.813492
-5.816780
-5.819738
-5.825985
-5.818423
-5.809218
-5.789820
-5.788834
-5.757929
-5.751354
-5.731627
-5.708942
-5.692503
-5.671133
-5.638584
-5.625762
-5.608008
-5.594529
-5.560665
-5.544226
-5.537980
-5.519568
-5.496554
-5.481759
-5.483403
-5.463348
-5.449539
-5.440662
-5.434744
-5.444279
-5.437704
-5.436388
-5.418963
-5.427183
-5.429155
-5.424881
-5.425210
-5.412716
-5.427840
-5.422580
-5.422909
-5.419292
-5.437046
-5.438361
-5.440005
-5.444608
-5.445594
-5.446251
-5.444279
-5.442635
-5.457758
-5.449539
-5.464992
-5.465978
-5.468937
-5.465321
-5.456443
-5.458745
-5.470581
-5.468937
-5.474526
-5.471238
-5.463019
-5.472225
-5.466636
-5.467950
-5.471896
-5.470252
-5.468279
-5.463019
-5.456772
-5.465649
-5.469923
-5.468608
-5.465649
-5.459731
-5.470581
-5.471567
-5.471238
-5.457758
-5.470581
-5.469265
-5.461046
-5.471567
-5.472882
-5.470581
-5.465321
-5.460389
-5.476170
-5.463348
-5.471896
-5.459074
-5.474197
-5.466307
-5.469265
-5.466636
-5.464992
-5.470581
-5.466307
-5.455128
-5.457430
-5.467950
-5.468608
-5.456115
-5.460060
-5.469923
-5.471896
-5.472882
-5.458416
-5.471238
-5.473868
-5.468608
-5.473540
-5.468608
-5.461704
-5.470581
-5.475841
-5.469265
-5.471896
-5.475183
-5.459074
-5.473211
-5.459403
-5.468608
-5.471238
-5.471567
-5.469923
-5.463019
-5.472225
-5.473540
-5.473868
-5.472225
-5.456115
-5.468608
-5.472225
-5.472225
-5.473211
-5.471238
-5.457758
-5.469265
-5.469923
-5.469594
-5.469923
-5.457430
-5.468279
-5.467622
-5.465649
-5.465321
-5.465321
-5.468937
-5.467950
-5.467622
-5.473868
-5.472225
-5.469265
-5.465321
-5.473211
-5.464992
-5.470910
-5.473868
-5.472225
-5.464992
-5.472553
-5.463676
-5.471896
-5.473868
-5.471896
-5.465649
-5.468279
-5.470252
-5.474855
-5.471238
-5.460389
-5.472225
-5.466307
-5.469923
-5.459074
-5.466307
-5.471896
-5.466964
-5.458087
-5.471896
-5.474526
-5.469594
-5.465978
-5.461375
-5.473540
-5.460718
-5.466636
-5.470581
-5.466964
-5.472553
-5.457430
-5.470910
-5.474526
-5.471896
-5.464663
-5.471238
-5.464334
-5.470910
-5.472882
-5.473211
-5.456772
-5.472553
-5.458745
-5.466307
-5.466636
-5.465978
-5.470910
-5.463348
-5.473211
-5.472882
-5.471896
-5.457758
-5.471567
-5.458087
-5.467622
-5.469923
-5.469594
-5.471238
-5.463676
-5.472553
-5.458416
-5.459731
-5.458416
-5.468608
-5.466307
-5.468937
-5.473868
-5.473211
-5.468608
-5.462361
-5.470910
-5.465649
-5.466307
-5.466636
-5.468608
-5.467293
-5.466307
-5.469923
-5.464334
-5.458087
-5.464005
-5.471896
-5.463019
-5.472553
-5.473540
-5.472882
-5.457101
-5.469594
-5.456443
-5.468937
-5.469594
-5.472225
-5.465978
-5.468279
-5.458416
-5.466964
-5.469594
-5.472225
-5.466636
-5.469265
-5.461704
-5.464005
-5.466964
-5.471238
-5.460389
-5.471238
-5.457758
-5.465649
-5.463348
-5.467950
-5.462361
-5.471238
-5.457430
-5.464005
-5.463019
-5.468608
-5.466307
-5.468279
-5.468608
-5.458416
-5.465978
-5.471896
-5.465649
-5.470252
-5.465978
-5.472225
-5.473211
-5.464663
-5.468608
-5.471896
-5.459731
-5.463348
-5.470252
-5.465321
-5.472225
-5.457430
-5.470910
-5.473540
-5.472225
-5.462361
-5.469923
-5.467950
-5.474197
-5.473540
-5.458087
-5.472225
-5.458745
-5.473868
-5.471567
-5.467950
-5.465321
-5.472225
-5.463348
-5.474197
-5.470581
-5.462033
-5.465649
-5.467293
-5.472225
-5.463348
-5.460389
-5.466964
-5.472553
-5.464992
-5.470581
-5.466964
-5.466964
-5.472882
-5.462690
-5.471567
-5.459403
-5.467622
-5.470910
-5.472882
-5.464663
-5.471567
-5.465978
-5.473211
-5.473540
-5.469265
-5.466307
-5.466636
-5.469923
-5.473868
-5.473540
-5.468279
-5.465978
-5.469923
-5.465978
-5.466964
-5.466964
-5.472225
-5.458745
-5.472882
-5.469265
-5.469594
-5.464005
-5.464005
-5.471238
-5.464663
-5.473540
-5.473868
-5.472882
-5.462033
-5.472553
-5.464334
-5.470252
-5.472553
-5.472882
-5.460718
-5.472225
-5.462690
-5.466636
-5.467293
-5.471896
-5.458416
-5.470252
-5.468279
-5.458745
-5.460060
-5.463019
-5.472225
-5.463676
-5.473540
-5.473540
-5.472882
-5.458087
-5.471238
-5.457430
-5.466636
-5.467622
-5.469594
-5.471896
-5.463676
-5.472553
-5.467950
-5.464334
-5.456443
-5.470910
-5.459074
-5.471896
-5.470581
-5.468937
-5.457758
-5.471567
-5.460718
-5.473211
-5.469923
-5.467293
-5.460060
-5.472553
-5.464334
-5.473211
-5.472225
-5.470581
-5.456772
-5.471567
-5.456443
-5.471238
-5.473540
-5.472882
-5.465649
-5.468937
-5.467622
-5.463676
-5.466307
-5.468937
-5.470910
-5.462361
-5.471896
-5.458745
-5.460718
-5.462033
-5.471567
-5.458745
-5.471896
-5.473540
-5.470581
-5.457101
-5.468937
-5.458745
-5.469265
-5.473211
-5.473211
-5.467622
-5.465978
-5.467622
-5.467622
-5.472553
-5.472882
-5.467622
-5.467293
-5.467293
-5.466307
-5.470252
-5.470252
-5.470581
-5.464992
-5.470252
-5.465978
-5.465321
-5.469265
-5.471238
-5.464663
-5.470910
-5.458745
-5.461704
-5.462690
-5.471896
-5.456115
-5.472225
-5.470252
-5.468608
-5.458745
-5.469594
-5.457101
-5.469265
-5.473868
-5.472882
-5.461046
-5.468937
-5.457430
-5.469923
-5.473211
-5.472553
-5.469265
-5.464992
-5.469923
-5.465321
-5.463676
-5.465649
-5.472225
-5.458087
-5.471238
-5.469923
-5.463348
-5.458087
-5.468608
-5.460389
-5.471238
-5.471238
-5.467622
-5.458745
-5.471567
-5.457758
-5.472882
-5.468608
-5.458416
-5.465321
-5.472553
-5.462690
-5.472225
-5.459403
-5.458087
-5.465321
-5.468279
-5.468937
-5.468937
-5.458416
-5.457101
-5.468937
-5.465978
-5.469923
-5.467622
-5.460060
-5.465978
-5.468937
-5.456772
-5.470910
-5.471238
-5.468608
-5.458416
-5.468279
-5.461046
-5.470252
-5.472225
-5.469923
-5.457758
-5.468608
-5.457430
-5.471238
-5.471896
-5.469923
-5.458745
-5.469265
-5.457101
-5.470252
-5.473868
-5.472225
-5.457758
-5.471896
-5.464005
-5.473211
-5.471567
-5.468279
-5.464992
-5.471567
-5.464005
-5.474197
-5.470581
-5.466964
-5.464334
-5.469923
-5.465649
-5.473540
-5.472882
-5.467950
-5.463348
-5.469265
-5.465649
-5.474197
-5.473211
-5.470252
-5.462690
-5.470581
-5.465321
-5.473211
-5.473868
-5.467950
-5.466636
-5.465978
-5.469594
-5.474526
-5.472225
-5.457758
-5.471896
-5.458416
-5.471896
-5.473868
-5.472882
-5.458087
-5.472225
-5.465321
-5.473540
-5.472553
-5.467622
-5.464334
-5.468279
-5.468937
-5.471896
-5.468608
-5.457430
-5.468608
-5.457101
-5.472553
-5.469265
-5.458416
-5.465321
-5.472225
-5.462361
-5.471567
-5.458087
-5.464992
-5.468937
-5.458745
-5.472225
-5.458087
-5.466636
-5.470252
-5.470252
-5.468608
-5.458416
-5.473211
-5.468608
-5.458745
-5.468937
-5.458416
-5.472225
-5.465649
-5.470252
-5.472882
-5.458745
-5.472553
-5.464334
-5.473868
-5.473211
-5.467950
-5.464992
-5.466964
-5.469594
-5.471567
-5.468279
-5.457101
-5.470910
-5.458087
-5.472882
-5.470252
-5.467622
-5.463348
-5.472225
-5.462690
-5.472553
-5.467950
-5.459074
-5.465321
-5.470252
-5.466636
-5.471567
-5.467622
-5.461046
-5.462690
-5.470910
-5.465649
-5.472553
-5.466964
-5.458087
-5.469923
-5.458087
-5.471567
-5.458745
-5.463676
-5.468608
-5.467293
-5.469923
-5.456443
-5.470581
-5.473540
-5.471567
-5.464992
-5.470581
-5.465649
-5.473868
-5.472225
-5.458087
-5.471896
-5.461375
-5.473211
-5.469594
-5.459403
-5.467622
-5.466307
-5.469923
-5.460389
-5.462361
-5.465978
-5.472225
-5.463348
-5.467622
-5.466636
-5.471567
-5.473540
-5.457758
-5.471896
-5.463019
-5.471238
-5.473868
-5.469923
-5.464992
-5.466964
-5.469923
-5.471896
-5.468608
-5.458416
-5.471896
-5.465321
-5.472225
-5.458745
-5.464334
-5.469594
-5.456772
-5.472882
-5.464334
-5.469923
-5.473540
-5.467622
-5.468608
-5.457430
-5.473211
-5.471567
-5.463676
-5.464992
-5.465978
-5.471238
-5.463019
-5.461375
-5.465649
-5.471567
-5.466964
-5.465649
-5.466636
-5.469594
-5.472882
-5.458745
-5.471238
-5.466964
-5.473540
-5.468937
-5.456772
-5.472225
-5.465649
-5.464334
-5.465978
-5.470252
-5.469923
-5.467950
-5.458087
-5.473540
-5.467950
-5.459731
-5.468937
-5.459403
-5.472553
-5.461704
-5.466636
-5.472225
-5.466636
-5.471567
-5.465321
-5.473540
-5.469265
-5.457430
-5.471567
-5.457430
-5.472882
-5.458416
-5.464005
-5.469265
-5.456772
-5.472882
-5.464334
-5.473211
-5.473540
-5.467950
-5.468608
-5.459074
-5.473211
-5.470910
-5.457758
-5.464334
-5.468608
-5.468608
-5.461375
-5.465321
-5.466636
-5.472553
-5.462361
-5.469923
-5.465978
-5.471896
-5.472882
-5.458087
-5.472225
-5.464334
-5.473868
-5.471896
-5.465978
-5.464663
-5.468937
-5.467622
-5.473540
-5.471896
-5.464334
-5.467293
-5.465978
-5.469265
-5.473868
-5.472225
-5.458416
-5.469265
-5.456772
-5.473211
-5.472225
-5.469265
-5.458416
-5.472225
-5.460060
-5.473211
-5.469594
-5.462690
-5.464005
-5.470252
-5.469594
-5.469594
-5.459074
-5.464005
-5.470910
-5.458745
-5.472882
-5.463348
-5.459074
-5.466636
-5.471238
-5.456443
-5.472225
-5.466964
-5.459403
-5.465321
-5.471896
-5.456772
-5.472553
-5.468608
-5.460060
-5.463019
-5.470910
-5.466636
-5.467622
-5.458745
-5.466307
-5.469594
-5.466964
-5.468937
-5.467622
-5.459403
-5.459403
-5.467293
-5.467622
-5.469594
-5.469594
-5.458745
-5.461375
-5.469265
-5.457101
-5.471896
-5.469594
-5.465649
-5.459731
-5.468937
-5.458416
-5.472553
-5.468279
-5.458416
-5.465649
-5.472225
-5.465321
-5.472225
-5.464992
-5.458745
-5.463348
-5.471238
-5.465649
-5.471896
-5.463676
-5.458745
-5.464992
-5.471896
-5.464992
-5.473868
-5.471896
-5.467950
-5.463676
-5.471896
-5.463676
-5.474197
-5.472553
-5.470252
-5.460389
-5.472553
-5.461375
-5.469923
-5.472882
-5.472553
-5.456443
-5.471567
-5.457101
-5.470910
-5.472225
-5.473540
-5.456443
-5.472553
-5.464334
-5.469594
-5.472553
-5.472225
-5.464334
-5.471896
-5.463676
-5.470581
-5.472882
-5.469594
-5.467293
-5.463019
-5.469594
-5.473868
-5.470252
-5.464992
-5.470910
-5.465978
-5.471567
-5.464005
-5.457101
-5.469594
-5.457430
-5.472882
-5.460060
-5.464992
-5.464992
-5.471896
-5.463676
-5.472553
-5.460389
-5.462033
-5.466964
-5.469923
-5.468608
-5.468608
-5.457430
-5.463676
-5.468937
-5.466964
-5.469265
-5.457758
-5.464992
-5.466636
-5.471896
-5.456115
-5.472225
-5.464005
-5.467622
-5.469265
-5.470252
-5.464992
-5.468608
-5.464005
-5.470581
-5.472882
-5.466636
-5.468937
-5.458416
-5.464992
-5.458087
-5.458745
-5.456772
-5.469923
-5.465649
-5.466307
-5.464005
-5.465978
-5.471238
-5.461704
-5.471896
-5.468608
-5.461375
-5.464992
-5.471896
-5.464663
-5.473540
-5.472882
-5.471567
-5.459731
-5.469923
-5.458087
-5.469923
-5.473540
-5.473211
-5.464663
-5.467950
-5.465978
-5.465978
-5.469923
-5.469923
-5.471238
-5.464005
-5.471238
-5.458745
-5.460389
-5.464005
-5.471896
-5.457101
-5.472882
-5.471896
-5.469923
-5.463348
-5.464992
-5.470252
-5.464005
-5.471896
-5.473540
-5.470910
-5.465321
-5.471567
-5.465649
-5.466964
-5.468608
-5.471896
-5.456115
-5.473211
-5.459731
-5.466307
-5.465321
-5.471896
-5.457758
-5.472553
-5.459403
-5.464005
-5.467622
-5.471238
-5.465649
-5.468279
-5.465321
-5.466636
-5.468937
-5.469265
