5.500000
5.500151
5.500329
5.500537
5.500776
5.501050
5.501358
5.501703
5.502087
5.502508
5.502968
5.503466
5.503999
5.504566
5.505162
5.505783
5.506422
5.507071
5.507720
5.508358
5.508971
5.509543
5.510058
5.510495
5.510832
5.511045
5.511108
5.510995
5.510675
5.510121
5.509301
5.508186
5.506748
5.504960
5.502799
5.500243
5.497281
5.493902
5.490106
5.485900
5.481302
5.476339
5.471049
5.465482
5.459698
5.453770
5.447779
5.441818
5.435985
5.430385
5.425128
5.420322
5.416078
5.412499
5.409687
5.407728
5.406703
5.406676
5.407699
5.409806
5.413015
5.417326
5.422724
5.429174
5.436627
5.445018
5.454269
5.464290
5.474978
5.486225
5.497913
5.509919
5.522118
5.534380
5.546578
5.558586
5.570278
5.581534
5.592241
5.602288
5.611577
5.620012
5.627511
5.633999
5.639412
5.643697
5.646810
5.648719
5.649405
5.648857
5.647076
5.644076
5.639879
5.634520
5.628040
5.620494
5.611944
5.602459
5.592118
5.581007
5.569215
5.556841
5.543987
5.530756
5.517259
5.503605
5.489906
5.476274
5.462820
5.449653
5.436881
5.424608
5.412932
5.401950
5.391750
5.382415
5.374020
5.366633
5.360315
5.355115
5.351078
5.348234
5.346607
5.346210
5.347048
5.349112
5.352387
5.356846
5.362454
5.369166
5.376927
5.385676
5.395343
5.405849
5.417111
5.429039
5.441535
5.454502
5.467834
5.481424
5.495164
5.508943
5.522652
5.536179
5.549417
5.562259
5.574603
5.586349
5.597404
5.607678
5.617091
5.625565
5.633033
5.639435
5.644721
5.648847
5.651780
5.653498
5.653986
5.653240
5.651266
5.648080
5.643709
5.638186
5.631555
5.623871
5.615194
5.605594
5.595149
5.583941
5.572060
5.559602
5.546667
5.533358
5.519781
5.506046
5.492262
5.478541
5.464991
5.451722
5.438839
5.426447
5.414644
5.403524
5.393178
5.383687
5.375128
5.367569
5.361072
5.355687
5.351459
5.348420
5.346596
5.346001
5.346639
5.348506
5.351587
5.355856
5.361281
5.367817
5.375412
5.384005
5.393527
5.403902
5.415047
5.426872
5.439283
5.452181
5.465462
5.479020
5.492745
5.506529
5.520261
5.533830
5.547128
5.560049
5.572488
5.584347
5.595531
5.605948
5.615517
5.624161
5.631810
5.638402
5.643887
5.648218
5.651362
5.653294
5.653997
5.653467
5.651707
5.648732
5.644565
5.639240
5.632800
5.625296
5.616788
5.607344
5.597041
5.585959
5.574190
5.561826
5.548967
5.535715
5.522178
5.508462
5.494679
5.480939
5.467351
5.454025
5.441067
5.428581
5.416667
5.405421
5.394933
5.385286
5.376559
5.368820
5.362132
5.356549
5.352115
5.348866
5.346827
5.346015
5.346437
5.348090
5.350959
5.355022
5.360248
5.366592
5.374005
5.382428
5.391792
5.402023
5.413039
5.424752
5.437068
5.449888
5.463109
5.476626
5.490330
5.504112
5.517860
5.531466
5.544819
5.557814
5.570345
5.582313
5.593621
5.604179
5.613903
5.622715
5.630542
5.637325
5.643007
5.647543
5.650898
5.653043
5.653963
5.653649
5.652104
5.649341
5.645381
5.640256
5.634008
5.626687
5.618350
5.609066
5.598907
5.587956
5.576301
5.564034
5.551254
5.538064
5.524569
5.510877
5.497097
5.483341
5.469719
5.456339
5.443309
5.430733
5.418712
5.407342
5.396714
5.386914
5.378020
5.370103
5.363227
5.357446
5.352808
5.349349
5.347096
5.346068
5.346274
5.347712
5.350368
5.354225
5.359249
5.365400
5.372630
5.380880
5.390084
5.400169
5.411054
5.422651
5.434868
5.447607
5.460765
5.474238
5.487917
5.501693
5.515456
5.529094
5.542500
5.555565
5.568185
5.580258
5.591689
5.602385
5.612261
5.621238
5.629243
5.636213
5.642092
5.646832
5.650396
5.652755
5.653891
5.653793
5.652463
5.649913
5.646161
5.641238
5.635184
5.628047
5.619883
5.610760
5.600749
5.589931
5.578393
5.566226
5.553529
5.540403
5.526954
5.513288
5.499516
5.485748
5.472095
5.458664
5.445565
5.432902
5.420776
5.409286
5.398521
5.388570
5.379512
5.371418
5.364356
5.358379
5.353537
5.349869
5.347403
5.346160
5.346149
5.347371
5.349815
5.353463
5.358284
5.364241
5.371285
5.379361
5.388403
5.398340
5.409090
5.420569
5.432684
5.445339
5.458431
5.471857
5.485507
5.499274
5.513047
5.526715
5.540170
5.553302
5.566008
5.578184
5.589735
5.600566
5.610591
5.619731
5.627912
5.635067
5.641141
5.646084
5.649857
5.652430
5.653780
5.653900
5.652786
5.650448
5.646905
5.642185
5.636326
5.629375
5.621387
5.612427
5.602566
5.591883
5.580465
5.568402
5.555790
5.542732
5.529332
5.515697
5.501935
5.488159
5.474477
5.460999
5.447834
5.435087
5.422860
5.411252
5.400353
5.390254
5.381033
5.372766
5.365518
5.359347
5.354303
5.350426
5.347748
5.346289
5.346062
5.347067
5.349298
5.352737
5.357355
5.363116
5.369974
5.377872
5.386750
5.396535
5.407149
5.418507
5.430517
5.443084
5.456107
5.469482
5.483101
5.496855
5.510635
5.524330
5.537829
5.551026
5.563814
5.576090
5.587758
5.598722
5.608894
5.618195
5.626549
5.633889
5.640156
5.645301
5.649282
5.652066
5.653632
5.653968
5.653070
5.650946
5.647613
5.643096
5.637434
5.630671
5.622860
5.614066
5.604358
5.593813
5.582517
5.570560
5.558038
5.545051
5.531703
5.518101
5.504354
5.490571
5.476865
5.463344
5.450117
5.437289
5.424963
5.413239
5.402210
5.391964
5.382584
5.374144
5.366713
5.360349
5.355104
5.351020
5.348130
5.346456
5.346012
5.346802
5.348819
5.352047
5.356461
5.362025
5.368693
5.376414
5.385125
5.394756
5.405231
5.416464
5.428367
5.440843
5.453794
5.467114
5.480699
5.494437
5.508221
5.521938
5.535480
5.548738
5.561604
5.573978
5.585759
5.596853
5.607171
5.616630
5.625155
5.632677
5.639137
5.644482
5.648669
5.651665
5.653446
5.653998
5.653316
5.651407
5.648283
5.643973
5.638508
5.631935
5.624304
5.615677
5.606123
5.595720
5.584549
5.572702
5.560272
5.547359
5.534066
5.520501
5.506771
5.492987
5.479259
5.465698
5.452411
5.439506
5.427085
5.415248
5.404091
5.393701
5.384163
5.375554
5.367941
5.361386
5.355942
5.351651
5.348549
5.346661
5.346001
5.346574
5.348377
5.351395
5.355602
5.360967
5.367446
5.374986
5.383528
5.393003
5.403336
5.414442
5.426234
5.438617
5.451492
5.464756
5.478301
5.492021
5.505804
5.519541
5.533122
5.546437
5.559380
5.571847
5.583739
5.594960
5.605420
5.615036
5.623730
5.631433
5.638083
5.643626
5.648019
5.651227
5.653223
5.653991
5.653525
5.651830
5.648918
5.644814
5.639549
5.633166
5.625716
5.617260
5.607863
5.597603
5.586561
5.574825
5.562490
5.549654
5.536421
5.522895
5.509187
5.495405
5.481659
5.468060
5.454718
5.441738
5.429224
5.417278
5.405995
5.395465
5.385772
5.376994
5.369202
5.362457
5.356814
5.352319
5.349007
5.346904
5.346027
5.346385
5.347972
5.350778
5.354779
5.359944
5.366231
5.373589
5.381960
5.391277
5.401464
5.412441
5.424120
5.436407
5.449202
5.462405
5.475909
5.489606
5.503386
5.517139
5.530756
5.544125
5.557141
5.569699
5.581699
5.593044
5.603644
5.613413
5.622274
5.630156
5.636995
5.642736
5.647334
5.650751
5.652961
5.653945
5.653696
5.652216
5.649516
5.645618
5.640554
5.634365
5.627098
5.618813
5.609577
5.599462
5.588551
5.576930
5.564693
5.551938
5.538767
5.525285
5.511600
5.497823
5.484063
5.470431
5.457036
5.443984
5.431382
5.419329
5.407923
5.397254
5.387408
5.378465
5.370494
5.363562
5.357723
5.353023
5.349501
5.347184
5.346092
5.346233
5.347605
5.350199
5.353992
5.358955
5.365049
5.372223
5.380421
5.389577
5.399618
5.410462
5.422024
5.434211
5.446925
5.460064
5.473523
5.487194
5.500968
5.514733
5.528381
5.541802
5.554887
5.567533
5.579638
5.591105
5.601842
5.611763
5.620789
5.628847
5.635873
5.641810
5.646612
5.650238
5.652661
5.653862
5.653829
5.652564
5.650077
5.646388
5.641526
5.635530
5.628448
5.620337
5.611263
5.601296
5.590519
5.579016
5.566880
5.554209
5.541103
5.527668
5.514011
5.500242
5.486471
5.472808
5.459363
5.446244
5.433556
5.421400
5.409873
5.399068
5.389072
5.379965
5.371819
5.364701
5.358666
5.353763
5.350032
5.347502
5.346194
5.346119
5.347276
5.349656
5.353241
5.358002
5.363900
5.370889
5.378911
5.387905
5.397796
5.408505
5.419948
5.432032
5.444661
5.457733
5.471143
5.484785
5.498549
5.512324
5.526000
5.539469
5.552620
5.565351
5.577558
5.589144
5.600015
5.610085
5.619274
5.627506
5.634717
5.640850
5.645853
5.649688
5.652324
5.653740
5.653924
5.652875
5.650601
5.647121
5.642462
5.636662
5.629766
5.621832
5.612921
5.603106
5.592465
5.581083
5.569051
5.556466
5.543429
5.530044
5.516418
5.502661
5.488882
5.475193
5.461702
5.448518
5.435746
5.423490
5.411846
5.400908
5.390764
5.381495
5.373176
5.365873
5.359644
5.354539
5.350601
5.347858
5.346335
5.346043
5.346984
5.349151
5.352526
5.357083
5.362785
5.369586
5.377432
5.386260
5.395999
5.406571
5.417892
5.429870
5.442410
5.455412
5.468771
5.482380
5.496130
5.509911
5.523613
5.537126
5.550341
5.563153
5.575459
5.587160
5.598163
5.608380
5.617729
5.626134
5.633529
5.639854
5.645059
5.649101
5.651949
5.653581
5.653981
5.653148
5.651088
5.647818
5.643363
5.637760
5.631053
5.623297
5.614552
5.604890
5.594388
5.583129
5.571205
5.558710
5.545744
5.532413
5.518821
5.505079
5.491296
5.477583
5.464049
5.450804
5.437953
5.425598
5.413840
5.402771
5.392483
5.383055
5.374564
5.367078
5.360657
5.355352
5.351206
5.348252
5.346513
5.346005
5.346730
5.348682
5.351848
5.356200
5.361704
5.368316
5.375983
5.384643
5.394228
5.404660
5.415855
5.427725
5.440174
5.453102
5.466406
5.479979
5.493712
5.507496
5.521220
5.534773
5.548048
5.560939
5.573341
5.585155
5.596287
5.606648
5.616155
5.624731
5.632308
5.638824
5.644228
5.648478
5.651537
5.653383
5.654000
5.653383
5.651537
5.648478
5.644228
5.638824
5.632308
5.624731
5.616155
5.606648
5.596287
5.585155
5.573341
5.560939
5.548048
5.534773
5.521220
5.507496
5.493712
5.479979
5.466406
5.453102
5.440174
5.427725
5.415855
5.404660
5.394228
5.384643
5.375983
5.368316
5.361704
5.356200
5.351848
5.348682
5.346730
5.346005
5.346513
5.348252
5.351206
5.355352
5.360657
5.367078
5.374564
5.383055
5.392483
5.402771
5.413840
5.425598
5.437953
5.450804
5.464049
5.477583
5.491296
5.505079
5.518821
5.532413
5.545744
5.558710
5.571205
5.583129
5.594388
5.604890
5.614552
5.623297
5.631053
5.637760
5.643363
5.647818
5.651088
5.653148
5.653981
5.653581
5.651949
5.649101
5.645059
5.639854
5.633529
5.626134
5.617729
5.608380
5.598163
5.587160
5.575459
5.563153
5.550341
5.537126
5.523613
5.509911
5.496130
5.482380
5.468771
5.455412
5.442410
5.429870
5.417892
5.406571
5.395999
5.386260
5.377432
5.369586
5.362785
5.357083
5.352526
5.349151
5.346984
5.346043
5.346335
5.347858
5.350601
5.354539
5.359644
5.365873
5.373176
5.381495
5.390764
5.400908
5.411846
5.423490
5.435746
5.448518
5.461702
5.475193
5.488882
5.502661
5.516418
5.530044
5.543429
5.556466
5.569051
5.581083
5.592465
5.603106
5.612921
5.621832
5.629766
5.636662
5.642462
5.647121
5.650601
5.652875
5.653924
5.653740
5.652324
5.649688
5.645853
5.640850
5.634717
5.627506
5.619274
5.610085
5.600015
5.589144
5.577558
5.565351
5.552620
5.539469
5.526000
5.512324
5.498549
5.484785
5.471143
5.457733
5.444661
5.432032
5.419948
5.408505
5.397796
5.387905
5.378911
5.370889
5.363900
5.358002
5.353241
5.349656
5.347276
5.346119
5.346194
5.347502
5.350032
5.353763
5.358666
5.364701
5.371819
5.379965
5.389072
5.399068
5.409873
5.421400
5.433556
5.446244
5.459363
5.472808
5.486471
5.500242
5.514011
5.527668
5.541103
5.554209
5.566880
5.579016
5.590519
5.601296
5.611263
5.620337
5.628448
5.635530
5.641526
5.646388
5.650077
5.652564
5.653829
5.653862
5.652661
5.650238
5.646612
5.641810
5.635873
5.628847
5.620789
5.611763
5.601842
5.591105
5.579638
5.567533
5.554887
5.541802
5.528381
5.514733
5.500968
5.487194
5.473523
5.460064
5.446925
5.434211
5.422024
5.410462
5.399618
5.389577
5.380421
5.372223
5.365049
5.358955
5.353992
5.350199
5.347605
5.346233
5.346092
5.347184
5.349501
5.353023
5.357723
5.363562
5.370494
5.378465
5.387408
5.397254
5.407923
5.419329
5.431382
5.443984
5.457036
5.470431
5.484063
5.497823
5.511600
5.525285
5.538767
5.551938
5.564693
5.576930
5.588551
5.599462
5.609577
5.618813
5.627098
5.634365
5.640554
5.645618
5.649516
5.652216
5.653696
5.653945
5.652961
5.650751
5.647334
5.642736
5.636995
5.630156
5.622274
5.613413
5.603644
5.593044
5.581699
5.569699
5.557141
5.544125
5.530756
5.517139
5.503386
5.489606
5.475909
5.462405
5.449202
5.436407
5.424120
5.412441
5.401464
5.391277
5.381960
5.373589
5.366231
5.359944
5.354779
5.350778
5.347972
5.346385
5.346027
5.346904
5.349007
5.352319
5.356814
5.362457
5.369202
5.376994
5.385772
5.395465
5.405995
5.417278
5.429224
5.441738
5.454718
5.468060
5.481659
5.495405
5.509187
5.522895
5.536421
5.549654
5.562490
5.574825
5.586561
5.597603
5.607863
5.617260
5.625716
5.633166
5.639549
5.644814
5.648918
5.651830
5.653525
5.653991
5.653223
5.651227
5.648019
5.643626
5.638083
5.631433
5.623730
5.615036
5.605420
5.594960
5.583739
5.571847
5.559380
5.546437
5.533122
5.519541
5.505804
5.492021
5.478301
5.464756
5.451492
5.438617
5.426234
5.414442
5.403336
5.393003
5.383528
5.374986
5.367446
5.360967
5.355602
5.351395
5.348377
5.346574
5.346001
5.346661
5.348549
5.351651
5.355942
5.361386
5.367941
5.375554
5.384163
5.393701
5.404091
5.415248
5.427085
5.439506
5.452411
5.465698
5.479259
5.492987
5.506771
5.520501
5.534066
5.547359
5.560272
5.572702
5.584549
5.595720
5.606123
5.615677
5.624304
5.631935
5.638508
5.643973
5.648283
5.651407
5.653316
5.653998
5.653446
5.651665
5.648669
5.644482
5.639137
5.632677
5.625155
5.616630
5.607171
5.596853
5.585759
5.573978
5.561604
5.548738
5.535480
5.521938
5.508221
5.494437
5.480699
5.467114
5.453794
5.440843
5.428367
5.416464
5.405231
5.394756
5.385125
5.376414
5.368693
5.362025
5.356461
5.352047
5.348819
5.346802
5.346012
5.346456
5.348130
5.351020
5.355104
5.360349
5.366713
5.374144
5.382584
5.391964
5.402210
5.413239
5.424963
5.437289
5.450117
5.463344
5.476865
5.490571
5.504354
5.518101
5.531703
5.545051
5.558038
5.570560
5.582517
5.593813
5.604358
5.614066
5.622860
5.630671
5.637434
5.643096
5.647613
5.650946
5.653070
5.653968
5.653632
5.652066
5.649282
5.645301
5.640156
5.633889
5.626549
5.618195
5.608894
5.598722
5.587758
5.576090
5.563814
5.551026
5.537829
5.524330
5.510635
5.496855
5.483101
5.469482
5.456107
5.443084
5.430517
5.418507
5.407149
5.396535
5.386750
5.377872
5.369974
5.363116
5.357355
5.352737
5.349298
5.347067
5.346062
5.346289
5.347748
5.350426
5.354303
5.359347
5.365518
5.372766
5.381033
5.390254
5.400353
5.411252
5.422860
5.435087
5.447834
5.460999
5.474477
5.488159
5.501935
5.515697
5.529332
5.542732
5.555790
5.568402
5.580465
5.591883
5.602566
5.612427
5.621387
5.629375
5.636326
5.642185
5.646905
5.650448
5.652786
5.653900
5.653780
5.652430
5.649857
5.646084
5.641141
5.635067
5.627912
5.619731
5.610591
5.600566
5.589735
5.578184
5.566008
5.553302
5.540170
5.526715
5.513047
5.499274
5.485507
5.471857
5.458431
5.445339
5.432684
5.420569
5.409090
5.398340
5.388403
5.379361
5.371285
5.364241
5.358284
5.353463
5.349815
5.347371
5.346149
5.346160
5.347403
5.349869
5.353537
5.358379
5.364356
5.371418
5.379512
5.388570
5.398521
5.409286
5.420776
5.432902
5.445565
5.458664
5.472095
5.485748
5.499516
5.513288
5.526954
5.540403
5.553529
5.566226
5.578393
5.589931
5.600749
5.610760
5.619883
5.628047
5.635184
5.641238
5.646161
5.649913
5.652463
5.653793
5.653891
5.652755
5.650396
5.646832
5.642092
5.636213
5.629243
5.621238
5.612261
5.602385
5.591689
5.580258
5.568185
5.555565
5.542500
5.529094
5.515456
5.501693
5.487917
5.474238
5.460765
5.447607
5.434868
5.422651
5.411054
5.400169
5.390084
5.380880
5.372630
5.365400
5.359249
5.354225
5.350368
5.347712
5.346274
5.346068
5.347096
5.349349
5.352808
5.357446
5.363227
5.370103
5.378020
5.386914
5.396714
5.407342
5.418712
5.430733
5.443309
5.456339
5.469719
5.483341
5.497097
5.510877
5.524569
5.538064
5.551254
5.564034
5.576301
5.587956
5.598907
5.609066
5.618350
5.626687
5.634008
5.640256
5.645381
5.649341
5.652104
5.653649
5.653963
5.653043
5.650898
5.647543
5.643007
5.637325
5.630542
5.622715
5.613903
5.604179
5.593621
5.582313
5.570345
5.557814
5.544819
5.531466
5.517860
5.504112
5.490330
5.476626
5.463109
5.449888
5.437068
5.424752
5.413039
5.402023
5.391792
5.382428
5.374005
5.366592
5.360248
5.355022
5.350959
5.348090
5.346437
5.346015
5.346827
5.348866
5.352115
5.356549
5.362132
5.368820
5.376559
5.385286
5.394933
5.405421
5.416667
5.428581
5.441067
5.454025
5.467351
5.480939
5.494679
5.508462
5.522178
5.535715
5.548967
5.561826
5.574190
5.585959
5.597041
5.607344
5.616788
5.625296
5.632800
5.639240
5.644565
5.648732
5.651707
5.653467
5.653997
5.653294
5.651362
5.648218
5.643887
5.638402
5.631810
5.624161
5.615517
5.605948
5.595531
5.584347
5.572488
5.560049
5.547128
5.533830
5.520261
5.506529
5.492745
5.479020
5.465462
5.452181
5.439283
5.426872
5.415047
5.403902
5.393527
5.384004
5.375412
5.367816
5.361281
5.355856
5.351586
5.348506
5.346639
5.346000
5.346595
5.348420
5.351458
5.355687
5.361072
5.367569
5.375128
5.383687
5.393178
5.403524
5.414643
5.426447
5.438839
5.451722
5.464991
5.478541
5.492262
5.506046
5.519781
5.533358
5.546668
5.559603
5.572061
5.583942
5.595150
5.605597
5.615197
5.623874
5.631559
5.638190
5.643713
5.648086
5.651272
5.653246
5.653993
5.653506
5.651789
5.648857
5.644731
5.639446
5.633044
5.625576
5.617103
5.607690
5.597416
5.586360
5.574614
5.562269
5.549425
5.536186
5.522656
5.508945
5.495163
5.481419
5.467824
5.454487
5.441514
5.429010
5.417075
5.405804
5.395287
5.385610
5.376849
5.369074
5.362349
5.356726
5.352251
5.348959
5.346878
5.346023
5.346402
5.348011
5.350838
5.354860
5.360045
5.366351
5.373727
5.382115
5.391448
5.401650
5.412641
5.424331
5.436627
5.449430
5.462640
5.476148
5.489848
5.503628
5.517380
5.530993
5.544356
5.557365
5.569914
5.581903
5.593236
5.603823
5.613577
5.622421
5.630285
5.637105
5.642827
5.647404
5.650800
5.652988
5.653951
5.653681
5.652179
5.649458
5.645540
5.640455
5.634246
5.626961
5.618659
5.609406
5.599277
5.588353
5.576721
5.564474
5.551710
5.538533
5.525046
5.511359
5.497581
5.483822
5.470193
5.456803
5.443759
5.431165
5.419123
5.407729
5.397074
5.387243
5.378316
5.370364
5.363450
5.357630
5.352951
5.349450
5.347155
5.346084
5.346246
5.347641
5.350255
5.354069
5.359053
5.365166
5.372358
5.380574
5.389746
5.399801
5.410659
5.422233
5.434430
5.447152
5.460298
5.473761
5.487435
5.501210
5.514974
5.528619
5.542035
5.555113
5.567750
5.579845
5.591300
5.602023
5.611929
5.620939
5.628979
5.635986
5.641904
5.646685
5.650291
5.652693
5.653872
5.653818
5.652531
5.650023
5.646313
5.641430
5.635415
5.628314
5.620186
5.611095
5.601114
5.590323
5.578808
5.566662
5.553982
5.540870
5.527430
5.513770
5.500000
5.486230
5.472570
5.459130
5.446018
5.433338
5.421192
5.409677
5.398886
5.388905
5.379814
5.371686
5.364585
5.358570
5.353687
5.349977
5.347469
5.346182
5.346128
5.347307
5.349709
5.353315
5.358096
5.364014
5.371021
5.379061
5.388071
5.397977
5.408700
5.420155
5.432250
5.444887
5.457965
5.471381
5.485026
5.498790
5.512565
5.526239
5.539702
5.552848
5.565570
5.577767
5.589341
5.600199
5.610254
5.619426
5.627642
5.634834
5.640947
5.645931
5.649745
5.652359
5.653754
5.653916
5.652845
5.650550
5.647049
5.642370
5.636550
5.629636
5.621684
5.612757
5.602926
5.592271
5.580877
5.568835
5.556241
5.543197
5.529807
5.516178
5.502419
5.488641
5.474954
5.461467
5.448290
5.435526
5.423279
5.411647
5.400723
5.390594
5.381341
5.373039
5.365754
5.359545
5.354460
5.350542
5.347821
5.346319
5.346049
5.347012
5.349200
5.352596
5.357173
5.362895
5.369715
5.377579
5.386423
5.396177
5.406764
5.418097
5.430086
5.442635
5.455644
5.469007
5.482620
5.496372
5.510152
5.523852
5.537360
5.550570
5.563373
5.575669
5.587359
5.598350
5.608552
5.617885
5.626273
5.633649
5.639955
5.645140
5.649162
5.651989
5.653598
5.653977
5.653122
5.651041
5.647749
5.643274
5.637651
5.630926
5.623151
5.614390
5.604713
5.594196
5.582925
5.570990
5.558486
5.545513
5.532176
5.518581
5.504837
5.491055
5.477344
5.463814
5.450575
5.437731
5.425386
5.413640
5.402584
5.392310
5.382897
5.374424
5.366956
5.360554
5.355269
5.351143
5.348211
5.346494
5.346007
5.346754
5.348728
5.351914
5.356287
5.361810
5.368441
5.376126
5.384803
5.394403
5.404850
5.416058
5.427939
5.440397
5.453332
5.466642
5.480219
5.493954
5.507738
5.521459
5.535009
5.548278
5.561161
5.573553
5.585357
5.596476
5.606822
5.616313
5.624872
5.632431
5.638928
5.644313
5.648542
5.651580
5.653405
5.654000
5.653361
5.651494
5.648414
5.644144
5.638719
5.632184
5.624588
5.615996
5.606473
5.596098
5.584953
5.573128
5.560717
5.547819
5.534538
5.520980
5.507255
5.493471
5.479739
5.466170
5.452872
5.439951
5.427512
5.415653
5.404469
5.394052
5.384483
5.375839
5.368190
5.361598
5.356113
5.351782
5.348638
5.346706
5.346003
5.346533
5.348293
5.351268
5.355435
5.360760
5.367200
5.374704
5.383212
5.392656
5.402959
5.414041
5.425810
5.438174
5.451033
5.464285
5.477822
5.491538
5.505321
5.519061
5.532649
5.545975
5.558933
5.571419
5.583333
5.594579
5.605067
5.614714
5.623441
5.631180
5.637868
5.643451
5.647885
5.651134
5.653173
5.653985
5.653563
5.651910
5.649041
5.644978
5.639752
5.633408
5.625995
5.617572
5.608208
5.597977
5.586961
5.575248
5.562932
5.550112
5.536891
5.523374
5.509670
5.495888
5.482140
5.468534
5.455181
5.442186
5.429655
5.417687
5.406379
5.395821
5.386097
5.377285
5.369458
5.362675
5.356993
5.352457
5.349102
5.346957
5.346037
5.346351
5.347896
5.350659
5.354619
5.359744
5.365992
5.373313
5.381650
5.390934
5.401093
5.412044
5.423699
5.435966
5.448746
5.461936
5.475431
5.489123
5.502903
5.516659
5.530281
5.543661
5.556691
5.569267
5.581288
5.592658
5.603286
5.613086
5.621980
5.629897
5.636773
5.642554
5.647192
5.650651
5.652904
5.653932
5.653726
5.652288
5.649632
5.645775
5.640751
5.634600
5.627370
5.619120
5.609916
5.599831
5.588946
5.577349
5.565132
5.552393
5.539235
5.525762
5.512083
5.498307
5.484544
5.470906
5.457500
5.444435
5.431815
5.419742
5.408311
5.397615
5.387739
5.378762
5.370757
5.363787
5.357908
5.353168
5.349604
5.347245
5.346109
5.346207
5.347537
5.350087
5.353839
5.358762
5.364816
5.371953
5.380117
5.389240
5.399251
5.410069
5.421607
5.433774
5.446471
5.459597
5.473046
5.486712
5.500484
5.514252
5.527905
5.541336
5.554435
5.567098
5.579224
5.590714
5.601479
5.611430
5.620488
5.628582
5.635644
5.641621
5.646463
5.650131
5.652597
5.653840
5.653851
5.652629
5.650185
5.646537
5.641716
5.635759
5.628715
5.620639
5.611597
5.601660
5.590910
5.579431
5.567316
5.554661
5.541569
5.528143
5.514493
5.500726
5.486953
5.473285
5.459830
5.446698
5.433992
5.421816
5.410265
5.399434
5.389409
5.380269
5.372088
5.364933
5.358859
5.353916
5.350143
5.347570
5.346220
5.346100
5.347214
5.349552
5.353095
5.357815
5.363674
5.370625
5.378613
5.387573
5.397434
5.408117
5.419535
5.431598
5.444210
5.457268
5.470668
5.484303
5.498065
5.511841
5.525523
5.539001
5.552166
5.564913
5.577140
5.588748
5.599647
5.609746
5.618967
5.627234
5.634482
5.640653
5.645697
5.649574
5.652252
5.653711
5.653938
5.652933
5.650702
5.647263
5.642645
5.636884
5.630026
5.622128
5.613250
5.603465
5.592851
5.581493
5.569483
5.556916
5.543893
5.530518
5.516899
5.503145
5.489365
5.475670
5.462171
5.448974
5.436186
5.423910
5.412242
5.401278
5.391106
5.381805
5.373451
5.366111
5.359844
5.354699
5.350718
5.347934
5.346368
5.346032
5.346930
5.349054
5.352387
5.356904
5.362566
5.369329
5.377140
5.385934
5.395642
5.406187
5.417483
5.429440
5.441962
5.454949
5.468297
5.481899
5.495646
5.509429
5.523135
5.536656
5.549883
5.562711
5.575037
5.586761
5.597790
5.608036
5.617416
5.625856
5.633287
5.639651
5.644896
5.648980
5.651870
5.653544
5.653988
5.653198
5.651181
5.647953
5.643539
5.637975
5.631307
5.623586
5.614875
5.605244
5.594769
5.583536
5.571633
5.559157
5.546206
5.532886
5.519301
5.505563
5.491779
5.478062
5.464520
5.451262
5.438396
5.426022
5.414241
5.403147
5.392829
5.383370
5.374845
5.367323
5.360863
5.355518
5.351331
5.348335
5.346554
5.346002
5.346684
5.348593
5.351717
5.356027
5.361492
5.368065
5.375696
5.384323
5.393877
5.404280
5.415451
5.427298
5.439728
5.452641
5.465934
5.479499
5.493229
5.507013
5.520741
5.534302
5.547589
5.560494
5.572915
5.584752
5.595909
5.606299
5.615837
5.624446
5.632059
5.638614
5.644058
5.648349
5.651451
5.653339
5.653999
5.653426
5.651623
5.648605
5.644398
5.639033
5.632554
5.625014
5.616472
5.606997
5.596664
5.585558
5.573766
5.561383
5.548508
5.535244
5.521699
5.507979
5.494196
5.480459
5.466878
5.453563
5.440620
5.428153
5.416261
5.405040
5.394580
5.384964
5.376270
5.368567
5.361917
5.356374
5.351981
5.348773
5.346777
5.346009
5.346475
5.348170
5.351082
5.355186
5.360451
5.366834
5.374284
5.382740
5.392137
5.402397
5.413439
5.425175
5.437510
5.450346
5.463579
5.477105
5.490813
5.504595
5.518341
5.531940
5.545282
5.558262
5.570776
5.582722
5.594005
5.604535
5.614228
5.623006
5.630798
5.637543
5.643186
5.647681
5.650993
5.653096
5.653973
5.653615
5.652028
5.649222
5.645221
5.640056
5.633769
5.626411
5.618040
5.608723
5.598536
5.587559
5.575880
5.563593
5.550798
5.537595
5.524091
5.510394
5.496614
5.482861
5.469244
5.455875
5.442859
5.430301
5.418301
5.406956
5.396356
5.386587
5.377726
5.369844
5.363005
5.357264
5.352666
5.349249
5.347039
5.346055
5.346304
5.347784
5.350484
5.354382
5.359446
5.365635
5.372902
5.381187
5.390423
5.400538
5.411449
5.423070
5.435307
5.448062
5.461233
5.474715
5.488400
5.502177
5.515937
5.529569
5.542964
5.556016
5.568618
5.580671
5.592077
5.602746
5.612592
5.621535
5.629506
5.636438
5.642277
5.646977
5.650499
5.652816
5.653908
5.653767
5.652395
5.649801
5.646008
5.641045
5.634951
5.627777
5.619579
5.610423
5.600382
5.589538
5.577976
5.565789
5.553075
5.539936
5.526477
5.512806
5.499032
5.485267
5.471619
5.458198
5.445113
5.432467
5.420362
5.408895
5.398158
5.388237
5.379211
5.371153
5.364127
5.358190
5.353388
5.349762
5.347339
5.346138
5.346171
5.347436
5.349923
5.353612
5.358474
5.364470
5.371552
5.379663
5.388737
5.398704
5.409481
5.420984
5.433120
5.445791
5.458897
5.472332
5.485989
5.499758
5.513529
5.527192
5.540637
5.553756
5.566444
5.578600
5.590127
5.600932
5.610928
5.620035
5.628181
5.635299
5.641334
5.646237
5.649968
5.652498
5.653806
5.653881
5.652724
5.650344
5.646759
5.641998
5.636100
5.629111
5.621089
5.612095
5.602204
5.591495
5.580052
5.567968
5.555339
5.542267
5.528857
5.515215
5.501451
5.487676
5.474000
5.460531
5.447380
5.434649
5.422442
5.410856
5.399985
5.389915
5.380726
5.372494
5.365283
5.359150
5.354147
5.350312
5.347676
5.346260
5.346076
5.347125
5.349399
5.352879
5.357538
5.363338
5.370234
5.378168
5.387079
5.396894
5.407535
5.418917
5.430949
5.443534
5.456571
5.469956
5.483582
5.497339
5.511118
5.524807
5.538298
5.551482
5.564254
5.576510
5.588154
5.599092
5.609236
5.618505
5.626824
5.634127
5.640356
5.645461
5.649399
5.652142
5.653665
5.653957
5.653016
5.650849
5.647474
5.642917
5.637215
5.630414
5.622568
5.613740
5.604001
5.593429
5.582108
5.570130
5.557590
5.544588
5.531229
5.517620
5.503870
5.490089
5.476387
5.462874
5.449659
5.436847
5.424541
5.412840
5.401837
5.391620
5.382271
5.373866
5.366471
5.360146
5.354941
5.350899
5.348051
5.346419
5.346019
5.346852
5.348912
5.352182
5.356637
5.362240
5.368947
5.376703
5.385448
5.395110
5.405612
5.416871
5.428795
5.441290
5.454256
5.467587
5.481179
5.494921
5.508704
5.522417
5.535951
5.549196
5.562047
5.574402
5.586160
5.597229
5.607517
5.616945
5.625436
5.632922
5.639343
5.644648
5.648794
5.651748
5.653487
5.653995
5.653270
5.651318
5.648152
5.643800
5.638296
5.631684
5.624017
5.615357
5.605772
5.595340
5.584145
5.572275
5.559826
5.546898
5.533594
5.520021
5.506288
5.492504
5.478780
5.465227
5.451952
5.439061
5.426659
5.414845
5.403713
5.393352
5.383845
5.375269
5.367692
5.361176
5.355772
5.351522
5.348463
5.346617
5.346000
5.346617
5.348463
5.351522
5.355772
5.361176
5.367692
5.375269
5.383845
5.393352
5.403713
5.414845
5.426659
5.439061
5.451952
5.465227
5.478780
5.492504
5.506288
5.520021
5.533594
5.546898
5.559826
5.572275
5.584145
5.595340
5.605772
5.615357
5.624017
5.631684
5.638296
5.643800
5.648152
5.651318
5.653270
5.653995
5.653487
5.651748
5.648794
5.644648
5.639343
5.632922
5.625436
5.616945
5.607517
5.597229
5.586160
5.574402
5.562047
5.549196
5.535951
5.522417
5.508704
5.494921
5.481179
5.467587
5.454256
5.441290
5.428795
5.416871
5.405612
5.395110
5.385448
5.376703
5.368947
5.362240
5.356637
5.352182
5.348912
5.346852
5.346019
5.346419
5.348051
5.350899
5.354941
5.360146
5.366471
5.373866
5.382271
5.391620
5.401837
5.412840
5.424541
5.436847
5.449659
5.462874
5.476387
5.490089
5.503870
5.517620
5.531229
5.544588
5.557590
5.570130
5.582108
5.593429
5.604001
5.613740
5.622568
5.630414
5.637215
5.642917
5.647474
5.650849
5.653016
5.653957
5.653665
5.652142
5.649399
5.645461
5.640356
5.634127
5.626824
5.618505
5.609236
5.599092
5.588154
5.576510
5.564254
5.551482
5.538298
5.524807
5.511118
5.497339
5.483582
5.469956
5.456571
5.443534
5.430949
5.418917
5.407535
5.396894
5.387079
5.378168
5.370234
5.363338
5.357538
5.352879
5.349399
5.347125
5.346076
5.346260
5.347676
5.350312
5.354147
5.359150
5.365283
5.372494
5.380726
5.389915
5.399985
5.410856
5.422442
5.434649
5.447380
5.460531
5.474000
5.487676
5.501451
5.515215
5.528857
5.542267
5.555339
5.567968
5.580052
5.591495
5.602204
5.612095
5.621089
5.629111
5.636100
5.641998
5.646759
5.650344
5.652724
5.653881
5.653806
5.652498
5.649968
5.646237
5.641334
5.635299
5.628181
5.620035
5.610928
5.600932
5.590127
5.578600
5.566444
5.553756
5.540637
5.527192
5.513529
5.499758
5.485989
5.472332
5.458897
5.445791
5.433120
5.420984
5.409481
5.398704
5.388737
5.379663
5.371552
5.364470
5.358474
5.353612
5.349923
5.347436
5.346171
5.346138
5.347339
5.349762
5.353388
5.358190
5.364127
5.371153
5.379211
5.388237
5.398158
5.408895
5.420362
5.432467
5.445113
5.458198
5.471619
5.485267
5.499032
5.512806
5.526477
5.539936
5.553075
5.565789
5.577976
5.589538
5.600382
5.610423
5.619579
5.627777
5.634951
5.641045
5.646008
5.649801
5.652395
5.653767
5.653908
5.652816
5.650499
5.646977
5.642277
5.636438
5.629506
5.621535
5.612592
5.602746
5.592077
5.580671
5.568618
5.556016
5.542964
5.529569
5.515937
5.502177
5.488400
5.474715
5.461233
5.448062
5.435307
5.423070
5.411449
5.400538
5.390423
5.381187
5.372902
5.365635
5.359446
5.354382
5.350484
5.347784
5.346304
5.346055
5.347039
5.349249
5.352666
5.357264
5.363005
5.369844
5.377726
5.386587
5.396356
5.406956
5.418301
5.430301
5.442859
5.455875
5.469244
5.482861
5.496614
5.510394
5.524091
5.537595
5.550798
5.563593
5.575880
5.587559
5.598536
5.608723
5.618040
5.626411
5.633769
5.640056
5.645221
5.649222
5.652028
5.653615
5.653973
5.653096
5.650993
5.647681
5.643186
5.637543
5.630798
5.623006
5.614228
5.604535
5.594005
5.582722
5.570776
5.558262
5.545282
5.531940
5.518341
5.504595
5.490813
5.477105
5.463579
5.450346
5.437510
5.425175
5.413439
5.402397
5.392137
5.382740
5.374284
5.366834
5.360451
5.355186
5.351082
5.348170
5.346475
5.346009
5.346777
5.348773
5.351981
5.356374
5.361917
5.368567
5.376270
5.384964
5.394580
5.405040
5.416261
5.428153
5.440620
5.453563
5.466878
5.480459
5.494196
5.507979
5.521699
5.535244
5.548508
5.561383
5.573766
5.585558
5.596664
5.606997
5.616472
5.625014
5.632554
5.639033
5.644398
5.648605
5.651623
5.653426
5.653999
5.653339
5.651451
5.648349
5.644058
5.638614
5.632059
5.624446
5.615837
5.606299
5.595909
5.584752
5.572915
5.560494
5.547589
5.534302
5.520741
5.507013
5.493229
5.479499
5.465934
5.452641
5.439728
5.427298
5.415451
5.404280
5.393877
5.384323
5.375696
5.368065
5.361492
5.356027
5.351717
5.348593
5.346684
5.346002
5.346554
5.348335
5.351331
5.355518
5.360863
5.367323
5.374845
5.383370
5.392829
5.403147
5.414241
5.426022
5.438396
5.451262
5.464520
5.478062
5.491779
5.505563
5.519301
5.532886
5.546206
5.559157
5.571633
5.583536
5.594769
5.605244
5.614875
5.623586
5.631307
5.637975
5.643539
5.647953
5.651181
5.653198
5.653988
5.653544
5.651870
5.648980
5.644896
5.639651
5.633287
5.625856
5.617416
5.608036
5.597790
5.586761
5.575037
5.562711
5.549883
5.536656
5.523135
5.509429
5.495646
5.481899
5.468297
5.454949
5.441962
5.429440
5.417483
5.406187
5.395642
5.385934
5.377140
5.369329
5.362566
5.356904
5.352387
5.349054
5.346930
5.346032
5.346368
5.347934
5.350718
5.354699
5.359844
5.366111
5.373451
5.381805
5.391106
5.401278
5.412242
5.423910
5.436186
5.448974
5.462171
5.475670
5.489365
5.503145
5.516899
5.530518
5.543893
5.556916
5.569483
5.581493
5.592851
5.603465
5.613250
5.622128
5.630026
5.636884
5.642645
5.647263
5.650702
5.652933
5.653938
5.653711
5.652252
5.649574
5.645697
5.640653
5.634482
5.627234
5.618967
5.609746
5.599647
5.588748
5.577140
5.564913
5.552166
5.539001
5.525523
5.511841
5.498065
5.484303
5.470668
5.457268
5.444210
5.431598
5.419535
5.408117
5.397434
5.387573
5.378613
5.370625
5.363674
5.357815
5.353095
5.349552
5.347214
5.346100
5.346220
5.347570
5.350143
5.353916
5.358859
5.364933
5.372088
5.380269
5.389409
5.399434
5.410265
5.421816
5.433992
5.446698
5.459830
5.473285
5.486953
5.500726
5.514493
5.528143
5.541569
5.554661
5.567316
5.579431
5.590910
5.601660
5.611597
5.620639
5.628715
5.635759
5.641716
5.646537
5.650185
5.652629
5.653851
5.653840
5.652597
5.650131
5.646463
5.641621
5.635644
5.628582
5.620488
5.611430
5.601479
5.590714
5.579224
5.567098
5.554435
5.541336
5.527905
5.514252
5.500484
5.486712
5.473046
5.459597
5.446471
5.433774
5.421607
5.410069
5.399251
5.389240
5.380117
5.371953
5.364816
5.358762
5.353839
5.350087
5.347537
5.346207
5.346109
5.347245
5.349604
5.353168
5.357908
5.363787
5.370757
5.378762
5.387739
5.397615
5.408311
5.419742
5.431815
5.444435
5.457500
5.470906
5.484544
5.498307
5.512083
5.525762
5.539235
5.552393
5.565132
5.577349
5.588946
5.599831
5.609916
5.619120
5.627370
5.634600
5.640751
5.645775
5.649632
5.652288
5.653726
5.653932
5.652904
5.650651
5.647192
5.642554
5.636773
5.629897
5.621980
5.613086
5.603286
5.592658
5.581288
5.569267
5.556691
5.543661
5.530281
5.516659
5.502903
5.489123
5.475431
5.461936
5.448746
5.435966
5.423699
5.412044
5.401093
5.390934
5.381650
5.373313
5.365992
5.359744
5.354619
5.350659
5.347896
5.346351
5.346037
5.346957
5.349102
5.352457
5.356993
5.362675
5.369458
5.377285
5.386097
5.395821
5.406379
5.417687
5.429655
5.442186
5.455181
5.468534
5.482140
5.495888
5.509670
5.523374
5.536891
5.550112
5.562932
5.575248
5.586961
5.597977
5.608208
5.617572
5.625995
5.633408
5.639752
5.644978
5.649041
5.651910
5.653563
5.653985
5.653173
5.651134
5.647885
5.643451
5.637868
5.631180
5.623441
5.614714
5.605067
5.594579
5.583333
5.571419
5.558933
5.545975
5.532649
5.519061
5.505321
5.491538
5.477822
5.464285
5.451033
5.438174
5.425810
5.414041
5.402959
5.392656
5.383212
5.374704
5.367200
5.360760
5.355435
5.351268
5.348293
5.346533
5.346003
5.346706
5.348638
5.351782
5.356113
5.361598
5.368190
5.375839
5.384483
5.394052
5.404469
5.415653
5.427512
5.439951
5.452872
5.466170
5.479739
5.493471
5.507255
5.520980
5.534538
5.547819
5.560717
5.573128
5.584953
5.596098
5.606473
5.615996
5.624588
5.632184
5.638719
5.644144
5.648414
5.651494
5.653361
5.654000
5.653405
5.651580
5.648542
5.644313
5.638928
5.632431
5.624872
5.616313
5.606822
5.596476
5.585357
5.573553
5.561161
5.548278
5.535009
5.521459
5.507738
5.493954
5.480219
5.466642
5.453332
5.440397
5.427939
5.416058
5.404850
5.394403
5.384803
5.376126
5.368441
5.361810
5.356287
5.351914
5.348728
5.346754
5.346007
5.346494
5.348211
5.351143
5.355269
5.360554
5.366956
5.374424
5.382897
5.392310
5.402584
5.413640
5.425386
5.437731
5.450575
5.463814
5.477344
5.491055
5.504837
5.518581
5.532176
5.545513
5.558486
5.570990
5.582925
5.594196
5.604713
5.614390
5.623151
5.630926
5.637651
5.643274
5.647749
5.651041
5.653122
5.653977
5.653598
5.651989
5.649162
5.645140
5.639955
5.633649
5.626273
5.617885
5.608552
5.598350
5.587359
5.575669
5.563373
5.550570
5.537360
5.523852
5.510152
5.496372
5.482620
5.469007
5.455644
5.442635
5.430086
5.418097
5.406764
5.396177
5.386423
5.377579
5.369715
5.362895
5.357173
5.352596
5.349200
5.347012
5.346049
5.346319
5.347821
5.350542
5.354460
5.359545
5.365754
5.373039
5.381341
5.390594
5.400723
5.411647
5.423279
5.435526
5.448290
5.461467
5.474954
5.488641
5.502419
5.516178
5.529807
5.543197
5.556241
5.568835
5.580877
5.592271
5.602926
5.612757
5.621684
5.629636
5.636550
5.642370
5.647049
5.650550
5.652845
5.653916
5.653754
5.652359
5.649745
5.645931
5.640947
5.634834
5.627642
5.619426
5.610254
5.600199
5.589341
5.577767
5.565570
5.552848
5.539702
5.526239
5.512565
5.498790
5.485026
5.471381
5.457965
5.444887
5.432250
5.420155
5.408700
5.397977
5.388071
5.379061
5.371021
5.364014
5.358096
5.353315
5.349709
5.347307
5.346128
5.346182
5.347469
5.349977
5.353687
5.358570
5.364585
5.371686
5.379814
5.388905
5.398886
5.409677
5.421192
5.433338
5.446018
5.459130
5.472570
5.486230
5.500000
5.513770
5.527430
5.540870
5.553982
5.566662
5.578808
5.590323
5.601114
5.611095
5.620186
5.628314
5.635415
5.641430
5.646313
5.650023
5.652531
5.653818
5.653872
5.652693
5.650291
5.646685
5.641904
5.635986
5.628979
5.620939
5.611929
5.602023
5.591300
5.579845
5.567750
5.555113
5.542035
5.528619
5.514974
5.501210
5.487435
5.473761
5.460298
5.447152
5.434430
5.422233
5.410659
5.399801
5.389746
5.380574
5.372358
5.365166
5.359053
5.354069
5.350255
5.347641
5.346246
5.346084
5.347155
5.349450
5.352951
5.357630
5.363450
5.370364
5.378316
5.387243
5.397074
5.407729
5.419123
5.431165
5.443759
5.456803
5.470193
5.483822
5.497581
5.511359
5.525046
5.538533
5.551710
5.564474
5.576721
5.588353
5.599277
5.609406
5.618659
5.626961
5.634246
5.640455
5.645540
5.649458
5.652179
5.653681
5.653951
5.652988
5.650800
5.647404
5.642827
5.637105
5.630285
5.622421
5.613577
5.603823
5.593236
5.581903
5.569914
5.557365
5.544356
5.530993
5.517380
5.503628
5.489848
5.476148
5.462640
5.449430
5.436627
5.424331
5.412641
5.401650
5.391448
5.382115
5.373727
5.366351
5.360045
5.354860
5.350838
5.348011
5.346402
5.346023
5.346878
5.348959
5.352251
5.356726
5.362349
5.369074
5.376849
5.385610
5.395287
5.405804
5.417075
5.429010
5.441514
5.454487
5.467824
5.481419
5.495163
5.508945
5.522656
5.536186
5.549425
5.562269
5.574614
5.586360
5.597416
5.607690
5.617103
5.625576
5.633044
5.639446
5.644731
5.648857
5.651789
5.653506
5.653993
5.653246
5.651272
5.648086
5.643713
5.638190
5.631559
5.623874
5.615197
5.605597
5.595150
5.583942
5.572061
5.559603
5.546668
5.533358
5.519781
5.506046
5.492262
5.478541
5.464991
5.451722
5.438839
5.426447
5.414643
5.403524
5.393178
5.383687
5.375128
5.367569
5.361072
5.355687
5.351458
5.348420
5.346595
5.346000
5.346639
5.348506
5.351586
5.355856
5.361281
5.367816
5.375412
5.384004
5.393527
5.403902
5.415047
5.426872
5.439283
5.452181
5.465462
5.479020
5.492745
5.506529
5.520261
5.533830
5.547128
5.560049
5.572488
5.584347
5.595531
5.605948
5.615517
5.624161
5.631810
5.638402
5.643887
5.648218
5.651362
5.653294
5.653997
5.653467
5.651707
5.648732
5.644565
5.639240
5.632800
5.625296
5.616788
5.607344
5.597041
5.585959
5.574190
5.561826
5.548967
5.535715
5.522178
5.508462
5.494679
5.480939
5.467351
5.454025
5.441067
5.428581
5.416667
5.405421
5.394933
5.385286
5.376559
5.368820
5.362132
5.356549
5.352115
5.348866
5.346827
5.346015
5.346437
5.348090
5.350959
5.355022
5.360248
5.366592
5.374005
5.382428
5.391792
5.402023
5.413039
5.424752
5.437068
5.449888
5.463109
5.476626
5.490330
5.504112
5.517860
5.531466
5.544819
5.557814
5.570345
5.582313
5.593621
5.604179
5.613903
5.622715
5.630542
5.637325
5.643007
5.647543
5.650898
5.653043
5.653963
5.653649
5.652104
5.649341
5.645381
5.640256
5.634008
5.626687
5.618350
5.609066
5.598907
5.587956
5.576301
5.564034
5.551254
5.538064
5.524569
5.510877
5.497097
5.483341
5.469719
5.456339
5.443309
5.430733
5.418712
5.407342
5.396714
5.386914
5.378020
5.370103
5.363227
5.357446
5.352808
5.349349
5.347096
5.346068
5.346274
5.347712
5.350368
5.354225
5.359249
5.365400
5.372630
5.380880
5.390084
5.400169
5.411054
5.422651
5.434868
5.447607
5.460765
5.474238
5.487917
5.501693
5.515456
5.529094
5.542500
5.555565
5.568185
5.580258
5.591689
5.602385
5.612261
5.621238
5.629243
5.636213
5.642092
5.646832
5.650396
5.652755
5.653891
5.653793
5.652463
5.649913
5.646161
5.641238
5.635184
5.628047
5.619883
5.610760
5.600749
5.589931
5.578393
5.566226
5.553529
5.540403
5.526954
5.513288
5.499516
5.485748
5.472095
5.458664
5.445565
5.432902
5.420776
5.409286
5.398521
5.388570
5.379512
5.371418
5.364356
5.358379
5.353537
5.349869
5.347403
5.346160
5.346149
5.347371
5.349815
5.353463
5.358284
5.364241
5.371285
5.379361
5.388403
5.398340
5.409090
5.420569
5.432684
5.445339
5.458431
5.471857
5.485507
5.499274
5.513047
5.526715
5.540170
5.553302
5.566008
5.578184
5.589735
5.600566
5.610591
5.619731
5.627912
5.635067
5.641141
5.646084
5.649857
5.652430
5.653780
5.653900
5.652786
5.650448
5.646905
5.642185
5.636326
5.629375
5.621387
5.612427
5.602566
5.591883
5.580465
5.568402
5.555790
5.542732
5.529332
5.515697
5.501935
5.488159
5.474477
5.460999
5.447834
5.435087
5.422860
5.411252
5.400353
5.390254
5.381033
5.372766
5.365518
5.359347
5.354303
5.350426
5.347748
5.346289
5.346062
5.347067
5.349298
5.352737
5.357355
5.363116
5.369974
5.377872
5.386750
5.396535
5.407149
5.418507
5.430517
5.443084
5.456107
5.469482
5.483101
5.496855
5.510635
5.524330
5.537829
5.551026
5.563814
5.576090
5.587758
5.598722
5.608894
5.618195
5.626549
5.633889
5.640156
5.645301
5.649282
5.652066
5.653632
5.653968
5.653070
5.650946
5.647613
5.643096
5.637434
5.630671
5.622860
5.614066
5.604358
5.593813
5.582517
5.570560
5.558038
5.545051
5.531703
5.518101
5.504354
5.490571
5.476865
5.463344
5.450117
5.437289
5.424963
5.413239
5.402210
5.391964
5.382584
5.374144
5.366713
5.360349
5.355104
5.351020
5.348130
5.346456
5.346012
5.346802
5.348819
5.352047
5.356461
5.362025
5.368693
5.376414
5.385125
5.394756
5.405231
5.416464
5.428367
5.440843
5.453794
5.467114
5.480699
5.494437
5.508221
5.521938
5.535480
5.548738
5.561604
5.573978
5.585759
5.596853
5.607171
5.616630
5.625155
5.632677
5.639137
5.644482
5.648669
5.651665
5.653446
5.653998
5.653316
5.651407
5.648283
5.643973
5.638508
5.631935
5.624304
5.615677
5.606123
5.595720
5.584549
5.572702
5.560272
5.547359
5.534066
5.520501
5.506771
5.492987
5.479259
5.465698
5.452411
5.439506
5.427085
5.415248
5.404091
5.393701
5.384163
5.375554
5.367941
5.361386
5.355942
5.351651
5.348549
5.346661
5.346001
5.346574
5.348377
5.351395
5.355602
5.360967
5.367446
5.374986
5.383528
5.393003
5.403336
5.414442
5.426234
5.438617
5.451492
5.464756
5.478301
5.492021
5.505804
5.519541
5.533122
5.546437
5.559380
5.571847
5.583739
5.594960
5.605420
5.615036
5.623730
5.631433
5.638083
5.643626
5.648019
5.651227
5.653223
5.653991
5.653525
5.651830
5.648918
5.644814
5.639549
5.633166
5.625716
5.617260
5.607863
5.597603
5.586561
5.574825
5.562490
5.549654
5.536421
5.522895
5.509187
5.495405
5.481659
5.468060
5.454718
5.441738
5.429224
5.417278
5.405995
5.395465
5.385772
5.376994
5.369202
5.362457
5.356814
5.352319
5.349007
5.346904
5.346027
5.346385
5.347972
5.350778
5.354779
5.359944
5.366231
5.373589
5.381960
5.391277
5.401464
5.412441
5.424120
5.436407
5.449202
5.462405
5.475909
5.489606
5.503386
5.517139
5.530756
5.544125
5.557141
5.569699
5.581699
5.593044
5.603644
5.613413
5.622274
5.630156
5.636995
5.642736
5.647334
5.650751
5.652961
5.653945
5.653696
5.652216
5.649516
5.645618
5.640554
5.634365
5.627098
5.618813
5.609577
5.599462
5.588551
5.576930
5.564693
5.551938
5.538767
5.525285
5.511600
5.497823
5.484063
5.470431
5.457036
5.443984
5.431382
5.419329
5.407923
5.397254
5.387408
5.378465
5.370494
5.363562
5.357723
5.353023
5.349501
5.347184
5.346092
5.346233
5.347605
5.350199
5.353992
5.358955
5.365049
5.372223
5.380421
5.389577
5.399618
5.410462
5.422024
5.434211
5.446925
5.460064
5.473523
5.487194
5.500968
5.514733
5.528381
5.541802
5.554887
5.567533
5.579638
5.591105
5.601842
5.611763
5.620789
5.628847
5.635873
5.641810
5.646612
5.650238
5.652661
5.653862
5.653829
5.652564
5.650077
5.646388
5.641526
5.635530
5.628448
5.620337
5.611263
5.601296
5.590519
5.579016
5.566880
5.554209
5.541103
5.527668
5.514011
5.500242
5.486471
5.472808
5.459363
5.446244
5.433556
5.421400
5.409873
5.399068
5.389072
5.379965
5.371819
5.364701
5.358666
5.353763
5.350032
5.347502
5.346194
5.346119
5.347276
5.349656
5.353241
5.358002
5.363900
5.370889
5.378911
5.387905
5.397796
5.408505
5.419948
5.432032
5.444661
5.457733
5.471143
5.484785
5.498549
5.512324
5.526000
5.539469
5.552620
5.565351
5.577558
5.589144
5.600015
5.610085
5.619274
5.627506
5.634717
5.640850
5.645853
5.649688
5.652324
5.653740
5.653924
5.652875
5.650601
5.647121
5.642462
5.636662
5.629766
5.621832
5.612921
5.603106
5.592465
5.581083
5.569051
5.556466
5.543429
5.530044
5.516418
5.502661
5.488882
5.475193
5.461702
5.448518
5.435746
5.423490
5.411846
5.400908
5.390764
5.381495
5.373176
5.365873
5.359644
5.354539
5.350601
5.347858
5.346335
5.346043
5.346984
5.349151
5.352526
5.357083
5.362785
5.369586
5.377432
5.386260
5.395999
5.406571
5.417892
5.429870
5.442410
5.455412
5.468771
5.482380
5.496130
5.509911
5.523613
5.537126
5.550341
5.563153
5.575459
5.587160
5.598163
5.608380
5.617729
5.626134
5.633529
5.639854
5.645059
5.649101
5.651949
5.653581
5.653981
5.653148
5.651088
5.647818
5.643363
5.637760
5.631053
5.623297
5.614552
5.604890
5.594388
5.583129
5.571205
5.558710
5.545744
5.532413
5.518821
5.505079
5.491296
5.477583
5.464049
5.450804
5.437953
5.425598
5.413840
5.402771
5.392483
5.383055
5.374564
5.367078
5.360657
5.355352
5.351206
5.348252
5.346513
5.346005
5.346730
5.348682
5.351848
5.356200
5.361704
5.368316
5.375983
5.384643
5.394228
5.404660
5.415855
5.427725
5.440174
5.453102
5.466406
5.479979
5.493712
5.507496
5.521220
5.534773
5.548048
5.560939
5.573341
5.585155
5.596287
5.606648
5.616155
5.624731
5.632308
5.638824
5.644228
5.648478
5.651537
5.653383
5.654000
5.653383
5.651537
5.648478
5.644228
5.638824
5.632308
5.624731
5.616155
5.606648
5.596287
5.585155
5.573341
5.560939
5.548048
5.534773
5.521220
5.507496
5.493712
5.479979
5.466406
5.453102
5.440174
5.427725
5.415855
5.404660
5.394228
5.384643
5.375983
5.368316
5.361704
5.356200
5.351848
5.348682
5.346730
5.346005
5.346513
5.348252
5.351206
5.355352
5.360657
5.367078
5.374564
5.383055
5.392483
5.402771
5.413840
5.425598
5.437953
5.450804
5.464049
5.477583
5.491296
5.505079
5.518821
5.532413
5.545744
5.558710
5.571205
5.583129
5.594388
5.604890
5.614552
5.623297
5.631053
5.637760
5.643363
5.647818
5.651088
5.653148
5.653981
5.653581
5.651949
5.649101
5.645059
5.639854
5.633529
5.626134
5.617729
5.608380
5.598163
5.587160
5.575459
5.563153
5.550341
5.537126
5.523613
5.509911
5.496130
5.482380
5.468771
5.455412
5.442410
5.429870
5.417892
5.406571
5.395999
5.386260
5.377432
5.369586
5.362785
5.357083
5.352526
5.349151
5.346984
5.346043
5.346335
5.347858
5.350601
5.354539
5.359644
5.365873
5.373176
5.381495
5.390764
5.400908
5.411846
5.423490
5.435746
5.448518
5.461702
5.475193
5.488882
5.502661
5.516418
5.530044
5.543429
5.556466
5.569051
5.581083
5.592465
5.603106
5.612921
5.621832
5.629766
5.636662
5.642462
5.647121
5.650601
5.652875
5.653924
5.653740
5.652324
5.649688
5.645853
5.640850
5.634717
5.627506
5.619274
5.610085
5.600015
5.589144
5.577558
5.565351
5.552620
5.539469
5.526000
5.512324
5.498549
5.484785
5.471143
5.457733
5.444661
5.432032
5.419948
5.408505
5.397796
5.387905
5.378911
5.370889
5.363900
5.358002
5.353241
5.349656
5.347276
5.346119
5.346194
5.347502
5.350032
5.353763
5.358666
5.364701
5.371819
5.379965
5.389072
5.399068
5.409873
5.421400
5.433556
5.446244
5.459363
5.472808
5.486471
5.500242
5.514011
5.527668
5.541103
5.554209
5.566880
5.579016
5.590519
5.601296
5.611263
5.620337
5.628448
5.635530
5.641526
5.646388
5.650077
5.652564
5.653829
5.653862
5.652661
5.650238
5.646612
5.641810
5.635873
5.628847
5.620789
5.611763
5.601842
5.591105
5.579638
5.567533
5.554887
5.541802
5.528381
5.514733
5.500968
5.487194
5.473523
5.460064
5.446925
5.434211
5.422024
5.410462
5.399618
5.389577
5.380421
5.372223
5.365049
5.358955
5.353992
5.350199
5.347605
5.346233
5.346092
5.347184
5.349501
5.353023
5.357723
5.363562
5.370494
5.378465
5.387408
5.397254
5.407923
5.419329
5.431382
5.443984
5.457036
5.470431
5.484063
5.497823
5.511600
5.525285
5.538767
5.551938
5.564693
5.576930
5.588551
5.599462
5.609577
5.618813
5.627098
5.634365
5.640554
5.645618
5.649516
5.652216
5.653696
5.653945
5.652961
5.650751
5.647334
5.642736
5.636995
5.630156
5.622274
5.613413
5.603644
5.593044
5.581699
5.569699
5.557141
5.544125
5.530756
5.517139
5.503386
5.489606
5.475909
5.462405
5.449202
5.436407
5.424120
5.412441
5.401464
5.391277
5.381960
5.373589
5.366231
5.359944
5.354779
5.350778
5.347972
5.346385
5.346027
5.346904
5.349007
5.352319
5.356814
5.362457
5.369202
5.376994
5.385772
5.395465
5.405995
5.417278
5.429224
5.441738
5.454718
5.468060
5.481659
5.495405
5.509187
5.522895
5.536421
5.549654
5.562490
5.574825
5.586561
5.597603
5.607863
5.617260
5.625716
5.633166
5.639549
5.644814
5.648918
5.651830
5.653525
5.653991
5.653223
5.651227
5.648019
5.643626
5.638083
5.631433
5.623730
5.615036
5.605420
5.594960
5.583739
5.571847
5.559380
5.546437
5.533122
5.519541
5.505804
5.492021
5.478301
5.464756
5.451492
5.438617
5.426234
5.414442
5.403336
5.393003
5.383528
5.374986
5.367446
5.360967
5.355602
5.351395
5.348377
5.346574
5.346001
5.346661
5.348549
5.351651
5.355942
5.361386
5.367941
5.375554
5.384163
5.393701
5.404091
5.415248
5.427085
5.439506
5.452411
5.465698
5.479259
5.492987
5.506771
5.520501
5.534066
5.547359
5.560272
5.572702
5.584549
5.595720
5.606123
5.615677
5.624304
5.631935
5.638508
5.643973
5.648283
5.651407
5.653316
5.653998
5.653446
5.651665
5.648669
5.644482
5.639137
5.632677
5.625155
5.616630
5.607171
5.596853
5.585759
5.573978
5.561604
5.548738
5.535480
5.521938
5.508221
5.494437
5.480699
5.467114
5.453794
5.440843
5.428367
5.416464
5.405231
5.394756
5.385125
5.376414
5.368693
5.362025
5.356461
5.352047
5.348819
5.346802
5.346012
5.346456
5.348130
5.351020
5.355104
5.360349
5.366713
5.374144
5.382584
5.391964
5.402210
5.413239
5.424963
5.437289
5.450117
5.463344
5.476865
5.490571
5.504354
5.518101
5.531703
5.545051
5.558038
5.570560
5.582517
5.593813
5.604358
5.614066
5.622860
5.630671
5.637434
5.643096
5.647613
5.650946
5.653070
5.653968
5.653632
5.652066
5.649282
5.645301
5.640156
5.633889
5.626549
5.618195
5.608894
5.598722
5.587758
5.576090
5.563814
5.551026
5.537829
5.524330
5.510635
5.496855
5.483101
5.469482
5.456107
5.443084
5.430517
5.418507
5.407149
5.396535
5.386750
5.377872
5.369974
5.363116
5.357355
5.352737
5.349298
5.347067
5.346062
5.346289
5.347748
5.350426
5.354303
5.359347
5.365518
5.372766
5.381033
5.390254
5.400353
5.411252
5.422860
5.435087
5.447834
5.460999
5.474477
5.488159
5.501935
5.515697
5.529332
5.542732
5.555790
5.568402
5.580465
5.591883
5.602566
5.612427
5.621387
5.629375
5.636326
5.642185
5.646905
5.650448
5.652786
5.653900
5.653780
5.652430
5.649857
5.646084
5.641141
5.635067
5.627912
5.619731
5.610591
5.600566
5.589735
5.578184
5.566008
5.553302
5.540170
5.526715
5.513047
5.499274
5.485507
5.471857
5.458431
5.445339
5.432684
5.420569
5.409090
5.398340
5.388403
5.379361
5.371285
5.364241
5.358284
5.353463
5.349815
5.347371
5.346149
5.346160
5.347403
5.349869
5.353537
5.358379
5.364356
5.371418
5.379512
5.388570
5.398521
5.409286
5.420776
5.432902
5.445565
5.458664
5.472095
5.485748
5.499516
5.513288
5.526954
5.540403
5.553529
5.566226
5.578393
5.589931
5.600749
5.610760
5.619883
5.628047
5.635184
5.641238
5.646161
5.649913
5.652463
5.653793
5.653891
5.652755
5.650396
5.646832
5.642092
5.636213
5.629243
5.621238
5.612261
5.602385
5.591689
5.580258
5.568185
5.555565
5.542500
5.529094
5.515456
5.501693
5.487917
5.474238
5.460765
5.447607
5.434868
5.422651
5.411054
5.400169
5.390084
5.380880
5.372630
5.365400
5.359249
5.354225
5.350368
5.347712
5.346274
5.346068
5.347096
5.349349
5.352808
5.357446
5.363227
5.370103
5.378020
5.386914
5.396714
5.407342
5.418712
5.430733
5.443309
5.456339
5.469719
5.483341
5.497097
5.510877
5.524569
5.538064
5.551254
5.564034
5.576301
5.587956
5.598907
5.609066
5.618350
5.626687
5.634008
5.640256
5.645381
5.649341
5.652104
5.653649
5.653963
5.653043
5.650898
5.647543
5.643007
5.637325
5.630542
5.622715
5.613903
5.604179
5.593621
5.582313
5.570345
5.557814
5.544819
5.531466
5.517860
5.504112
5.490330
5.476626
5.463109
5.449888
5.437068
5.424752
5.413039
5.402023
5.391792
5.382428
5.374005
5.366592
5.360248
5.355022
5.350959
5.348090
5.346437
5.346015
5.346827
5.348866
5.352115
5.356549
5.362132
5.368820
5.376559
5.385286
5.394933
5.405421
5.416667
5.428581
5.441067
5.454025
5.467351
5.480939
5.494679
5.508462
5.522178
5.535715
5.548967
5.561826
5.574190
5.585959
5.597041
5.607344
5.616788
5.625296
5.632800
5.639240
5.644565
5.648732
5.651707
5.653467
5.653997
5.653294
5.651362
5.648218
5.643887
5.638402
5.631810
5.624161
5.615517
5.605948
5.595531
5.584347
5.572488
5.560049
5.547128
5.533830
5.520261
5.506529
5.492745
5.479020
5.465462
5.452181
5.439283
5.426872
5.415047
5.403902
5.393527
5.384004
5.375412
5.367816
5.361281
5.355856
5.351586
5.348506
5.346639
5.346000
5.346595
5.348420
5.351458
5.355687
5.361072
5.367569
5.375128
5.383687
5.393178
5.403524
5.414643
5.426447
5.438839
5.451722
5.464991
5.478541
5.492262
5.506046
5.519781
5.533358
5.546668
5.559603
5.572061
5.583942
5.595150
5.605597
5.615197
5.623874
5.631559
5.638190
5.643713
5.648086
5.651272
5.653246
5.653993
5.653506
5.651789
5.648857
5.644731
5.639446
5.633044
5.625576
5.617103
5.607690
5.597416
5.586360
5.574614
5.562269
5.549425
5.536186
5.522656
5.508945
5.495163
5.481419
5.467824
5.454487
5.441514
5.429010
5.417075
5.405804
5.395287
5.385610
5.376849
5.369074
5.362349
5.356726
5.352251
5.348959
5.346878
5.346023
5.346402
5.348011
5.350838
5.354860
5.360045
5.366351
5.373727
5.382115
5.391448
5.401650
5.412641
5.424331
5.436627
5.449430
5.462640
5.476148
5.489848
5.503628
5.517380
5.530993
5.544356
5.557365
5.569914
5.581903
5.593236
5.603823
5.613577
5.622421
5.630285
5.637105
5.642827
5.647404
5.650800
5.652988
5.653951
5.653681
5.652179
5.649458
5.645540
5.640455
5.634246
5.626961
5.618659
5.609406
5.599277
5.588353
5.576721
5.564474
5.551710
5.538533
5.525046
5.511359
5.497581
5.483822
5.470193
5.456803
5.443759
5.431165
5.419123
5.407729
5.397074
5.387243
5.378316
5.370364
5.363450
5.357630
5.352951
5.349450
5.347155
5.346084
5.346246
5.347641
5.350255
5.354069
5.359053
5.365166
5.372358
5.380574
5.389746
5.399801
5.410659
5.422233
5.434430
5.447152
5.460298
5.473761
5.487435
5.501210
5.514974
5.528619
5.542035
5.555113
5.567750
5.579845
5.591300
5.602023
5.611929
5.620939
5.628979
5.635986
5.641904
5.646685
5.650291
5.652693
5.653872
5.653818
5.652531
5.650023
5.646312
5.641430
5.635415
5.628314
5.620186
5.611095
5.601114
5.590323
5.578808
5.566662
5.553982
5.540870
5.527430
5.513770
5.500000
5.486230
5.472570
5.459130
5.446018
5.433338
5.421192
5.409677
5.398886
5.388905
5.379814
5.371686
5.364585
5.358570
5.353688
5.349977
5.347469
5.346182
5.346128
5.347307
5.349709
5.353315
5.358096
5.364014
5.371021
5.379061
5.388071
5.397977
5.408700
5.420155
5.432250
5.444887
5.457965
5.471381
5.485026
5.498790
5.512565
5.526239
5.539702
5.552848
5.565570
5.577767
5.589341
5.600199
5.610254
5.619426
5.627642
5.634834
5.640947
5.645931
5.649745
5.652359
5.653754
5.653916
5.652845
5.650550
5.647049
5.642370
5.636550
5.629636
5.621684
5.612757
5.602926
5.592271
5.580877
5.568835
5.556241
5.543197
5.529807
5.516178
5.502419
5.488641
5.474954
5.461467
5.448290
5.435526
5.423279
5.411647
5.400723
5.390594
5.381341
5.373039
5.365754
5.359545
5.354460
5.350542
5.347821
5.346319
5.346049
5.347012
5.349200
5.352596
5.357173
5.362895
5.369715
5.377579
5.386423
5.396177
5.406764
5.418097
5.430086
5.442635
5.455644
5.469007
5.482620
5.496372
5.510152
5.523852
5.537360
5.550569
5.563373
5.575669
5.587359
5.598350
5.608552
5.617884
5.626273
5.633649
5.639955
5.645140
5.649162
5.651989
5.653598
5.653977
5.653122
5.651041
5.647749
5.643274
5.637651
5.630926
5.623151
5.614390
5.604712
5.594196
5.582925
5.570990
5.558486
5.545513
5.532176
5.518581
5.504837
5.491055
5.477344
5.463815
5.450575
5.437732
5.425387
5.413641
5.402586
5.392312
5.382900
5.374427
5.366960
5.360558
5.355274
5.351149
5.348217
5.346501
5.346014
5.346762
5.348737
5.351923
5.356297
5.361821
5.368453
5.376138
5.384815
5.394415
5.404861
5.416069
5.427949
5.440407
5.453341
5.466649
5.480223
5.493956
5.507736
5.521453
5.534998
5.548262
5.561138
5.573524
5.585319
5.596429
5.606766
5.616245
5.624793
5.632338
5.638822
5.644191
5.648405
5.651427
5.653234
5.653812
5.653156
5.651272
5.648175
5.643890
5.638452
5.631904
5.624300
5.615701
5.606177
5.595806
5.584670
5.572860
5.560473
5.547608
5.534371
5.520869
5.507213
5.493512
5.479880
5.466427
5.453265
5.440499
5.428236
5.416576
5.405615
5.395443
5.386144
5.377794
5.370461
5.364207
5.359083
5.355128
5.352376
5.350847
5.350551
5.351488
5.353646
5.357001
5.361521
5.367160
5.373863
5.381562
5.390183
5.399640
5.409838
5.420674
5.432040
5.443820
5.455893
5.468133
5.480415
5.492610
5.504591
5.516230
5.527408
5.538007
5.547920
5.557046
5.565298
5.572598
5.578883
5.584108
5.588241
5.591268
5.593192
5.594033
5.593828
5.592630
5.590507
5.587539
5.583818
5.579443
5.574521
5.569160
5.563473
5.557567
5.551547
5.545513
5.539554
5.533753
5.528180
5.522894
5.517945
5.513370
5.509193
5.505433
5.502093
5.499173
5.496662
5.494546
5.492805
5.491413
5.490343
5.489566
5.489053
5.488773
5.488696
5.488793
5.489037
5.489402
5.489864
5.490401
5.490993
5.491623
5.492276
5.492937
5.493597
5.494244
5.494871
5.495472
5.496042
5.496578
5.497077
5.497538
5.497959
5.498342
5.498685
5.498992
5.499263
5.499500
5.499705
5.499881
5.500029
