-0.00011937
-0.00010320
-0.00009063
-0.00008305
-0.00008122
-0.00008489
-0.00009278
-0.00010270
-0.00011199
-0.00011809
-0.00011909
-0.00011427
-0.00010427
-0.00009108
-0.00007757
-0.00006691
-0.00006181
-0.00006383
-0.00007291
-0.00008733
-0.00010394
-0.00011889
-0.00012848
-0.00013010
-0.00012296
-0.00010840
-0.00008980
-0.00007182
-0.00005942
-0.00005655
-0.00006502
-0.00008378
-0.00010874
-0.00013343
-0.00015037
-0.00015287
-0.00013721
-0.00010441
-0.00006155
-0.00002209
-0.00000502
-0.00003295
-0.00012937
-0.00031528
-0.00060603
-0.00100859
-0.00151996
-0.00212682
-0.00280670
-0.00353034
-0.00426496
-0.00497790
-0.00564008
-0.00622869
-0.00672877
-0.00713348
-0.00744312
-0.00766311
-0.00780145
-0.00786606
-0.00786254
-0.00779275
-0.00765429
-0.00744114
-0.00714490
-0.00675678
-0.00626949
-0.00567898
-0.00498563
-0.00419462
-0.00331569
-0.00236218
-0.00134979
-0.00029522
0.00078505
0.00187557
0.00296235
0.00403284
0.00507568
0.00608035
0.00703677
0.00793530
0.00876685
0.00952325
0.01019779
0.01078566
0.01128423
0.01169296
0.01201299
0.01224642
0.01239533
0.01246091
0.01244272
0.01233843
0.01214399
0.01185431
0.01146439
0.01097052
0.01037156
0.00966979
0.00887134
0.00798597
0.00702634
0.00600678
0.00494186
0.00384508
0.00272779
0.00159867
0.00046384
-0.00067256
-0.00180728
-0.00293673
-0.00405585
-0.00515728
-0.00623103
-0.00726478
-0.00824461
-0.00915623
-0.00998625
-0.01072341
-0.01135943
-0.01188949
-0.01231203
-0.01262819
-0.01284090
-0.01295378
-0.01297018
-0.01289253
-0.01272198
-0.01245853
-0.01210155
-0.01165041
-0.01110529
-0.01046781
-0.00974142
-0.00893148
-0.00804506
-0.00709045
-0.00607665
-0.00501278
-0.00390776
-0.00277016
-0.00160833
-0.00043067
0.00075394
0.00193578
0.00310413
0.00424730
0.00535299
0.00640892
0.00740353
0.00832676
0.00917072
0.00992998
0.01060163
0.01118491
0.01168051
0.01208981
0.01241390
0.01265293
0.01280563
0.01286922
0.01283974
0.01271269
0.01248387
0.01215037
0.01171131
0.01116846
0.01052644
0.00979255
0.00897622
0.00808828
0.00714002
0.00614231
0.00510498
0.00403630
0.00294301
0.00183050
0.00070332
-0.00043409
-0.00157675
-0.00271849
-0.00385156
-0.00496645
-0.00605205
-0.00709608
-0.00808569
-0.00900823
-0.00985196
-0.01060675
-0.01126456
-0.01181968
-0.01226879
-0.01261072
-0.01284610
-0.01297679
-0.01300544
-0.01293492
-0.01276795
-0.01250694
-0.01215383
-0.01171030
-0.01117793
-0.01055856
-0.00985462
-0.00906942
-0.00820742
-0.00727429
-0.00627696
-0.00522349
-0.00412289
-0.00298491
-0.00181984
-0.00063828
0.00054897
0.00173103
0.00289706
0.00403628
0.00513816
0.00619257
0.00719001
0.00812188
0.00898076
0.00976063
0.01045703
0.01106700
0.01158892
0.01202219
0.01236674
0.01262254
0.01278911
0.01286525
0.01284887
0.01273718
0.01252708
0.01221577
0.01180150
0.01128430
0.01066652
0.00995316
0.00915186
0.00827250
0.00732654
0.00632610
0.00528301
0.00420797
0.00310997
0.00199604
0.00087140
-0.00025996
-0.00139449
-0.00252817
-0.00365557
-0.00476928
-0.00585957
-0.00691456
-0.00792081
-0.00886414
-0.00973080
-0.01050853
-0.01118747
-0.01176079
-0.01222493
-0.01257929
-0.01282572
-0.01296767
-0.01300924
-0.01295435
-0.01280611
-0.01256651
-0.01223644
-0.01181600
-0.01130511
-0.01070416
-0.01001461
-0.00923949
-0.00838365
-0.00745378
-0.00645810
-0.00540606
-0.00430776
-0.00317361
-0.00201388
-0.00083860
0.00034249
0.00151989
0.00268408
0.00382546
0.00493423
0.00600046
0.00701433
0.00796644
0.00884827
0.00965249
0.01037335
0.01100673
0.01155010
0.01200225
0.01236280
0.01263174
0.01280887
0.01289348
0.01288415
0.01277881
0.01257514
0.01227102
0.01186525
0.01135816
0.01075212
0.01005188
0.00926454
0.00839925
0.00746664
0.00647809
0.00544489
0.00437748
0.00328495
0.00217476
0.00105278
-0.00007629
-0.00120829
-0.00233886
-0.00346271
-0.00457297
-0.00566088
-0.00671579
-0.00772549
-0.00867684
-0.00955669
-0.01035278
-0.01105460
-0.01165414
-0.01214619
-0.01252844
-0.01280113
-0.01296652
-0.01302809
-0.01298978
-0.01285527
-0.01262752
-0.01230851
-0.01189934
-0.01140057
-0.01081269
-0.01013678
-0.00937504
-0.00853124
-0.00761096
-0.00662162
-0.00557221
-0.00447301
-0.00333505
-0.00216971
-0.00098831
0.00019817
0.00137918
0.00254468
0.00368499
0.00479079
0.00585305
0.00686306
0.00781261
0.00869420
0.00950124
0.01022838
0.01087152
0.01142789
0.01189583
0.01227447
0.01256328
0.01276169
0.01286865
0.01288246
0.01280081
0.01262106
0.01234068
0.01195795
0.01147261
0.01088643
0.01020360
0.00943080
0.00857698
0.00765278
0.00666978
0.00563967
0.00457338
0.00348049
0.00236894
0.00124499
0.00011363
-0.00102078
-0.00215378
-0.00327999
-0.00439255
-0.00548275
-0.00654008
-0.00755259
-0.00850754
-0.00939231
-0.01019524
-0.01090649
-0.01151857
-0.01202662
-0.01242837
-0.01272372
-0.01291418
-0.01300222
-0.01299057
-0.01288171
-0.01267760
-0.01237958
-0.01198858
-0.01150547
-0.01093146
-0.01026856
-0.00951994
-0.00869011
-0.00778498
-0.00681176
-0.00577873
-0.00469502
-0.00357030
-0.00241461
-0.00123822
-0.00005156
0.00113479
0.00231012
0.00346364
0.00458462
0.00566263
0.00668780
0.00765116
0.00854499
0.00936306
0.01010069
0.01075474
0.01132332
0.01180546
0.01220058
0.01250805
0.01272672
0.01285478
0.01288961
0.01282809
0.01266694
0.01240337
0.01203567
0.01156384
0.01099003
0.01031880
0.00955708
0.00871387
0.00779963
0.00682565
0.00580324
0.00474306
0.00365456
0.00254572
0.00142304
0.00029187
-0.00084317
-0.00197743
-0.00310566
-0.00422136
-0.00531646
-0.00638116
-0.00740415
-0.00837311
-0.00927533
-0.01009863
-0.01083207
-0.01146673
-0.01199619
-0.01241669
-0.01272713
-0.01292860
-0.01302389
-0.01301674
-0.01291120
-0.01271100
-0.01241919
-0.01203799
-0.01156888
-0.01101293
-0.01037126
-0.00964556
-0.00883858
-0.00795451
-0.00699917
-0.00598006
-0.00490612
-0.00378747
-0.00263502
-0.00146007
-0.00027394
0.00091224
0.00208774
0.00324228
0.00436600
0.00544956
0.00648405
0.00746114
0.00837317
0.00921331
0.00997576
0.01065582
0.01124992
0.01175558
0.01217112
0.01249536
0.01272734
0.01286587
0.01290946
0.01285614
0.01270374
0.01245018
0.01209404
0.01163514
0.01107512
0.01041781
0.00966948
0.00883864
0.00793566
0.00697206
0.00595968
0.00490987
0.00383267
0.00273641
0.00162752
0.00051076
-0.00061024
-0.00173219
-0.00285129
-0.00396238
-0.00505839
-0.00613005
-0.00716603
-0.00815339
-0.00907842
-0.00992761
-0.01068862
-0.01135120
-0.01190777
-0.01235376
-0.01268747
-0.01290976
-0.01302334
-0.01303211
-0.01294037
-0.01275225
-0.01247128
-0.01210027
-0.01164138
-0.01109637
-0.01046700
-0.00975543
-0.00896462
-0.00809855
-0.00716242
-0.00616264
-0.00510678
-0.00400342
-0.00286201
-0.00169270
-0.00050624
0.00068618
0.00187303
0.00304263
0.00418334
0.00528388
0.00633365
0.00732308
0.00824395
0.00908966
0.00985530
0.01053762
0.01113473
0.01164575
0.01207031
0.01240798
0.01265791
0.01281844
0.01288710
0.01286071
0.01273583
0.01250925
0.01217873
0.01174358
0.01120520
0.01056739
0.00983639
0.00902063
0.00813022
0.00717631
0.00617027
0.00512303
0.00404446
0.00294303
0.00182573
0.00069827
-0.00043447
-0.00156784
-0.00269683
-0.00381539
-0.00491610
-0.00598992
-0.00702629
-0.00801352
-0.00893933
-0.00979160
-0.01055910
-0.01123224
-0.01180354
-0.01226801
-0.01262311
-0.01286863
-0.01300621
-0.01303879
-0.01297001
-0.01280363
-0.01254309
-0.01219127
-0.01175039
-0.01122219
-0.01060820
-0.00991019
-0.00913057
-0.00827279
-0.00734169
-0.00634357
-0.00528628
-0.00417908
-0.00303237
-0.00185740
-0.00066595
0.00053004
0.00171871
0.00288856
0.00402862
0.00512864
0.00617919
0.00717180
0.00809907
0.00895472
0.00973369
0.01043204
0.01104693
0.01157636
0.01201895
0.01237360
0.01263915
0.01281412
0.01289657
0.01288406
0.01277386
0.01256331
0.01225031
0.01183393
0.01131489
0.01069608
0.00998271
0.00918231
0.00830439
0.00735987
0.00636037
0.00531737
0.00424153
0.00314208
0.00202661
0.00090107
-0.00022979
-0.00136189
-0.00249095
-0.00361185
-0.00471791
-0.00580059
-0.00684940
-0.00785230
-0.00879628
-0.00966821
-0.01045584
-0.01114859
-0.01173831
-0.01221964
-0.01259009
-0.01284972
-0.01300066
-0.01304636
-0.01299084
-0.01283807
-0.01259144
-0.01225358
-0.01182635
-0.01131111
-0.01070915
-0.01002215
-0.00925270
-0.00840459
-0.00748312
-0.00649503
-0.00544849
-0.00435278
-0.00321804
-0.00205496
-0.00087448
0.00031239
0.00149471
0.00266175
0.00380301
0.00490836
0.00596816
0.00697343
0.00791605
0.00878895
0.00958629
0.01030354
0.01093738
0.01148556
0.01194659
0.01231935
0.01260273
0.01279528
0.01289500
0.01289939
0.01280559
0.01261080
0.01231283
0.01191067
0.01140510
0.01079906
0.01009789
0.00930923
0.00844267
0.00750916
0.00652027
0.00548738
0.00442097
0.00333010
0.00222219
0.00110303
-0.00002280
-0.00115134
-0.00227849
-0.00339933
-0.00450742
-0.00559451
-0.00665041
-0.00766330
-0.00862029
-0.00950824
-0.01031461
-0.01102841
-0.01164083
-0.01214579
-0.01254001
-0.01282287
-0.01299598
-0.01306246
-0.01302630
-0.01289158
-0.01266201
-0.01234052
-0.01192922
-0.01142958
-0.01084280
-0.01017026
-0.00941408
-0.00857754
-0.00766544
-0.00668422
-0.00564192
-0.00454800
-0.00341303
-0.00224827
-0.00106536
0.00012409
0.00130870
0.00247755
0.00362028
0.00472718
0.00578923
0.00679819
0.00774662
0.00862804
0.00943690
0.01016863
0.01081961
0.01138699
0.01186851
0.01226222
0.01256620
0.01277836
0.01289629
0.01291731
0.01283867
0.01265788
0.01237322
0.01198422
0.01149213
0.01090030
0.01021422
0.00944146
0.00859126
0.00767398
0.00670037
0.00568084
0.00462496
0.00354094
0.00243562
0.00131459
0.00018265
-0.00095557
-0.00209493
-0.00322916
-0.00435039
-0.00544905
-0.00651394
-0.00753273
-0.00849261
-0.00938113
-0.01018699
-0.01090076
-0.01151534
-0.01202614
-0.01243100
-0.01272979
-0.01292386
-0.01301544
-0.01300703
-0.01290095
-0.01269906
-0.01240272
-0.01201295
-0.01153076
-0.01095752
-0.01029537
-0.00954757
-0.00871867
-0.00781461
-0.00684258
-0.00581092
-0.00472879
-0.00360599
-0.00245265
-0.00127913
-0.00009591
0.00108655
0.00225775
0.00340729
0.00452494
0.00560078
0.00662549
0.00759051
0.00848833
0.00931267
0.01005854
0.01072224
0.01130118
0.01179357
0.01219808
0.01251348
0.01273829
0.01287060
0.01290803
0.01284790
0.01268753
0.01242473
0.01205832
0.01158866
0.01101805
0.01035095
0.00959400
0.00875575
0.00784623
0.00687629
0.00585696
0.00479876
0.00371120
0.00260245
0.00147929
0.00034736
-0.00078849
-0.00192350
-0.00305244
-0.00416897
-0.00526526
-0.00633183
-0.00735763
-0.00833051
-0.00923782
-0.01006722
-0.01080755
-0.01144949
-0.01198620
-0.01241354
-0.01273003
-0.01293659
-0.01303593
-0.01303189
-0.01292874
-0.01273051
-0.01244060
-0.01206157
-0.01159516
-0.01104263
-0.01040517
-0.00968442
-0.00888299
-0.00800483
-0.00705547
-0.00604207
-0.00497324
-0.00385879
-0.00270938
-0.00153611
-0.00035025
0.00083704
0.00201488
0.00317268
0.00430027
0.00538786
0.00642614
0.00740645
0.00832088
0.00916258
0.00992586
0.01060636
0.01120100
0.01170788
0.01212592
0.01245452
0.01269304
0.01284048
0.01289517
0.01285475
0.01271635
0.01247705
0.01213447
0.01168748
0.01113691
0.01048597
0.00974058
0.00890919
0.00800240
0.00703219
0.00601107
0.00495111
0.00386317
0.00275629
0.00163755
0.00051221
-0.00061573
-0.00174280
-0.00286513
-0.00397763
-0.00507340
-0.00614343
-0.00717671
-0.00816066
-0.00908198
-0.00992755
-0.01068544
-0.01134572
-0.01190112
-0.01234727
-0.01268255
-0.01290780
-0.01302558
-0.01303950
-0.01295351
-0.01277129
-0.01249593
-0.01212979
-0.01167466
-0.01113205
-0.01050360
-0.00979152
-0.00899896
-0.00813026
-0.00719105
-0.00618821
-0.00512976
-0.00402462
-0.00288245
-0.00171343
-0.00052814
0.00066254
0.00184752
0.00301555
0.00415538
0.00525596
0.00630673
0.00729789
0.00822083
0.00906839
0.00983506
0.01051707
0.01111223
0.01161965
0.01203928
0.01237139
0.01261602
0.01277256
0.01283949
0.01281441
0.01269421
0.01247561
0.01215579
0.01173310
0.01120772
0.01058220
0.00986167
0.00905382
0.00816851
0.00721710
0.00621164
0.00516402
0.00408514
0.00298434
0.00186914
0.00074529
-0.00038278
-0.00151135
-0.00263652
-0.00375343
-0.00485555
-0.00593430
-0.00697903
-0.00797731
-0.00891563
-0.00978037
-0.01055877
-0.01123997
-0.01181574
-0.01228099
-0.01263380
-0.01287508
-0.01300800
-0.01303708
-0.01296728
-0.01280319
-0.01254843
-0.01220534
-0.01177504
-0.01125780
-0.01065360
-0.00996288
-0.00918723
-0.00832989
-0.00739615
-0.00639338
-0.00533085
-0.00421929
-0.00307042
-0.00189636
-0.00070915
0.00047961
0.00165896
0.00281865
0.00394913
0.00504139
0.00608696
0.00707787
0.00800671
0.00886681
0.00965235
0.01035857
0.01098182
0.01151950
0.01196985
0.01233167
0.01260393
0.01278539
0.01287434
0.01286852
0.01276524
0.01256174
0.01225573
0.01184606
0.01133330
0.01072025
0.01001218
0.00921678
0.00834374
0.00740414
0.00640964
0.00537157
0.00430025
0.00320446
0.00209127
0.00096621
-0.00016622
-0.00130188
-0.00243613
-0.00356317
-0.00467547
-0.00576357
-0.00681626
-0.00782101
-0.00876476
-0.00963480
-0.01041964
-0.01110976
-0.01169813
-0.01218035
-0.01255457
-0.01282106
-0.01298164
-0.01303903
-0.01299622
-0.01285603
-0.01262079
-0.01229233
-0.01187211
-0.01136150
-0.01076216
-0.01007640
-0.00930750
-0.00845990
-0.00753930
-0.00655260
-0.00550782
-0.00441390
-0.00328054
-0.00211803
-0.00093708
0.00025131
0.00143596
0.00260568
0.00374945
0.00485660
0.00591712
0.00692187
0.00786286
0.00873341
0.00952821
0.01024333
0.01087601
0.01142440
0.01188722
0.01226332
0.01255143
0.01274982
0.01285626
0.01286803
0.01278221
0.01259606
0.01230749
0.01191557
0.01142104
0.01082662
0.01013719
0.00935972
0.00850303
0.00757726
0.00659332
0.00556218
0.00449428
0.00339902
0.00228451
0.00115747
0.00002354
-0.00111236
-0.00224539
-0.00337016
-0.00448017
-0.00556737
-0.00662207
-0.00763301
-0.00858788
-0.00947400
-0.01027913
-0.01099237
-0.01160490
-0.01211053
-0.01250593
-0.01279053
-0.01296607
-0.01303598
-0.01300455
-0.01287618
-0.01265472
-0.01234311
-0.01194320
-0.01145604
-0.01088220
-0.01022246
-0.00947837
-0.00865282
-0.00775039
-0.00677748
-0.00574221
-0.00465415
-0.00352386
-0.00236242
-0.00118110
0.00000901
0.00119712
0.00237273
0.00352560
0.00464569
0.00572310
0.00674823
0.00771195
0.00860598
0.00942322
0.01015811
0.01080682
0.01136723
0.01183869
0.01222153
0.01251643
0.01272377
0.01284304
0.01287251
0.01280920
0.01264922
0.01238847
0.01202351
0.01155254
0.01097627
0.01029850
0.00952632
0.00866974
0.00774106
0.00675372
0.00572118
0.00465569
0.00356746
0.00246421
0.00135116
0.00023159
-0.00089221
-0.00201785
-0.00314170
-0.00425795
-0.00535814
-0.00643108
-0.00746341
-0.00844043
-0.00934734
-0.01017048
-0.01089837
-0.01152258
-0.01203803
-0.01244289
-0.01273811
-0.01292654
-0.01301207
-0.01299871
-0.01288991
-0.01268820
-0.01239510
-0.01201137
-0.01153750
-0.01097425
-0.01032319
-0.00958712
-0.00877030
-0.00787843
-0.00691852
-0.00589858
-0.00482732
-0.00371389
-0.00256768
-0.00139827
-0.00021551
0.00097044
0.00214901
0.00330923
0.00443985
0.00552964
0.00656779
0.00754434
0.00845072
0.00928002
0.01002724
0.01068920
0.01126432
0.01175213
0.01215269
0.01246600
0.01269150
0.01282770
0.01287216
0.01282163
0.01267257
0.01242170
0.01206676
0.01160719
0.01104461
0.01038319
0.00962958
0.00879266
0.00788297
0.00691204
0.00589153
0.00483253
0.00374495
0.00263718
0.00151604
0.00038698
-0.00074542
-0.00187685
-0.00300255
-0.00411667
-0.00521182
-0.00627883
-0.00730685
-0.00828372
-0.00919660
-0.01003281
-0.01078065
-0.01143028
-0.01197429
-0.01240811
-0.01273000
-0.01294086
-0.01304360
-0.01304246
-0.01294221
-0.01274737
-0.01246175
-0.01208804
-0.01162786
-0.01108205
-0.01045113
-0.00973596
-0.00893840
-0.00806182
-0.00711152
-0.00609478
-0.00502079
-0.00390026
-0.00274491
-0.00156694
-0.00037850
0.00080875
0.00198388
0.00313678
0.00425814
0.00533932
0.00637223
0.00734921
0.00826305
0.00910708
0.00987533
0.01056267
0.01116504
0.01167944
0.01210386
0.01243710
0.01267839
0.01282704
0.01288210
0.01284216
0.01270530
0.01246940
0.01213249
0.01169344
0.01115255
0.01051220
0.00977723
0.00895503
0.00805533
0.00708962
0.00607034
0.00500993
0.00391995
0.00281036
0.00168911
0.00056219
-0.00056603
-0.00169206
-0.00281235
-0.00392244
-0.00501617
-0.00608520
-0.00711903
-0.00810533
-0.00903071
-0.00988173
-0.01064597
-0.01131299
-0.01187511
-0.01232773
-0.01266928
-0.01290082
-0.01302531
-0.01304676
-0.01296938
-0.01279691
-0.01253218
-0.01217703
-0.01173250
-0.01119925
-0.01057815
-0.00987088
-0.00908040
-0.00821125
-0.00726967
-0.00626344
-0.00520160
-0.00409410
-0.00295138
-0.00178403
-0.00060262
0.00058244
0.00176090
0.00292261
0.00405748
0.00515553
0.00620700
0.00720258
0.00813368
0.00899281
0.00977377
0.01047187
0.01108391
0.01160796
0.01204305
0.01238868
0.01264439
0.01280932
0.01288197
0.01286017
0.01274133
0.01252281
0.01220255
0.01177969
0.01125513
0.01063195
0.00991556
0.00911357
0.00823538
0.00729157
0.00629315
0.00525087
0.00417454
0.00307271
0.00195255
0.00082003
-0.00031965
-0.00146146
-0.00259986
-0.00372828
-0.00483869
-0.00592146
-0.00696555
-0.00795891
-0.00888912
-0.00974417
-0.01051323
-0.01118725
-0.01175947
-0.01222559
-0.01258373
-0.01283409
-0.01297846
-0.01301970
-0.01296109
-0.01280588
-0.01255692
-0.01221656
-0.01178660
-0.01126859
-0.01066402
-0.00997480
-0.00920354
-0.00835387
-0.00743071
-0.00644027
-0.00539017
-0.00428927
-0.00314751
-0.00197577
-0.00078555
0.00041122
0.00160246
0.00277622
0.00392094
0.00502573
0.00608064
0.00707686
0.00800697
0.00886493
0.00964618
0.01034741
0.01096640
0.01150164
0.01195197
0.01231620
0.01259279
0.01277966
0.01287415
0.01287319
0.01277358
0.01257249
0.01226794
0.01185936
0.01134802
0.01073733
0.01003287
0.00924230
0.00837491
0.00744116
0.00645196
0.00541807
0.00434950
0.00325515
0.00214261
0.00101819
-0.00011271
-0.00124522
-0.00237438
-0.00349457
-0.00459909
-0.00567979
-0.00672703
-0.00772988
-0.00867647
-0.00955466
-0.01035271
-0.01106000
-0.01166768
-0.01216912
-0.01256021
-0.01283931
-0.01300703
-0.01306581
-0.01301935
-0.01287200
-0.01262822
-0.01229214
-0.01186727
-0.01135649
-0.01076213
-0.01008625
-0.00933111
-0.00849951
-0.00759525
-0.00662341
-0.00559054
-0.00450468
-0.00337525
-0.00221285
-0.00102890
0.00016465
0.00135574
0.00253245
0.00368329
0.00479746
0.00586496
0.00687678
0.00782498
0.00870274
0.00950448
0.01022578
0.01086339
0.01141504
0.01187927
0.01225514
0.01254191
0.01273876
0.01284454
0.01285763
0.01277596
0.01259725
0.01231936
0.01194075
0.01146109
0.01088175
0.01020615
0.00943998
0.00859111
0.00766923
0.00668524
0.00565061
0.00457654
0.00347335
0.00234999
0.00121390
0.00007114
-0.00107318
-0.00221421
-0.00334666
-0.00446409
-0.00555843
-0.00661978
-0.00763658
-0.00859614
-0.00948540
-0.01029190
-0.01100474
-0.01161532
-0.01211794
-0.01250989
-0.01279127
-0.01296443
-0.01303323
-0.01300219
-0.01287565
-0.01265724
-0.01234952
-0.01195398
-0.01147133
-0.01090198
-0.01024666
-0.00950701
-0.00868603
-0.00778839
-0.00682051
-0.00579037
-0.00470729
-0.00358150
-0.00242376
-0.00124507
-0.00005646
0.00113119
0.00230714
0.00346082
0.00458187
0.00566022
0.00668630
0.00765127
0.00854732
0.00936792
0.01010802
0.01076405
0.01133378
0.01181603
0.01221017
0.01251569
0.01273170
0.01285665
0.01288823
0.01282350
0.01265937
0.01239308
0.01202296
0.01154904
0.01097357
0.01030123
0.00953911
0.00869635
0.00778351
0.00681179
0.00579225
0.00473507
0.00364911
0.00254167
0.00141863
0.00028490
-0.00085502
-0.00199627
-0.00313300
-0.00425783
-0.00536162
-0.00643353
-0.00746136
-0.00843220
-0.00933321
-0.01015242
-0.01087952
-0.01150645
-0.01202769
-0.01244036
-0.01274396
-0.01293994
-0.01303112
-0.01302103
-0.01291331
-0.01271129
-0.01241766
-0.01203442
-0.01156301
-0.01100461
-0.01036052
-0.00963265
-0.00882389
-0.00793846
-0.00698211
-0.00596214
-0.00488732
-0.00376764
-0.00261400
-0.00143783
-0.00025078
0.00093566
0.00211035
0.00326274
0.00438291
0.00546167
0.00649055
0.00746178
0.00836836
0.00920403
0.00996332
0.01064159
0.01123500
0.01174052
0.01215583
0.01247915
0.01270910
0.01284451
0.01288426
0.01282719
0.01267218
0.01241822
0.01206475
0.01161200
0.01106137
0.01041579
0.00968001
0.00886061
0.00796595
0.00700579
0.00599080
0.00493193
0.00383980
0.00272418
0.00159359
0.00045529
-0.00068466
-0.00182091
-0.00294829
-0.00406114
-0.00515278
-0.00621509
-0.00723840
-0.00821168
-0.00912302
-0.00996036
-0.01071229
-0.01136891
-0.01192252
-0.01236800
-0.01270294
-0.01292747
-0.01304369
-0.01305508
-0.01296571
-0.01277960
-0.01250022
-0.01213022
-0.01167149
-0.01112540
-0.01049326
-0.00977681
-0.00897879
-0.00810326
-0.00715585
-0.00614381
-0.00507583
-0.00396174
-0.00281219
-0.00163824
-0.00045112
0.00073808
0.00191847
0.00307947
0.00421082
0.00530265
0.00634555
0.00733072
0.00825018
0.00909696
0.00986530
0.01055075
0.01115015
0.01166149
0.01208362
0.01241589
0.01265773
0.01280832
0.01286635
0.01283002
0.01269713
0.01246551
0.01213347
0.01170037
0.01116717
0.01053679
0.00981432
0.00900694
0.00812364
0.00717463
0.00617078
0.00512285
0.00404097
0.00293417
0.00181021
0.00067565
-0.00046382
-0.00160291
-0.00273614
-0.00385726
-0.00495888
-0.00603215
-0.00706686
-0.00805167
-0.00897465
-0.00982391
-0.01058836
-0.01125838
-0.01182639
-0.01228717
-0.01263798
-0.01287844
-0.01301009
-0.01303591
-0.01295974
-0.01278562
-0.01251740
-0.01215836
-0.01171115
-0.01117782
-0.01056017
-0.00986006
-0.00907992
-0.00822314
-0.00729442
-0.00629994
-0.00524742
-0.00414596
-0.00300581
-0.00183803
-0.00065409
0.00053446
0.00171626
0.00288042
0.00401654
0.00511488
0.00616629
0.00716230
0.00809514
0.00895782
0.00974423
0.01044927
0.01106892
0.01160022
0.01204124
0.01239083
0.01264839
0.01281348
0.01288555
0.01286370
0.01274657
0.01253250
0.01221977
0.01180715
0.01129449
0.01068322
0.00997695
0.00918161
0.00830551
0.00735896
0.00635365
0.00530183
0.00421546
0.00310540
0.00198081
0.00084899
-0.00028456
-0.00141558
-0.00254031
-0.00365459
-0.00475301
-0.00582827
-0.00687091
-0.00786945
-0.00881093
-0.00968181
-0.01046903
-0.01116114
-0.01174918
-0.01222730
-0.01259292
-0.01284649
-0.01299086
-0.01303038
-0.01296998
-0.01281429
-0.01256700
-0.01223060
-0.01180643
-0.01129509
-0.01069700
-0.01001318
-0.00924578
-0.00839861
-0.00747729
-0.00648921
-0.00544322
-0.00434919
-0.00321753
-0.00205877
-0.00088326
0.00029889
0.00147785
0.00264385
0.00378707
0.00489754
0.00596518
0.00698002
0.00793257
0.00881424
0.00961782
0.01033779
0.01097046
0.01151388
0.01196746
0.01233142
0.01260616
0.01279160
0.01288676
0.01288956
0.01279700
0.01260558
0.01231204
0.01191421
0.01141177
0.01080695
0.01010479
0.00931308
0.00844192
0.00750294
0.00650837
0.00547005
0.00439861
0.00330292
0.00218994
0.00106495
-0.00006791
-0.00120481
-0.00234138
-0.00347194
-0.00458894
-0.00568277
-0.00674194
-0.00775363
-0.00870446
-0.00958141
-0.01037279
-0.01106896
-0.01166285
-0.01215018
-0.01252930
-0.01280076
-0.01296676
-0.01303042
-0.01299514
-0.01286407
-0.01263980
-0.01232422
-0.01191862
-0.01142399
-0.01084136
-0.01017226
-0.00941907
-0.00858533
-0.00767598
-0.00669739
-0.00565731
-0.00456476
-0.00342982
-0.00226337
-0.00107683
0.00011807
0.00130955
0.00248605
0.00363639
0.00475005
0.00581730
0.00682940
0.00777872
0.00865881
0.00946442
0.01019140
0.01083658
0.01139755
0.01187242
0.01225951
0.01255717
0.01276357
0.01287659
0.01289391
0.01281315
0.01263215
0.01234933
0.01196413
0.01147742
0.01089174
0.01021160
0.00944341
0.00859534
0.00767696
0.00669874
0.00567146
0.00460565
0.00351102
0.00239620
0.00126853
0.00013422
-0.00100139
-0.00213328
-0.00325620
-0.00436412
-0.00544970
-0.00650413
-0.00751708
-0.00847701
-0.00937170
-0.01018900
-0.01091762
-0.01154791
-0.01207246
-0.01248650
-0.01278802
-0.01297748
-0.01305743
-0.01303184
-0.01290537
-0.01268273
-0.01236814
-0.01196503
-0.01147597
-0.01090288
-0.01024734
-0.00951115
-0.00869676
-0.00780776
-0.00684917
-0.00582761
-0.00475125
-0.00362963
-0.00247337
-0.00129383
-0.00010276
0.00108804
0.00226694
0.00342273
0.00454471
0.00562290
0.00664809
0.00761202
0.00850747
0.00932841
0.01007001
0.01072868
0.01130189
0.01178801
0.01218595
0.01249482
0.01271360
0.01284087
0.01287466
0.01281258
0.01265202
0.01239062
0.01202684
0.01156055
0.01099349
0.01032964
0.00957532
0.00873893
0.00783055
0.00686123
0.00584219
0.00478415
0.00369664
0.00258768
0.00146377
0.00033013
-0.00080874
-0.00194830
-0.00308326
-0.00420689
-0.00531066
-0.00638409
-0.00741506
-0.00839037
-0.00929662
-0.01012116
-0.01085297
-0.01148345
-0.01200688
-0.01242052
-0.01272437
-0.01292061
-0.01301291
-0.01300555
-0.01290270
-0.01270786
-0.01242352
-0.01205113
-0.01159137
-0.01104459
-0.01041135
-0.00969300
-0.00889217
-0.00801307
-0.00706163
-0.00604540
-0.00497335
-0.00385557
-0.00270284
-0.00152634
-0.00033738
0.00085280
0.00203318
0.00319297
0.00432173
0.00540945
0.00644667
0.00742471
0.00833581
0.00917342
0.00993225
0.01060836
0.01119904
0.01170256
0.01211783
0.01244402
0.01268013
0.01282470
0.01287571
0.01283062
0.01268670
0.01244142
0.01209311
0.01164152
0.01108833
0.01043746
0.00969516
0.00886982
0.00797145
0.00701106
0.00599989
0.00494869
0.00386715
0.00276354
0.00164465
0.00051604
-0.00061748
-0.00175121
-0.00287991
-0.00399719
-0.00509510
-0.00616407
-0.00719305
-0.00816994
-0.00908234
-0.00991826
-0.01066692
-0.01131944
-0.01186926
-0.01231232
-0.01264700
-0.01287374
-0.01299458
-0.01301252
-0.01293095
-0.01275314
-0.01248193
-0.01211960
-0.01166792
-0.01112842
-0.01050267
-0.00979276
-0.00900162
-0.00813333
-0.00719332
-0.00618842
-0.00512681
-0.00401784
-0.00287179
-0.00169961
-0.00051266
0.00067760
0.00185976
0.00302275
0.00415590
0.00524918
0.00629328
0.00727974
0.00820110
0.00905091
0.00982382
0.01051555
0.01112280
0.01164309
0.01207460
0.01241586
0.01266560
0.01282248
0.01288501
0.01285158
0.01272049
0.01249029
0.01216001
0.01172964
0.01120043
0.01057524
0.00985873
0.00905735
0.00817920
0.00723369
0.00623107
0.00518191
0.00409653
0.00298460
0.00185479
0.00071475
-0.00042885
-0.00156996
-0.00270272
-0.00382097
-0.00491778
-0.00598516
-0.00701389
-0.00799368
-0.00891346
-0.00976202
-0.01052856
-0.01120350
-0.01177896
-0.01224928
-0.01261116
-0.01286362
-0.01300766
-0.01304577
-0.01298135
-0.01281810
-0.01255954
-0.01220869
-0.01176800
-0.01123940
-0.01062467
-0.00992581
-0.00914551
-0.00828752
-0.00735695
-0.00636042
-0.00530598
-0.00420295
-0.00306160
-0.00189289
-0.00070804
0.00048163
0.00166502
0.00283130
0.00397000
0.00507114
0.00612522
0.00712341
0.00805764
0.00892083
0.00970703
0.01041153
0.01103092
0.01156292
0.01200623
0.01236012
0.01262408
0.01279743
0.01287902
0.01286712
0.01275952
0.01255379
0.01224778
0.01184024
0.01133137
0.01072335
0.01002066
0.00923007
0.00836046
0.00742226
0.00642676
0.00538535
0.00430875
0.00320646
0.00208651
0.00095541
-0.00018150
-0.00131949
-0.00245376
-0.00357874
-0.00468751
-0.00577151
-0.00682048
-0.00782277
-0.00876594
-0.00963750
-0.01042578
-0.01112067
-0.01171428
-0.01220124
-0.01257879
-0.01284653
-0.01300592
-0.01305975
-0.01301142
-0.01286444
-0.01262200
-0.01228675
-0.01186081
-0.01134598
-0.01074407
-0.01005728
-0.00928861
-0.00844210
-0.00752312
-0.00653832
-0.00549562
-0.00440399
-0.00327325
-0.00211380
-0.00093637
0.00024818
0.00142898
0.00259535
0.00373684
0.00484339
0.00590544
0.00691407
0.00786119
0.00873966
0.00954345
0.01026767
0.01090855
0.01146332
0.01192997
0.01230699
0.01259307
0.01278680
0.01288655
0.01289039
0.01279621
0.01260199
0.01230618
0.01190820
0.01140887
0.01081080
0.01011863
0.00933905
0.00848058
0.00755315
0.00656753
0.00553466
0.00446499
0.00336801
0.00225189
0.00112343
-0.00001171
-0.00114857
-0.00228231
-0.00340749
-0.00451757
-0.00560442
-0.00665825
-0.00766772
-0.00862048
-0.00950384
-0.01030562
-0.01101505
-0.01162346
-0.01212483
-0.01251595
-0.01279631
-0.01296765
-0.01303331
-0.01299744
-0.01286430
-0.01263766
-0.01232041
-0.01191451
-0.01142119
-0.01084134
-0.01017611
-0.00942742
-0.00859849
-0.00769415
-0.00672092
-0.00568698
-0.00460177
-0.00347570
-0.00231965
-0.00114461
0.00003860
0.00121948
0.00238788
0.00353398
0.00464816
0.00572101
0.00674334
0.00770635
0.00860184
0.00942255
0.01016239
0.01081667
0.01138218
0.01185702
0.01224039
0.01253213
0.01273224
0.01284048
0.01285602
0.01277735
0.01260245
0.01232916
0.01195572
0.01148147
0.01090747
0.01023695
0.00947554
0.00863122
0.00771390
0.00673477
0.00570554
0.00463763
0.00354141
0.00242583
0.00129820
0.00016438
-0.00097073
-0.00210257
-0.00322614
-0.00433537
-0.00542265
-0.00647865
-0.00749245
-0.00845203
-0.00934496
-0.01015922
-0.01088405
-0.01151065
-0.01203262
-0.01244622
-0.01275020
-0.01294547
-0.01303452
-0.01302079
-0.01290805
-0.01269989
-0.01239938
-0.01200893
-0.01153045
-0.01096552
-0.01031580
-0.00958343
-0.00877138
-0.00788381
-0.00692620
-0.00590543
-0.00482973
-0.00370856
-0.00255234
-0.00137223
-0.00017986
0.00101293
0.00219434
0.00335287
0.00447755
0.00555814
0.00658534
0.00755099
0.00844814
0.00927117
0.01001568
0.01067843
0.01125709
0.01174998
0.01215573
0.01247297
0.01270010
0.01283514
0.01287572
0.01281924
0.01266317
0.01240547
0.01204509
0.01158239
0.01101956
0.01036083
0.00961248
0.00878267
0.00788098
0.00691791
0.00590420
0.00485019
0.00376535
0.00265788
0.00153470
0.00040158
-0.00073640
-0.00187433
-0.00300677
-0.00412719
-0.00522757
-0.00629816
-0.00732770
-0.00830376
-0.00921351
-0.01004448
-0.01078551
-0.01142743
-0.01196371
-0.01239063
-0.01270725
-0.01291500
-0.01301698
-0.01301728
-0.01292011
-0.01272922
-0.01244742
-0.01207648
-0.01161729
-0.01107028
-0.01043598
-0.00971566
-0.00891193
-0.00802908
-0.00707334
-0.00605275
-0.00497692
-0.00385659
-0.00270312
-0.00152803
-0.00034260
0.00084233
0.00201650
0.00317013
0.00429385
0.00537859
0.00641553
0.00739612
0.00831231
0.00915674
0.00992308
0.01060623
0.01120250
0.01170957
0.01212630
0.01245235
0.01268773
0.01283231
0.01288540
0.01284556
0.01271063
0.01247796
0.01214503
0.01171006
0.01117279
0.01053508
0.00980140
0.00897885
0.00807704
0.00710746
0.00608273
0.00501561
0.00391816
0.00280097
0.00167273
0.00054015
-0.00059173
-0.00171894
-0.00283783
-0.00394410
-0.00503218
-0.00609462
-0.00712200
-0.00810306
-0.00902533
-0.00987590
-0.01064240
-0.01131393
-0.01188184
-0.01234023
-0.01268616
-0.01291942
-0.01304210
-0.01305788
-0.01297129
-0.01278695
-0.01250902
-0.01214083
-0.01168485
-0.01114282
-0.01051621
-0.00980663
-0.00901648
-0.00814931
-0.00721020
-0.00620587
-0.00514466
-0.00403625
-0.00289132
-0.00172121
-0.00053744
0.00064859
0.00182583
0.00298377
0.00411248
0.00520260
0.00624540
0.00723271
0.00815699
0.00901145
0.00979013
0.01048798
0.01110103
0.01162628
0.01206168
0.01240591
0.01265814
0.01281768
0.01288378
0.01285541
0.01273120
0.01250964
0.01218930
0.01176934
0.01124998
0.01063302
0.00992226
0.00912365
0.00824528
0.00729705
0.00629014
0.00523628
0.00414701
0.00303299
0.00190348
0.00076614
-0.00037291
-0.00150865
-0.00263658
-0.00375192
-0.00484893
-0.00592029
-0.00695686
-0.00794774
-0.00888071
-0.00974293
-0.01052194
-0.01120660
-0.01178797
-0.01225994
-0.01261953
-0.01286669
-0.01300389
-0.01303535
-0.01296612
-0.01280124
-0.01254501
-0.01220058
-0.01176984
-0.01125364
-0.01065237
-0.00996653
-0.00919751
-0.00834817
-0.00742323
-0.00642945
-0.00537548
-0.00427153
-0.00312890
-0.00195938
-0.00077484
0.00041322
0.00159386
0.00275680
0.00389232
0.00499125
0.00604479
0.00704456
0.00798267
0.00885185
0.00964572
0.01035896
0.01098751
0.01152853
0.01198033
0.01234200
0.01261306
0.01279302
0.01288098
0.01287542
0.01277420
0.01257481
0.01227483
0.01187257
0.01136776
0.01076214
0.01005992
0.00926783
0.00839499
0.00745234
0.00645189
0.00540581
0.00432562
0.00322143
0.00210162
0.00097272
-0.00016023
-0.00129309
-0.00242182
-0.00354163
-0.00464633
-0.00572785
-0.00677613
-0.00777944
-0.00872495
-0.00959962
-0.01039113
-0.01108884
-0.01168447
-0.01217253
-0.01255045
-0.01281826
-0.01297807
-0.01303337
-0.01298822
-0.01284660
-0.01261186
-0.01228652
-0.01187225
-0.01137014
-0.01078112
-0.01010650
-0.00934847
-0.00851047
-0.00759749
-0.00661611
-0.00557439
-0.00448164
-0.00334810
-0.00218460
-0.00100222
0.00018789
0.00137473
0.00254750
0.00369572
0.00480921
0.00587825
0.00689365
0.00784696
0.00873064
0.00953831
0.01026483
0.01090637
0.01146037
0.01192526
0.01230019
0.01258466
0.01277810
0.01287960
0.01288774
0.01280059
0.01261598
0.01233183
0.01194677
0.01146065
0.01087507
0.01019374
0.00942265
0.00856990
0.00764535
0.00665998
0.00562524
0.00455225
0.00345120
0.00233097
0.00119891
0.00006107
-0.00107741
-0.00221173
-0.00333666
-0.00444601
-0.00553209
-0.00658558
-0.00759560
-0.00855018
-0.00943691
-0.01024375
-0.01095992
-0.01157657
-0.01208733
-0.01248854
-0.01277913
-0.01296027
-0.01303476
-0.01300638
-0.01287918
-0.01265695
-0.01234285
-0.01193931
-0.01144814
-0.01087085
-0.01020910
-0.00946512
-0.00864219
-0.00774487
-0.00677915
-0.00575244
-0.00467343
-0.00355176
-0.00239781
-0.00122238
-0.00003646
0.00114895
0.00232296
0.00347485
0.00459423
0.00567109
0.00669603
0.00766039
0.00855652
0.00937796
0.01011953
0.01077738
0.01134889
0.01183238
0.01222679
0.01253129
0.01274493
0.01286634
0.01289360
0.01282441
0.01265628
0.01238704
0.01201537
0.01154133
0.01096689
0.01029612
0.00953535
0.00869283
0.00777841
0.00680283
0.00577708
0.00471172
0.00361637
0.00249940
0.00136791
0.00022792
-0.00091517
-0.00205601
-0.00318875
-0.00430648
-0.00540093
-0.00646242
-0.00747996
-0.00844176
-0.00933581
-0.01015061
-0.01087585
-0.01150306
-0.01202599
-0.01244084
-0.01274615
-0.01294254
-0.01303224
-0.01301854
-0.01290525
-0.01269615
-0.01239472
-0.01200388
-0.01152602
-0.01096316
-0.01031725
-0.00959050
-0.00878579
-0.00790694
-0.00695904
-0.00594849
-0.00488305
-0.00377176
-0.00262470
-0.00145272
-0.00026720
0.00092028
0.00209822
0.00325546
0.00438133
0.00546589
0.00650002
0.00747552
0.00838518
0.00922280
0.00998321
0.01066219
0.01125637
0.01176309
0.01218021
0.01250593
0.01273860
0.01287657
0.01291817
0.01286168
0.01270556
0.01244864
0.01209050
0.01163178
0.01107455
0.01042258
0.00968138
0.00885821
0.00796179
0.00700189
0.00598883
0.00493288
0.00384377
0.00273029
0.00160011
0.00045981
-0.00068480
-0.00182828
-0.00296496
-0.00408838
-0.00519084
-0.00626316
-0.00729467
-0.00827357
-0.00918747
-0.01002413
-0.01077233
-0.01142263
-0.01196794
-0.01240390
-0.01272889
-0.01294373
-0.01305109
-0.01305487
-0.01295935
-0.01276858
-0.01248586
-0.01211358
-0.01165324
-0.01110578
-0.01047210
-0.00975359
-0.00895276
-0.00807361
-0.00712192
-0.00610523
-0.00503270
-0.00391473
-0.00276256
-0.00158782
-0.00040208
0.00078335
0.00195768
0.00311067
0.00423264
0.00531446
0.00634757
0.00732400
0.00823649
0.00907864
0.00984500
0.01053121
0.01113397
0.01165090
0.01208032
0.01242092
0.01267139
0.01283015
0.01289515
0.01286388
0.01273359
0.01250167
0.01216624
0.01172674
0.01118447
0.01054301
0.00980833
0.00898868
0.00809411
0.00713586
0.00612551
0.00507421
0.00399204
0.00288752
0.00176758
0.00063773
-0.00049744
-0.00163356
-0.00276569
-0.00388771
-0.00499185
-0.00606849
-0.00710638
-0.00809311
-0.00901588
-0.00986233
-0.01062138
-0.01128400
-0.01184361
-0.01229628
-0.01264059
-0.01287719
-0.01300824
-0.01303674
-0.01296591
-0.01279870
-0.01253757
-0.01218438
-0.01174057
-0.01120748
-0.01058676
-0.00988075
-0.00909282
-0.00822760
-0.00729101
-0.00629025
-0.00523362
-0.00413029
-0.00299009
-0.00182327
-0.00064036
0.00054793
0.00173081
0.00289749
0.00403723
0.00513954
0.00619432
0.00719217
0.00812463
0.00898443
0.00976570
0.01046402
0.01107637
0.01160095
0.01203679
0.01238340
0.01264032
0.01280674
0.01288131
0.01286207
0.01274659
0.01253236
0.01221726
0.01180013
0.01128140
0.01066345
0.00995096
0.00915085
0.00827207
0.00732512
0.00632134
0.00527223
0.00418872
0.00308060
0.00195625
0.00082254
-0.00031490
-0.00145121
-0.00258162
-0.00370082
-0.00480231
-0.00587805
-0.00691829
-0.00791180
-0.00884633
-0.00970939
-0.01048908
-0.01117494
-0.01175871
-0.01223477
-0.01260032
-0.01285523
-0.01300152
-0.01304274
-0.01298316
-0.01282702
-0.01257800
-0.01223885
-0.01181134
-0.01129652
-0.01069518
-0.01000843
-0.00923830
-0.00838823
-0.00746342
-0.00647090
-0.00541938
-0.00431890
-0.00318039
-0.00201518
-0.00083455
0.00035059
0.00152980
0.00269319
0.00383128
0.00493486
0.00599492
0.00700261
0.00794937
0.00882716
0.00962877
0.01034817
0.01098078
0.01152358
0.01197500
0.01233470
0.01260304
0.01278060
0.01286758
0.01286340
0.01276655
0.01257466
0.01228496
0.01189488
0.01140290
0.01080936
0.01011705
0.00933166
0.00846173
0.00751821
0.00651376
0.00546173
0.00437509
0.00326547
0.00214252
0.00101358
-0.00011613
-0.00124294
-0.00236388
-0.00347560
-0.00457348
-0.00565085
-0.00669864
-0.00770551
-0.00865837
-0.00954333
-0.01034681
-0.01105666
-0.01166322
-0.01215994
-0.01254366
-0.01281441
-0.01297484
-0.01302937
-0.01298322
-0.01284153
-0.01260859
-0.01228748
-0.01188001
-0.01138696
-0.01080862
-0.01014547
-0.00939878
-0.00857121
-0.00766716
-0.00669287
-0.00565634
-0.00456703
-0.00343546
-0.00227277
-0.00109038
0.00010034
0.00128822
0.00246240
0.00361234
0.00472789
0.00579927
0.00681725
0.00777331
0.00865986
0.00947049
0.01020007
0.01084486
0.01140238
0.01187122
0.01225063
0.01254016
0.01273924
0.01284685
0.01286137
0.01278069
0.01260238
0.01232420
0.01194465
0.01146351
0.01088238
0.01020500
0.00943734
0.00858745
0.00766507
0.00668103
0.00564663
0.00457288
0.00347003
0.00234718
0.00121211
0.00007146
-0.00106895
-0.00220365
-0.00332695
-0.00443244
-0.00551266
-0.00655886
-0.00756114
-0.00850872
-0.00939039
-0.01019521
-0.01091308
-0.01153537
-0.01205539
-0.01246863
-0.01277283
-0.01296780
-0.01305508
-0.01303744
-0.01291838
-0.01270160
-0.01239066
-0.01198870
-0.01149837
-0.01092194
-0.01026159
-0.00951970
-0.00869932
-0.00780446
-0.00684046
-0.00581409
-0.00473362
-0.00360866
-0.00244994
-0.00126897
-0.00007765
0.00111209
0.00228863
0.00344094
0.00455873
0.00563264
0.00665418
0.00761586
0.00851103
0.00933397
0.01007975
0.01074424
0.01132401
0.01181627
0.01221875
0.01252959
0.01274714
0.01286993
0.01289650
0.01282544
0.01265547
0.01238562
0.01201552
0.01154573
0.01097814
0.01031621
0.00956518
0.00873210
0.00782565
0.00685575
0.00583308
0.00476849
0.00367238
0.00255424
0.00142237
0.00028380
-0.00085551
-0.00199023
-0.00311513
-0.00422440
-0.00531118
-0.00636715
-0.00738248
-0.00834600
-0.00924573
-0.01006960
-0.01080630
-0.01144608
-0.01198145
-0.01240759
-0.01272247
-0.01292662
-0.01302261
-0.01301434
-0.01290630
-0.01270281
-0.01240755
-0.01202322
-0.01155157
-0.01099375
-0.01035070
-0.00962385
-0.00881564
-0.00793002
-0.00697274
-0.00595140
-0.00487523
-0.00375481
-0.00260156
-0.00142723
-0.00024349
0.00093841
0.00210783
0.00325483
0.00437011
0.00544494
0.00647108
0.00744078
0.00834679
0.00918246
0.00994196
0.01062036
0.01121375
0.01171922
0.01213475
0.01245901
0.01269102
0.01282990
0.01287456
0.01282367
0.01267563
0.01242885
0.01208213
0.01163515
0.01108901
0.01044660
0.00971290
0.00889496
0.00800170
0.00704339
0.00603103
0.00497563
0.00388753
0.00277593
0.00164862
0.00051206
-0.00062831
-0.00176753
-0.00290039
-0.00402081
-0.00512130
-0.00619269
-0.00722415
-0.00820361
-0.00911835
-0.00995589
-0.01070487
-0.01135587
-0.01190201
-0.01233926
-0.01266639
-0.01288461
-0.01299693
-0.01300741
-0.01292033
-0.01273958
-0.01246813
-0.01210792
-0.01165994
-0.01112463
-0.01050241
-0.00979436
-0.00900270
-0.00813131
-0.00718594
-0.00617418
-0.00510531
-0.00398985
-0.00283913
-0.00166481
-0.00047850
0.00070860
0.00188578
0.00304294
0.00417049
0.00525933
0.00630076
0.00728655
0.00820898
0.00906105
0.00983663
0.01053065
0.01113917
0.01165943
0.01208961
0.01242864
0.01267581
0.01283045
0.01289159
0.01285787
0.01272752
0.01249866
0.01216969
0.01173983
0.01120974
0.01058194
0.00986116
0.00905437
0.00817055
0.00722023
0.00621473
0.00516543
0.00408303
0.00297696
0.00185508
0.00072371
-0.00041204
-0.00154770
-0.00267870
-0.00379963
-0.00490360
-0.00598194
-0.00702409
-0.00801802
-0.00895077
-0.00980939
-0.01058179
-0.01125770
-0.01182930
-0.01229162
-0.01264262
-0.01288281
-0.01301479
-0.01304241
-0.01297005
-0.01280191
-0.01254150
-0.01219141
-0.01175329
-0.01122822
-0.01061709
-0.00992118
-0.00914271
-0.00828524
-0.00735400
-0.00635590
-0.00529944
-0.00419447
-0.00305179
-0.00188273
-0.00069883
0.00048853
0.00166833
0.00283003
0.00396369
0.00505992
0.00610995
0.00710563
0.00803947
0.00890474
0.00969551
0.01040675
0.01103430
0.01157486
0.01202589
0.01238539
0.01265178
0.01282366
0.01289972
0.01287861
0.01275911
0.01254019
0.01222132
0.01180282
0.01128615
0.01067419
0.00997144
0.00918405
0.00831966
0.00738712
0.00639611
0.00535661
0.00427846
0.00317098
0.00204268
0.00090122
-0.00024650
-0.00139402
-0.00253498
-0.00366268
-0.00476962
-0.00584735
-0.00688629
-0.00787594
-0.00880519
-0.00966289
-0.01043846
-0.01112256
-0.01170762
-0.01218825
-0.01256138
-0.01282622
-0.01298385
-0.01303680
-0.01298840
-0.01284225
-0.01260165
-0.01226939
-0.01184759
-0.01133788
-0.01074169
-0.01006070
-0.00929733
-0.00845512
-0.00753907
-0.00655569
-0.00551300
-0.00442026
-0.00328766
-0.00212597
-0.00094612
0.00024097
0.00142465
0.00259451
0.00374046
0.00485265
0.00592150
0.00693772
0.00789256
0.00877794
0.00958682
0.01031340
0.01095336
0.01150381
0.01196320
0.01233098
0.01260713
0.01279170
0.01288433
0.01288399
0.01278884
0.01259655
0.01230466
0.01191131
0.01141595
0.01082000
0.01012736
0.00934458
0.00848065
0.00754650
0.00655415
0.00551580
0.00444288
0.00334532
0.00223113
0.00110639
-0.00002433
-0.00115730
-0.00228867
-0.00341360
-0.00452550
-0.00561560
-0.00667297
-0.00768494
-0.00863792
-0.00951840
-0.01031407
-0.01101476
-0.01161311
-0.01210485
-0.01248863
-0.01276551
-0.01293816
-0.01300997
-0.01298426
-0.01286360
-0.01264957
-0.01234276
-0.01194312
-0.01145056
-0.01086554
-0.01018973
-0.00942643
-0.00858075
-0.00765964
-0.00667150
-0.00562589
-0.00453294
-0.00340301
-0.00224635
-0.00107297
0.00010735
0.00128494
0.00245011
0.00359300
0.00470362
0.00577195
0.00678827
0.00774352
0.00862971
0.00944023
0.01017010
0.01081593
0.01137574
0.01184853
0.01223384
0.01253115
0.01273946
0.01285707
0.01288148
0.01280965
0.01263844
0.01236520
0.01198843
0.01150833
0.01092726
0.01024988
0.00948311
0.00863577
0.00771803
0.00674077
0.00571488
0.00465069
0.00355754
0.00244354
0.00131563
0.00017981
-0.00095850
-0.00209389
-0.00322052
-0.00433166
-0.00541939
-0.00647451
-0.00748666
-0.00844458
-0.00933667
-0.01015150
-0.01087853
-0.01150871
-0.01203495
-0.01245252
-0.01275912
-0.01295480
-0.01304161
-0.01302307
-0.01290358
-0.01268775
-0.01237984
-0.01198334
-0.01150082
-0.01093402
-0.01028410
-0.00955224
-0.00874022
-0.00785103
-0.00688939
-0.00586210
-0.00477802
-0.00364792
-0.00248398
-0.00129918
-0.00010662
0.00108112
0.00225249
0.00339724
0.00450650
0.00557262
0.00658888
0.00754915
0.00844756
0.00927833
0.01003568
0.01071395
0.01130786
0.01181280
0.01222503
0.01254195
0.01276200
0.01288460
0.01290982
0.01283807
0.01266976
0.01240515
0.01204433
0.01158745
0.01103512
0.01038897
0.00965217
0.00882989
0.00792946
0.00696033
0.00593362
0.00486146
0.00375612
0.00262920
0.00149086
0.00034946
-0.00078855
-0.00191825
-0.00303560
-0.00413659
-0.00521631
-0.00626822
-0.00728373
-0.00825220
-0.00916137
-0.00999818
-0.01074983
-0.01140493
-0.01195451
-0.01239269
-0.01271693
-0.01292789
-0.01302877
-0.01302443
-0.01292037
-0.01272177
-0.01243278
-0.01205613
-0.01159322
-0.01104449
-0.01041005
-0.00969054
-0.00888783
-0.00800563
-0.00704975
-0.00602813
-0.00495053
-0.00382806
-0.00267255
-0.00149600
-0.00031013
0.00087393
0.00204576
0.00319556
0.00431407
0.00539244
0.00642215
0.00739509
0.00830368
0.00914115
0.00990176
0.01058101
0.01117571
0.01168383
0.01210422
0.01243623
0.01267915
0.01283185
0.01289246
0.01285834
0.01272632
0.01249311
0.01215608
0.01171389
0.01116724
0.01051937
0.00977623
0.00894635
0.00804037
0.00707028
0.00604851
0.00498700
0.00389649
0.00278597
0.00166257
0.00053173
-0.00060219
-0.00173524
-0.00286303
-0.00397998
-0.00507880
-0.00615027
-0.00718336
-0.00816571
-0.00908435
-0.00992662
-0.01068102
-0.01133804
-0.01189070
-0.01233481
-0.01266887
-0.01289379
-0.01301223
-0.01302791
-0.01294493
-0.01276711
-0.01249758
-0.01213860
-0.01169160
-0.01115746
-0.01053694
-0.00983127
-0.00904260
-0.00817453
-0.00723232
-0.00622306
-0.00515557
-0.00404015
-0.00288814
-0.00171156
-0.00052254
0.00066699
0.00184571
0.00300305
0.00412929
0.00521557
0.00625382
0.00723664
0.00815724
0.00900942
0.00978755
0.01048662
0.01110232
0.01163106
0.01207004
0.01241712
0.01267074
0.01282979
0.01289335
0.01286060
0.01273068
0.01250280
0.01217633
0.01175115
0.01122800
0.01060892
0.00989760
0.00909960
0.00822244
0.00727535
0.00626895
0.00521460
0.00412376
0.00300731
0.00187504
0.00073528
-0.00040509
-0.00154045
-0.00266590
-0.00377663
-0.00486725
-0.00593114
-0.00696012
-0.00794434
-0.00887256
-0.00973274
-0.01051278
-0.01120150
-0.01178943
-0.01226957
-0.01263769
-0.01289247
-0.01303516
-0.01306899
-0.01299849
-0.01282861
-0.01256407
-0.01220888
-0.01176607
-0.01123779
-0.01062562
-0.00993109
-0.00915621
-0.00830406
-0.00737916
-0.00638767
-0.00533744
-0.00423776
-0.00309908
-0.00193255
-0.00074964
0.00043820
0.00161981
0.00278446
0.00392193
0.00502249
0.00607699
0.00707685
0.00801416
0.00888185
0.00967381
0.01038504
0.01101168
0.01155097
0.01200113
0.01236101
0.01262983
0.01280681
0.01289089
0.01288061
0.01277415
0.01256956
0.01226511
0.01185989
0.01135424
0.01075030
0.01005225
0.00926643
0.00840115
0.00746628
0.00647264
0.00543135
0.00435313
0.00324778
0.00212382
0.00098846
-0.00015224
-0.00129293
-0.00242841
-0.00355301
-0.00466003
-0.00574142
-0.00678763
-0.00778779
-0.00873010
-0.00960250
-0.01039336
-0.01109231
-0.01169084
-0.01218279
-0.01256455
-0.01283504
-0.01299533
-0.01304824
-0.01299762
-0.01284780
-0.01260297
-0.01226682
-0.01184234
-0.01133180
-0.01073701
-0.01005965
-0.00930175
-0.00846614
-0.00755683
-0.00657931
-0.00554069
-0.00444959
-0.00331603
-0.00215108
-0.00096651
0.00022561
0.00141332
0.00258500
0.00372967
0.00483716
0.00589817
0.00690437
0.00784839
0.00872383
0.00952527
0.01024822
0.01088907
0.01144499
0.01191379
0.01229374
0.01258332
0.01278106
0.01288535
0.01289435
0.01280603
0.01261837
0.01232967
0.01193897
0.01144654
0.01085431
0.01016623
0.00938840
0.00852904
0.00759815
0.00660693
0.00556716
0.00449039
0.00338726
0.00226703
0.00113732
0.00000413
-0.00112771
-0.00225398
-0.00337033
-0.00447147
-0.00555064
-0.00659920
-0.00760665
-0.00856101
-0.00944944
-0.01025921
-0.01097859
-0.01159787
-0.01210992
-0.01251067
-0.01279903
-0.01297653
-0.01304669
-0.01301412
-0.01288375
-0.01266001
-0.01234638
-0.01194519
-0.01145773
-0.01088464
-0.01022654
-0.00948465
-0.00866140
-0.00776090
-0.00678913
-0.00575398
-0.00466498
-0.00353291
-0.00236934
-0.00118615
0.00000490
0.00119241
0.00236553
0.00351402
0.00462823
0.00569907
0.00671803
0.00767722
0.00856952
0.00938865
0.01012936
0.01078750
0.01135997
0.01184461
0.01223995
0.01254486
0.01275827
0.01287881
0.01290474
0.01283392
0.01266405
0.01239309
0.01201974
0.01154407
0.01096791
0.01029528
0.00953240
0.00868761
0.00777084
0.00679306
0.00576555
0.00469916
0.00360376
0.00248786
0.00135857
0.00022178
-0.00091735
-0.00205386
-0.00318226
-0.00429598
-0.00538705
-0.00644589
-0.00746158
-0.00842224
-0.00931570
-0.01013032
-0.01085567
-0.01148325
-0.01200689
-0.01242296
-0.01273023
-0.01292956
-0.01302334
-0.01301494
-0.01290801
-0.01270603
-0.01241195
-0.01202803
-0.01155592
-0.01099693
-0.01035238
-0.00962407
-0.00881471
-0.00792829
-0.00697033
-0.00594796
-0.00486986
-0.00374608
-0.00258773
-0.00140656
-0.00021466
0.00097601
0.00215387
0.00330800
0.00442830
0.00550559
0.00653164
0.00749917
0.00840175
0.00923377
0.00999035
0.01066725
0.01126078
0.01176773
0.01218529
0.01251097
0.01274256
0.01287809
0.01291585
0.01285443
0.01269283
0.01243060
0.01206806
0.01160646
0.01104820
0.01039701
0.00965799
0.00883763
0.00794367
0.00698489
0.00597077
0.00491117
0.00381592
0.00269447
0.00155572
0.00040785
-0.00074163
-0.00188572
-0.00301764
-0.00413053
-0.00521711
-0.00626945
-0.00727881
-0.00823576
-0.00913029
-0.00995232
-0.01069206
-0.01134066
-0.01189065
-0.01233636
-0.01267419
-0.01290263
-0.01302212
-0.01303470
-0.01294356
-0.01275255
-0.01246568
-0.01208674
-0.01161907
-0.01106555
-0.01042866
-0.00971083
-0.00891474
-0.00804380
-0.00710247
-0.00609655
-0.00503335
-0.00392167
-0.00277166
-0.00159455
-0.00040234
0.00079266
0.00197816
0.00314228
0.00427384
0.00536260
0.00639941
0.00737630
0.00828651
0.00912446
0.00988567
0.01056662
0.01116457
0.01167738
0.01210326
0.01244054
0.01268752
0.01284227
0.01290267
0.01286644
0.01273135
0.01249554
0.01215791
0.01171853
0.01117899
0.01054272
0.00981509
0.00900333
0.00811627
0.00716391
0.00615683
0.00510565
0.00402042
0.00291025
0.00178310
0.00064576
-0.00049581
-0.00163612
-0.00276953
-0.00388976
-0.00498940
-0.00605968
-0.00709042
-0.00807036
-0.00898764
-0.00983050
-0.01058808
-0.01125107
-0.01181235
-0.01226729
-0.01261379
-0.01285203
-0.01298400
-0.01301282
-0.01294210
-0.01277530
-0.01251530
-0.01216422
-0.01172340
-0.01119379
-0.01057632
-0.00987250
-0.00908493
-0.00821769
-0.00727661
-0.00626928
-0.00520486
-0.00409374
-0.00294712
-0.00177652
-0.00059339
0.00059120
0.00176673
0.00292329
0.00405153
0.00514260
0.00618805
0.00717985
0.00811037
0.00897258
0.00976014
0.01046763
0.01109060
0.01162566
0.01207036
0.01242300
0.01268237
0.01284747
0.01291723
0.01289039
0.01276552
0.01254120
0.01221638
0.01179082
0.01126558
0.01064339
0.00992895
0.00912897
0.00825190
0.00730758
0.00630661
0.00525971
0.00417707
0.00306795
0.00194038
0.00080122
-0.00034353
-0.00148829
-0.00262729
-0.00375399
-0.00486068
-0.00593823
-0.00697622
-0.00796323
-0.00888748
-0.00973750
-0.01050291
-0.01117504
-0.01174739
-0.01221581
-0.01257841
-0.01283522
-0.01298770
-0.01303812
-0.01298904
-0.01284286
-0.01260157
-0.01226675
-0.01183968
-0.01132168
-0.01071444
-0.01002046
-0.00924329
-0.00838773
-0.00745990
-0.00646709
-0.00541765
-0.00432074
-0.00318608
-0.00202381
-0.00084429
0.00034196
0.00152432
0.00269214
0.00383483
0.00494200
0.00600370
0.00701063
0.00795441
0.00882782
0.00962492
0.01034111
0.01097303
0.01151832
0.01197530
0.01234267
0.01261910
0.01280307
0.01289274
0.01288602
0.01278078
0.01257525
0.01226841
0.01186040
0.01135293
0.01074940
0.01005502
0.00927658
0.00842220
0.00750084
0.00652188
0.00549461
0.00442792
0.00333006
0.00220855
0.00107039
-0.00007780
-0.00122940
-0.00237744
-0.00351431
-0.00463156
-0.00571982
-0.00676891
-0.00776809
-0.00870639
-0.00957313
-0.01035834
-0.01105323
-0.01165059
-0.01214500
-0.01253299
-0.01281292
-0.01298486
-0.01305028
-0.01301164
-0.01287207
-0.01263495
-0.01230362
-0.01188127
-0.01137077
-0.01077484
-0.01009620
-0.00933779
-0.00850314
-0.00759664
-0.00662375
-0.00559121
-0.00450704
-0.00338051
-0.00222193
-0.00104242
0.00014645
0.00133293
0.00250544
0.00365286
0.00476470
0.00583134
0.00684407
0.00779518
0.00867801
0.00948688
0.01021709
0.01086484
0.01142711
0.01190153
0.01228619
0.01257947
0.01277989
0.01288590
0.01289592
0.01280829
0.01262151
0.01233444
0.01194671
0.01145908
0.01087382
0.01019494
0.00942837
0.00858179
0.00766442
0.00668648
0.00565866
0.00459147
0.00349469
0.00237699
0.00124579
0.00010733
-0.00103295
-0.00216988
-0.00329793
-0.00441064
-0.00550014
-0.00655698
-0.00757023
-0.00852791
-0.00941759
-0.01022729
-0.01094626
-0.01156574
-0.01207948
-0.01248393
-0.01277817
-0.01296346
-0.01304265
-0.01301947
-0.01289779
-0.01268110
-0.01237219
-0.01197305
-0.01148509
-0.01090950
-0.01024777
-0.00950220
-0.00867629
-0.00777504
-0.00680500
-0.00577420
-0.00469184
-0.00356800
-0.00241325
-0.00123839
-0.00005418
0.00112876
0.00230000
0.00344931
0.00456663
0.00564221
0.00666667
0.00763121
0.00852795
0.00935008
0.01009216
0.01075016
0.01132139
0.01180435
0.01219828
0.01250279
0.01271739
0.01284111
0.01287237
0.01280892
0.01264813
0.01238745
0.01202499
0.01156011
0.01099404
0.01033022
0.00957446
0.00873478
0.00782102
0.00684423
0.00581591
0.00474728
0.00364869
0.00252920
0.00139643
0.00025671
-0.00088449
-0.00202208
-0.00315065
-0.00426392
-0.00535436
-0.00641293
-0.00742927
-0.00839193
-0.00928906
-0.01010905
-0.01084127
-0.01147676
-0.01200872
-0.01243277
-0.01274696
-0.01295156
-0.01304858
-0.01304128
-0.01293352
-0.01272923
-0.01243204
-0.01204498
-0.01157051
-0.01101059
-0.01036706
-0.00964195
-0.00883794
-0.00795872
-0.00700924
-0.00599590
-0.00492657
-0.00381043
-0.00265780
-0.00147981
-0.00028815
0.00090532
0.00208879
0.00325080
0.00438039
0.00546734
0.00650228
0.00747682
0.00838366
0.00921670
0.00997103
0.01064292
0.01122972
0.01172962
0.01214144
0.01246428
0.01269721
0.01283899
0.01288795
0.01284195
0.01269859
0.01245549
0.01211083
0.01166388
0.01111551
0.01046863
0.00972838
0.00890219
0.00799941
0.00703085
0.00600805
0.00494258
0.00384531
0.00272591
0.00159258
0.00045205
-0.00069005
-0.00182868
-0.00295872
-0.00407426
-0.00516816
-0.00623166
-0.00725451
-0.00822524
-0.00913180
-0.00996235
-0.01070608
-0.01135399
-0.01189937
-0.01233809
-0.01266851
-0.01289115
-0.01300810
-0.01302236
-0.01293721
-0.01275570
-0.01248036
-0.01211311
-0.01165549
-0.01110899
-0.01047545
-0.00975755
-0.00895909
-0.00808518
-0.00714227
-0.00613797
-0.00508080
-0.00397989
-0.00284473
-0.00168493
-0.00051018
0.00066977
0.00184502
0.00300549
0.00414082
0.00524050
0.00629405
0.00729137
0.00822310
0.00908106
0.00985858
0.01055073
0.01115432
0.01166769
0.01209035
0.01242243
0.01266420
0.01281548
0.01287542
0.01284233
0.01271386
0.01248741
0.01216069
0.01173239
0.01120278
0.01057424
0.00985148
0.00904154
0.00815347
0.00719783
0.00618596
0.00512930
0.00403866
0.00292382
0.00179319
0.00065388
-0.00048806
-0.00162715
-0.00275798
-0.00387457
-0.00496999
-0.00603601
-0.00706307
-0.00804053
-0.00895704
-0.00980119
-0.01056216
-0.01123043
-0.01179830
-0.01226031
-0.01261339
-0.01285677
-0.01299168
-0.01302089
-0.01294806
-0.01277724
-0.01251227
-0.01215649
-0.01171250
-0.01118226
-0.01056731
-0.00986919
-0.00908991
-0.00823247
-0.00730129
-0.00630248
-0.00524397
-0.00413539
-0.00298780
-0.00181324
-0.00062429
0.00056654
0.00174720
0.00290648
0.00403424
0.00512146
0.00616022
0.00714358
0.00806539
0.00892014
0.00970285
0.01040896
0.01103435
0.01157532
0.01202861
0.01239143
0.01266142
0.01283659
0.01291528
0.01289608
0.01277780
0.01255959
0.01224105
0.01182247
0.01130520
0.01069186
0.00998670
0.00919568
0.00832646
0.00738819
0.00639111
0.00534596
0.00426348
0.00315374
0.00202580
0.00088744
-0.00025474
-0.00139509
-0.00252831
-0.00364895
-0.00475070
-0.00582599
-0.00686571
-0.00785929
-0.00879505
-0.00966084
-0.01044486
-0.01113648
-0.01172701
-0.01221027
-0.01258282
-0.01284385
-0.01299487
-0.01303904
-0.01298046
-0.01282348
-0.01257211
-0.01222962
-0.01179849
-0.01128054
-0.01067728
-0.00999042
-0.00922232
-0.00837646
-0.00745772
-0.00647247
-0.00542855
-0.00433503
-0.00320193
-0.00203992
-0.00085997
0.00032679
0.00150933
0.00267676
0.00381842
0.00492402
0.00598369
0.00698823
0.00792934
0.00879977
0.00959360
0.01030630
0.01093474
0.01147696
0.01193191
0.01229901
0.01257771
0.01276713
0.01286574
0.01287136
0.01278125
0.01259253
0.01230269
0.01191020
0.01141512
0.01081957
0.01012798
0.00934708
0.00848567
0.00755406
0.00656342
0.00552504
0.00444969
0.00334706
0.00222554
0.00109215
-0.00004717
-0.00118712
-0.00232248
-0.00344749
-0.00455540
-0.00563809
-0.00668606
-0.00768858
-0.00863408
-0.00951083
-0.01030755
-0.01101415
-0.01162230
-0.01212588
-0.01252111
-0.01280657
-0.01298283
-0.01305207
-0.01301750
-0.01288280
-0.01265161
-0.01232719
-0.01191226
-0.01140902
-0.01081936
-0.01014521
-0.00938898
-0.00855398
-0.00764477
-0.00666741
-0.00562952
-0.00454017
-0.00340969
-0.00224923
-0.00107043
0.00011503
0.00129577
0.00246097
0.00360050
0.00470505
0.00576602
0.00677553
0.00772635
0.00861182
0.00942593
0.01016329
0.01081924
0.01138988
0.01187209
0.01226351
0.01256238
0.01276739
0.01287750
0.01289176
0.01280916
0.01262870
0.01234949
0.01197106
0.01149370
0.01091891
0.01024976
0.00949116
0.00864994
0.00773471
0.00675548
0.00572315
0.00464886
0.00354338
0.00241653
0.00127696
0.00013198
-0.00101213
-0.00214978
-0.00327542
-0.00438301
-0.00546543
-0.00651426
-0.00751969
-0.00847078
-0.00935603
-0.01016405
-0.01088436
-0.01150808
-0.01202852
-0.01244144
-0.01274505
-0.01293975
-0.01302759
-0.01301173
-0.01289575
-0.01268316
-0.01237706
-0.01197998
-0.01149399
-0.01092097
-0.01026297
-0.00952258
-0.00870334
-0.00780994
-0.00684837
-0.00582588
-0.00475087
-0.00363269
-0.00248142
-0.00130767
-0.00012234
0.00106347
0.00223865
0.00339220
0.00451343
0.00559213
0.00661884
0.00758503
0.00848337
0.00930779
0.01005358
0.01071722
0.01129622
0.01178875
0.01219334
0.01250848
0.01273243
0.01286308
0.01289804
0.01283484
0.01267132
0.01240603
0.01203872
0.01157064
0.01100481
0.01034598
0.00960054
0.00877617
0.00788140
0.00692522
0.00591656
0.00486406
0.00377585
0.00265954
0.00152233
0.00037126
-0.00078652
-0.00194349
-0.00309155
-0.00422189
-0.00532500
-0.00639081
-0.00740889
-0.00836876
-0.00926024
-0.01007379
-0.01080080
-0.01143391
-0.01196723
-0.01239643
-0.01271883
-0.01293336
-0.01304044
-0.01304175
-0.01294000
-0.01273857
-0.01244122
-0.01205175
-0.01157379
-0.01101067
-0.01036541
-0.00964086
-0.00883994
-0.00796599
-0.00702319
-0.00601683
-0.00495366
-0.00384198
-0.00269162
-0.00151373
-0.00032044
0.00087557
0.00206161
0.00322541
0.00435556
0.00544177
0.00647508
0.00744783
0.00835366
0.00918730
0.00994444
0.01062153
0.01121559
0.01172406
0.01214471
0.01247550
0.01271453
0.01285995
0.01290998
0.01286289
0.01271715
0.01247156
0.01212553
0.01167937
0.01113466
0.01049454
0.00976391
0.00894946
0.00805961
0.00710407
0.00609344
0.00503854
0.00394979
0.00283673
0.00170764
0.00056951
-0.00057182
-0.00171113
-0.00284325
-0.00396236
-0.00506141
-0.00613170
-0.00716287
-0.00814315
-0.00905994
-0.00990071
-0.01065391
-0.01130987
-0.01186149
-0.01230462
-0.01263799
-0.01286286
-0.01298231
-0.01300035
-0.01292109
-0.01274798
-0.01248340
-0.01212858
-0.01168378
-0.01114890
-0.01052414
-0.00981073
-0.00901156
-0.00813153
-0.00717769
-0.00615900
-0.00508592
-0.00396981
-0.00282234
-0.00165495
-0.00047850
0.00069689
0.00186181
0.00300741
0.00412514
0.00520658
0.00624332
0.00722705
0.00814973
0.00900391
0.00978302
0.01048167
0.01109581
0.01162265
0.01206047
0.01240828
0.01266530
0.01283061
0.01290280
0.01287989
0.01275943
0.01253889
0.01221620
0.01179036
0.01126208
0.01063418
0.00991186
0.00910261
0.00821587
0.00726245
0.00625384
0.00520139
0.00411575
0.00300635
0.00188122
0.00074711
-0.00039028
-0.00152571
-0.00265389
-0.00376890
-0.00486380
-0.00593038
-0.00695919
-0.00793978
-0.00886110
-0.00971210
-0.01048227
-0.01116229
-0.01174442
-0.01222287
-0.01259388
-0.01285573
-0.01300846
-0.01305361
-0.01299378
-0.01283221
-0.01257243
-0.01221797
-0.01177214
-0.01123801
-0.01061845
-0.00991636
-0.00913490
-0.00827782
-0.00734978
-0.00635658
-0.00530537
-0.00420467
-0.00306432
-0.00189525
-0.00070916
0.00048183
0.00166561
0.00283047
0.00396543
0.00506047
0.00610670
0.00709636
0.00802279
0.00888038
0.00966433
0.01037062
0.01099579
0.01153689
0.01199133
0.01235684
0.01263134
0.01281293
0.01289980
0.01289025
0.01278268
0.01257574
0.01226850
0.01186072
0.01135320
0.01074808
0.01004917
0.00926210
0.00839437
0.00745519
0.00645506
0.00540531
0.00431742
0.00320238
0.00207019
0.00092945
-0.00021270
-0.00135041
-0.00247865
-0.00359264
-0.00468713
-0.00575578
-0.00679072
-0.00778245
-0.00871996
-0.00959132
-0.01038439
-0.01108776
-0.01169166
-0.01218867
-0.01257417
-0.01284648
-0.01300660
-0.01305763
-0.01300400
-0.01285066
-0.01260230
-0.01226285
-0.01183517
-0.01132115
-0.01072202
-0.01003897
-0.00927370
-0.00842911
-0.00750968
-0.00652177
-0.00547358
-0.00437492
-0.00323677
-0.00207081
-0.00088890
0.00029733
0.00147679
0.00263907
0.00377446
0.00487393
0.00592900
0.00693171
0.00787461
0.00875087
0.00955434
0.01027971
0.01092264
0.01147973
0.01194846
0.01232699
0.01261392
0.01280799
0.01290784
0.01291187
0.01281829
0.01262532
0.01233154
0.01193636
0.01144055
0.01084657
0.01015891
0.00938408
0.00853044
0.00760771
0.00662642
0.00559723
0.00453027
0.00343470
0.00231845
0.00118820
0.00004970
-0.00109180
-0.00223090
-0.00336152
-0.00447637
-0.00556669
-0.00662228
-0.00763173
-0.00858297
-0.00946392
-0.01026331
-0.01097132
-0.01158018
-0.01208447
-0.01248121
-0.01276966
-0.01295092
-0.01302735
-0.01300204
-0.01287821
-0.01265883
-0.01234638
-0.01194279
-0.01144965
-0.01086846
-0.01020107
-0.00945004
-0.00861904
-0.00771304
-0.00673850
-0.00570325
-0.00461642
-0.00348811
-0.00232912
-0.00115061
0.00003618
0.00122017
0.00239062
0.00353725
0.00465028
0.00572053
0.00673941
0.00769902
0.00859219
0.00941260
0.01015481
0.01081433
0.01138760
0.01187194
0.01226535
0.01256637
0.01277382
0.01288663
0.01290366
0.01282366
0.01264539
0.01236781
0.01199041
0.01151361
0.01093917
0.01027052
0.00951293
0.00867355
0.00776120
0.00678593
0.00575853
0.00468991
0.00359043
0.00246954
0.00133543
0.00019503
-0.00094575
-0.00208159
-0.00320717
-0.00431656
-0.00540274
-0.00645723
-0.00747007
-0.00843004
-0.00932521
-0.01014361
-0.01087411
-0.01150717
-0.01203549
-0.01245440
-0.01276196
-0.01295869
-0.01304714
-0.01303116
-0.01291520
-0.01270361
-0.01240018
-0.01200781
-0.01152853
-0.01096375
-0.01031470
-0.00958293
-0.00877089
-0.00788233
-0.00692269
-0.00589909
-0.00482031
-0.00369651
-0.00253884
-0.00135907
-0.00016914
0.00101919
0.00219456
0.00334620
0.00446406
0.00553884
0.00656203
0.00752599
0.00842392
0.00925001
0.00999937
0.01066810
0.01125316
0.01175226
0.01216358
0.01248556
0.01271663
0.01285504
0.01289869
0.01284530
0.01269253
0.01243838
0.01208165
0.01162240
0.01106238
0.01040535
0.00965714
0.00882557
0.00792008
0.00695120
0.00592992
0.00486702
0.00377255
0.00265546
0.00152341
0.00038293
-0.00076024
-0.00190066
-0.00303262
-0.00414957
-0.00524374
-0.00630600
-0.00732590
-0.00829206
-0.00919273
-0.01001648
-0.01075298
-0.01139361
-0.01193195
-0.01236402
-0.01268823
-0.01290507
-0.01301662
-0.01302596
-0.01293649
-0.01275143
-0.01247345
-0.01210450
-0.01164592
-0.01109872
-0.01046400
-0.00974346
-0.00893989
-0.00805756
-0.00710243
-0.00608218
-0.00500607
-0.00388465
-0.00272935
-0.00155200
-0.00036446
0.00082174
0.00199568
0.00314716
0.00426672
0.00534566
0.00637597
0.00735027
0.00826178
0.00910438
0.00987259
0.01056167
0.01116762
0.01168718
0.01211778
0.01245733
0.01270414
0.01285669
0.01291350
0.01287303
0.01273381
0.01249455
0.01215444
0.01171358
0.01117332
0.01053661
0.00980826
0.00899495
0.00810513
0.00714860
0.00613602
0.00507837
0.00398624
0.00286946
0.00173668
0.00059533
-0.00054823
-0.00168834
-0.00281954
-0.00393597
-0.00503089
-0.00609632
-0.00712291
-0.00810009
-0.00901650
-0.00986054
-0.01062116
-0.01128852
-0.01185467
-0.01231394
-0.01266315
-0.01290148
-0.01303019
-0.01305203
-0.01297072
-0.01279031
-0.01251469
-0.01214731
-0.01169100
-0.01114812
-0.01052079
-0.00981127
-0.00902236
-0.00815777
-0.00722244
-0.00622268
-0.00516619
-0.00406194
-0.00291996
-0.00175108
-0.00056660
0.00062199
0.00180328
0.00296615
0.00409993
0.00519457
0.00624077
0.00723006
0.00815491
0.00900883
0.00978640
0.01048323
0.01109596
0.01162206
0.01205968
0.01240735
0.01266382
0.01282779
0.01289783
0.01287230
0.01274952
0.01252797
0.01220663
0.01178535
0.01126525
0.01064901
0.00994107
0.00914765
0.00827659
0.00733707
0.00633908
0.00529297
0.00420893
0.00309657
0.00196462
0.00082089
-0.00032767
-0.00147464
-0.00261375
-0.00373845
-0.00484146
-0.00591451
-0.00694827
-0.00793240
-0.00885596
-0.00970787
-0.01047756
-0.01115565
-0.01173445
-0.01220846
-0.01257451
-0.01283172
-0.01298120
-0.01302558
-0.01296839
-0.01281346
-0.01256441
-0.01222422
-0.01179516
-0.01127881
-0.01067639
-0.00998920
-0.00921915
-0.00836928
-0.00744418
-0.00645023
-0.00539562
-0.00429022
-0.00314522
-0.00197267
-0.00078500
0.00040554
0.00158719
0.00274904
0.00388113
0.00497452
0.00602118
0.00701392
0.00794623
0.00881220
0.00960649
0.01032426
0.01096124
0.01151367
0.01197838
0.01235266
0.01263422
0.01282108
0.01291142
0.01290362
0.01279618
0.01258793
0.01227820
0.01186719
0.01135627
0.01074836
0.01004809
0.00926193
0.00839804
0.00746591
0.00647597
0.00543887
0.00436498
0.00326383
0.00214380
0.00101200
-0.00012554
-0.00126351
-0.00239670
-0.00351945
-0.00462506
-0.00570539
-0.00675080
-0.00775028
-0.00869192
-0.00956364
-0.01035394
-0.01105274
-0.01165201
-0.01214623
-0.01253245
-0.01281013
-0.01298068
-0.01304680
-0.01301177
-0.01287885
-0.01265078
-0.01232956
-0.01191653
-0.01141260
-0.01081878
-0.01013665
-0.00936894
-0.00851988
-0.00759542
-0.00660321
-0.00555239
-0.00445323
-0.00331667
-0.00215388
-0.00097590
0.00020659
0.00138344
0.00254494
0.00368181
0.00478503
0.00584581
0.00685562
0.00780624
0.00869001
0.00950006
0.01023059
0.01087698
0.01143591
0.01190523
0.01228374
0.01257085
0.01276612
0.01286898
0.01287837
0.01279275
0.01261015
0.01232858
0.01194649
0.01146335
0.01088027
0.01020041
0.00942926
0.00857457
0.00764610
0.00665504
0.00561331
0.00453277
0.00342454
0.00229843
0.00116272
0.00002411
-0.00111189
-0.00224050
-0.00335692
-0.00445574
-0.00553034
-0.00657255
-0.00757266
-0.00851966
-0.00940176
-0.01020718
-0.01092496
-0.01154572
-0.01206228
-0.01247006
-0.01276714
-0.01295401
-0.01303312
-0.01300820
-0.01288356
-0.01266346
-0.01235158
-0.01195078
-0.01146305
-0.01088978
-0.01023215
-0.00949168
-0.00867074
-0.00777309
-0.00680413
-0.00577111
-0.00468300
-0.00355027
-0.00238454
-0.00119803
-0.00000317
0.00118785
0.00236342
0.00351275
0.00462598
0.00569420
0.00670949
0.00766479
0.00855390
0.00937143
0.01011269
0.01077373
0.01135119
0.01184227
0.01224458
0.01255604
0.01277466
0.01289855
0.01292579
0.01285452
0.01268308
0.01241033
0.01203590
0.01156063
0.01098686
0.01031869
0.00956202
0.00872449
0.00781517
0.00684409
0.00582173
0.00475841
0.00366381
0.00254662
0.00141440
0.00027369
-0.00086971
-0.00201021
-0.00314194
-0.00425822
-0.00535113
-0.00641142
-0.00742853
-0.00839101
-0.00928700
-0.01010505
-0.01083476
-0.01146749
-0.01199682
-0.01241877
-0.01273177
-0.01293634
-0.01303458
-0.01302959
-0.01292483
-0.01272362
-0.01242878
-0.01204254
-0.01156663
-0.01100253
-0.01035192
-0.00961712
-0.00880148
-0.00790970
-0.00694795
-0.00592388
-0.00484646
-0.00372566
-0.00257219
-0.00139710
-0.00021157
0.00097338
0.00214699
0.00329885
0.00441896
0.00549781
0.00652642
0.00749648
0.00840051
0.00923200
0.00998556
0.01065697
0.01124314
0.01174199
0.01215217
0.01247275
0.01270289
0.01284147
0.01288700
0.01283752
0.01269078
0.01244457
0.01209725
0.01164821
0.01109850
0.01045113
0.00971139
0.00888672
0.00798649
0.00702143
0.00600298
0.00494256
0.00385086
0.00273741
0.00161024
0.00047596
-0.00065997
-0.00179271
-0.00291739
-0.00402847
-0.00511920
-0.00618131
-0.00720492
-0.00817888
-0.00909123
-0.00992994
-0.01068373
-0.01134281
-0.01189952
-0.01234869
-0.01268771
-0.01291635
-0.01303630
-0.01305059
-0.01296294
-0.01277711
-0.01249655
-0.01212404
-0.01166180
-0.01111159
-0.01047517
-0.00975466
-0.00895305
-0.00807458
-0.00712490
-0.00611122
-0.00504217
-0.00392759
-0.00277818
-0.00160519
-0.00042005
0.00076590
0.00194162
0.00309649
0.00422045
0.00530399
0.00633829
0.00731523
0.00822754
0.00906890
0.00983402
0.01051869
0.01111975
0.01163493
0.01206266
0.01240177
0.01265117
0.01280957
0.01287534
0.01284642
0.01272052
0.01249541
0.01216935
0.01174166
0.01121315
0.01058657
0.00986681
0.00906084
0.00817747
0.00722686
0.00621991
0.00516754
0.00408010
0.00296689
0.00183598
0.00069422
-0.00045245
-0.00159849
-0.00273819
-0.00386507
-0.00497142
-0.00604813
-0.00708466
-0.00806947
-0.00899051
-0.00983602
-0.01059522
-0.01125910
-0.01182083
-0.01227612
-0.01262307
-0.01286199
-0.01299479
-0.01302446
-0.01295434
-0.01278769
-0.01252723
-0.01217509
-0.01173284
-0.01120177
-0.01058329
-0.00987937
-0.00909297
-0.00822833
-0.00729113
-0.00628852
-0.00522898
-0.00412209
-0.00297821
-0.00180825
-0.00062332
0.00056543
0.00174695
0.00291045
0.00404545
0.00514191
0.00619034
0.00718198
0.00810898
0.00896458
0.00974325
0.01044074
0.01105402
0.01158114
0.01202088
0.01237240
0.01263491
0.01280727
0.01288784
0.01287440
0.01276435
0.01255503
0.01224426
0.01183086
0.01131525
0.01069988
0.00998950
0.00919111
0.00831376
0.00736799
0.00636520
0.00531690
0.00423401
0.00312633
0.00200222
0.00086858
-0.00026891
-0.00140528
-0.00253569
-0.00365473
-0.00475588
-0.00583112
-0.00687087
-0.00786414
-0.00879901
-0.00966338
-0.01044567
-0.01113569
-0.01172525
-0.01220864
-0.01258274
-0.01284692
-0.01300262
-0.01305278
-0.01300112
-0.01285153
-0.01260755
-0.01227200
-0.01184695
-0.01133383
-0.01073382
-0.01004833
-0.00927949
-0.00843065
-0.00750671
-0.00651428
-0.00546165
-0.00435862
-0.00321611
-0.00204577
-0.00085953
0.00033077
0.00151372
0.00267854
0.00381521
0.00491449
0.00596791
0.00696775
0.00790699
0.00877933
0.00957916
0.01030160
0.01094250
0.01149837
0.01196632
0.01234393
0.01262911
0.01281992
0.01291454
0.01291116
0.01280812
0.01260408
0.01229831
0.01189101
0.01138369
0.01077943
0.01008304
0.00930106
0.00844158
0.00751387
0.00652791
0.00549384
0.00442144
0.00331977
0.00219690
0.00105995
-0.00008474
-0.00123122
-0.00237345
-0.00350481
-0.00461769
-0.00570327
-0.00675152
-0.00775142
-0.00869144
-0.00956014
-0.01034688
-0.01104240
-0.01163938
-0.01213274
-0.01251963
-0.01279931
-0.01297275
-0.01304208
-0.01301006
-0.01287962
-0.01265342
-0.01233371
-0.01192235
-0.01142095
-0.01083122
-0.01015531
-0.00939620
-0.00855795
-0.00764595
-0.00666688
-0.00562871
-0.00454045
-0.00341193
-0.00225356
-0.00107606
0.00010971
0.00129293
0.00246291
0.00360921
0.00472166
0.00579056
0.00680680
0.00776200
0.00864875
0.00946073
0.01019282
0.01084111
0.01140281
0.01187603
0.01225953
0.01255237
0.01275362
0.01286213
0.01287640
0.01279466
0.01261503
0.01233590
0.01195635
0.01147665
0.01089859
0.01022584
0.00946401
0.00862058
0.00770456
0.00672606
0.00569569
0.00462402
0.00352106
0.00239591
0.00125662
0.00011026
-0.00103683
-0.00217858
-0.00330875
-0.00442045
-0.00550580
-0.00655578
-0.00756027
-0.00850841
-0.00938904
-0.01019135
-0.01090557
-0.01152350
-0.01203903
-0.01244833
-0.01274984
-0.01294400
-0.01303284
-0.01301936
-0.01290698
-0.01269902
-0.01239831
-0.01200705
-0.01152688
-0.01095913
-0.01030522
-0.00956715
-0.00874796
-0.00785207
-0.00688550
-0.00585594
-0.00477253
-0.00364561
-0.00248634
-0.00130624
-0.00011688
0.00107050
0.00224510
0.00339675
0.00451584
0.00559333
0.00662074
0.00759013
0.00849417
0.00932621
0.01008047
0.01075208
0.01133719
0.01183295
0.01223733
0.01254898
0.01276689
0.01289018
0.01291780
0.01284852
0.01268094
0.01241375
0.01204614
0.01157824
0.01101163
0.01034975
0.00959809
0.00876418
0.00785729
0.00688795
0.00586724
0.00480609
0.00371460
0.00260161
0.00147449
0.00033925
-0.00079903
-0.00193560
-0.00306529
-0.00418187
-0.00527752
-0.00634268
-0.00736611
-0.00833543
-0.00923788
-0.01006115
-0.01079438
-0.01142884
-0.01195852
-0.01238020
-0.01269333
-0.01289947
-0.01300162
-0.01300339
-0.01290830
-0.01271926
-0.01243826
-0.01206644
-0.01160435
-0.01105245
-0.01041171
-0.00968413
-0.00887314
-0.00798387
-0.00702316
-0.00599932
-0.00492185
-0.00380103
-0.00264753
-0.00147211
-0.00028545
0.00090193
0.00207965
0.00323747
0.00436519
0.00545279
0.00649053
0.00746925
0.00838065
0.00921765
0.00997461
0.01064746
0.01123364
0.01173181
0.01214151
0.01246257
0.01269472
0.01283710
0.01288809
0.01284531
0.01270594
0.01246713
0.01212669
0.01168373
0.01113922
0.01049638
0.00976086
0.00894047
0.00804487
0.00708482
0.00607153
0.00501589
0.00392792
0.00281638
0.00168870
0.00055116
-0.00059069
-0.00173150
-0.00286551
-0.00398602
-0.00508507
-0.00615330
-0.00718012
-0.00815410
-0.00906356
-0.00989720
-0.01064487
-0.01129807
-0.01185038
-0.01229767
-0.01263802
-0.01287144
-0.01299945
-0.01302454
-0.01294965
-0.01277771
-0.01251129
-0.01215251
-0.01170304
-0.01116432
-0.01053790
-0.00982582
-0.00903103
-0.00815774
-0.00721157
-0.00619974
-0.00513090
-0.00401501
-0.00286300
-0.00168639
-0.00049697
0.00069357
0.00187391
0.00303331
0.00416169
0.00524976
0.00628896
0.00727155
0.00819052
0.00903968
0.00981363
0.01050782
0.01111851
0.01164274
0.01207819
0.01242307
0.01267589
0.01283528
0.01289981
0.01286791
0.01273796
0.01250842
0.01217818
0.01174694
0.01121569
0.01058712
0.00986586
0.00905864
0.00817408
0.00722240
0.00621482
0.00516285
0.00407765
0.00296941
0.00184692
0.00071751
-0.00041287
-0.00153915
-0.00265653
-0.00375980
-0.00484268
-0.00589739
-0.00691441
-0.00788271
-0.00879017
-0.00962434
-0.01037332
-0.01102663
-0.01157600
-0.01201585
-0.01234351
-0.01255903
-0.01266471
-0.01266448
-0.01256307
-0.01236534
-0.01207565
-0.01169760
-0.01123394
-0.01068683
-0.01005829
-0.00935076
-0.00856775
-0.00771430
-0.00679737
-0.00582594
-0.00481097
-0.00376502
-0.00270180
-0.00163562
-0.00058072
0.00044923
0.00144165
0.00238537
0.00327091
0.00409051
0.00483810
0.00550920
0.00610066
0.00661045
0.00703741
0.00738098
0.00764106
0.00781786
0.00791193
0.00792422
0.00785626
0.00771042
0.00749014
0.00720021
0.00684694
0.00643815
0.00598311
0.00549223
0.00497664
0.00444762
0.00391606
0.00339192
0.00288375
0.00239847
0.00194124
0.00151555
0.00112350
0.00076607
0.00044352
0.00015565
-0.00009800
-0.00031802
-0.00050521
-0.00066065
-0.00078581
-0.00088265
-0.00095363
-0.00100158
-0.00102956
-0.00104058
-0.00103735
-0.00102210
-0.00099645
-0.00096150
-0.00091794
-0.00086637
-0.00080756
-0.00074270
-0.00067354
-0.00060242
-0.00053201
-0.00046508
-0.00040406
-0.00035073
-0.00030589
-0.00026932
-0.00023985
-0.00021570
-0.00019483
-0.00017546
-0.00015646
-0.00013756
