-5.437046
-5.451841
-5.453485
-5.454471
-5.452827
-5.435402
-5.452169
-5.452169
-5.444936
-5.453485
-5.450197
-5.452498
-5.453156
-5.453156
-5.456115
-5.459403
-5.461375
-5.462033
-5.465649
-5.463348
-5.469594
-5.458087
-5.478471
-5.470252
-5.483403
-5.485375
-5.484718
-5.488006
-5.493266
-5.494253
-5.489650
-5.497540
-5.495239
-5.497540
-5.493595
-5.482745
-5.486033
-5.485375
-5.466636
-5.472882
-5.451841
-5.456772
-5.443950
-5.430141
-5.411073
-5.382470
-5.367346
-5.364716
-5.343017
-5.312769
-5.283180
-5.276933
-5.239453
-5.228932
-5.198685
-5.185863
-5.157259
-5.138519
-5.116163
-5.116820
-5.090518
-5.084600
-5.094135
-5.079340
-5.098738
-5.108930
-5.107615
-5.138191
-5.157588
-5.175342
-5.211178
-5.245371
-5.274632
-5.317701
-5.362085
-5.390689
-5.434744
-5.495568
-5.526472
-5.589268
-5.633324
-5.679352
-5.722093
-5.768778
-5.804944
-5.847684
-5.876945
-5.905220
-5.926919
-5.958481
-5.986755
-6.003852
-6.007140
-6.006153
-6.021935
-6.023578
-6.018318
-6.003852
-5.987084
-5.968673
-5.930206
-5.916069
-5.884178
-5.849328
-5.811848
-5.768450
-5.722750
-5.666201
-5.636611
-5.588282
-5.523513
-5.487677
-5.435731
-5.366688
-5.333153
-5.276604
-5.231891
-5.176657
-5.126684
-5.080655
-5.049093
-5.011941
-4.973146
-4.946845
-4.904104
-4.883062
-4.879446
-4.870569
-4.861034
-4.857747
-4.849527
-4.868925
-4.883720
-4.903118
-4.908049
-4.935009
-4.972817
-5.008654
-5.044490
-5.094464
-5.132930
-5.175671
-5.230576
-5.269372
-5.326907
-5.377867
-5.421922
-5.482745
-5.536007
-5.572829
-5.638255
-5.690530
-5.726038
-5.785875
-5.820067
-5.866753
-5.903576
-5.934152
-5.961440
-5.979851
-6.000235
-6.022592
-6.029825
-6.034099
-6.043962
-6.043304
-6.018318
-6.022592
-6.004509
-5.980509
-5.943686
-5.925932
-5.901274
-5.851630
-5.825656
-5.782916
-5.737874
-5.681982
-5.649434
-5.600775
-5.550802
-5.482088
-5.449211
-5.397593
-5.338743
-5.290741
-5.242083
-5.189808
-5.145752
-5.099724
-5.055011
-5.011941
-4.975448
-4.940927
-4.924159
-4.902131
-4.884377
-4.871227
-4.861363
-4.846240
-4.859391
-4.867939
-4.867610
-4.893912
-4.911994
-4.945200
-4.970845
-5.008654
-5.047121
-5.087231
-5.126355
-5.157259
-5.209535
-5.270358
-5.307509
-5.371949
-5.407785
-5.473211
-5.522856
-5.578419
-5.628392
-5.681324
-5.713544
-5.773710
-5.803957
-5.855904
-5.894042
-5.932179
-5.952234
-5.985112
-5.988070
-6.020948
-6.026208
-6.043304
-6.030811
-6.032126
-6.036729
-6.024565
-6.008455
-5.989715
-5.960783
-5.922316
-5.892069
-5.855904
-5.831245
-5.792450
-5.749052
-5.701051
-5.652721
-5.607351
-5.560336
-5.491951
-5.457430
-5.401209
-5.351893
-5.296331
-5.250302
-5.202302
-5.154301
-5.090847
-5.057312
-5.024106
-4.975119
-4.938954
-4.929420
-4.904761
-4.886350
-4.872541
-4.863007
-4.844267
-4.860706
-4.868268
-4.879117
-4.886350
-4.917255
-4.942242
-4.960982
-4.995503
-5.040545
-5.071121
-5.115177
-5.165808
-5.214138
-5.255234
-5.312769
-5.361428
-5.414361
-5.466636
-5.510362
-5.569870
-5.616556
-5.667187
-5.720778
-5.760559
-5.813163
-5.853931
-5.893055
-5.925932
-5.946974
-5.970974
-5.998263
-6.018975
-6.031797
-6.040346
-6.043304
-6.039031
-6.038044
-6.022592
-6.006811
-5.994318
-5.969988
-5.942700
-5.910151
-5.878260
-5.837163
-5.800012
-5.753983
-5.703681
-5.661598
-5.617871
-5.565597
-5.511020
-5.466307
-5.411730
-5.361428
-5.296331
-5.255234
-5.208548
-5.159232
-5.106957
-5.071121
-5.030682
-4.991558
-4.959338
-4.931721
-4.908378
-4.887994
-4.874186
-4.865309
-4.860377
-4.855774
-4.865309
-4.869912
-4.887994
-4.913310
-4.920543
-4.956379
-4.987941
-5.022462
-5.066847
-5.098409
-5.143451
-5.204932
-5.252933
-5.298632
-5.338414
-5.393977
-5.456115
-5.492280
-5.557048
-5.608994
-5.648118
-5.710914
-5.754970
-5.805601
-5.846040
-5.868726
-5.903247
-5.949275
-5.969331
-5.997605
-6.001879
-6.025551
-6.034757
-6.044291
-6.045277
-6.041003
-6.017660
-6.014701
-5.993660
-5.955851
-5.941713
-5.900288
-5.885164
-5.834862
-5.805930
-5.756285
-5.719134
-5.674420
-5.611953
-5.579076
-5.525157
-5.474197
-5.407127
-5.357482
-5.307180
-5.258522
-5.216439
-5.163835
-5.115834
-5.077696
-5.038901
-4.985640
-4.963283
-4.935338
-4.897529
-4.886679
-4.875829
-4.866624
-4.842952
-4.841966
-4.861363
-4.872870
-4.891282
-4.905748
-4.932378
-4.958680
-4.985969
-5.016873
-5.063888
-5.106957
-5.151013
-5.194740
-5.227288
-5.294358
-5.342359
-5.387072
-5.430470
-5.496225
-5.550473
-5.587624
-5.649763
-5.703352
-5.751682
-5.795738
-5.832232
-5.864123
-5.914754
-5.946316
-5.973933
-5.978865
-6.013386
-6.027524
-6.036729
-6.044291
-6.034099
-6.033770
-6.031469
-6.017989
-6.000235
-5.979523
-5.946974
-5.923302
-5.891411
-5.853931
-5.798697
-5.773710
-5.722422
-5.676393
-5.635625
-5.585980
-5.521212
-5.483074
-5.434744
-5.367346
-5.313756
-5.276276
-5.215124
-5.177972
-5.124711
-5.086573
-5.030024
-5.004709
-4.973475
-4.933365
-4.917912
-4.896542
-4.874186
-4.866952
-4.860377
-4.851500
-4.848541
-4.873528
-4.888651
-4.890624
-4.926132
-4.939940
-4.985969
-5.003722
-5.055668
-5.096437
-5.138191
-5.185205
-5.235507
-5.285481
-5.335455
-5.378195
-5.436388
-5.487020
-5.527130
-5.594200
-5.636611
-5.694147
-5.741161
-5.785546
-5.814478
-5.870698
-5.906864
-5.925275
-5.962098
-5.988070
-6.010756
-6.019304
-6.037715
-6.036072
-6.044949
-6.029167
-6.033113
-6.020290
-5.987413
-5.982810
-5.957495
-5.929220
-5.896343
-5.853931
-5.822369
-5.780943
-5.735572
-5.688887
-5.641214
-5.595515
-5.545870
-5.494581
-5.442306
-5.390360
-5.336441
-5.279563
-5.235837
-5.186521
-5.123396
-5.092491
-5.051723
-5.012270
-4.970845
-4.944214
-4.906076
-4.898515
-4.881747
-4.866952
-4.844596
-4.855774
-4.858733
-4.869912
-4.865637
-4.901145
-4.918899
-4.942242
-4.979722
-5.010298
-5.048107
-5.088546
-5.130629
-5.165808
-5.215453
-5.270358
-5.326578
-5.377867
-5.428826
-5.481431
-5.532390
-5.584665
-5.632009
-5.676064
-5.733271
-5.762861
-5.816780
-5.848342
-5.888452
-5.934809
-5.964070
-5.972618
-5.996948
-6.020290
-6.035085
-6.041990
-6.028510
-6.037387
-6.035743
-6.023578
-6.005825
-5.986098
-5.962426
-5.935467
-5.893713
-5.868726
-5.829602
-5.782258
-5.744449
-5.699736
-5.653708
-5.593542
-5.552445
-5.488663
-5.451841
-5.398908
-5.347948
-5.295016
-5.244056
-5.194411
-5.144109
-5.102355
-5.060271
-5.020490
-4.982352
-4.949803
-4.918570
-4.891939
-4.883720
-4.869912
-4.862021
-4.842952
-4.860377
-4.868925
-4.881090
-4.896871
-4.905419
-4.941584
-4.973146
-5.003722
-5.044161
-5.081642
-5.120437
-5.169096
-5.218411
-5.251946
-5.317701
-5.368661
-5.417319
-5.472882
-5.523513
-5.574144
-5.624775
-5.676064
-5.708284
-5.768778
-5.801656
-5.853273
-5.895028
-5.914096
-5.960454
-5.985112
-6.005167
-6.004180
-6.034099
-6.041003
-6.045277
-6.044620
-6.038044
-6.024236
-6.006153
-5.990372
-5.968673
-5.930535
-5.910151
-5.874644
-5.835848
-5.784560
-5.746093
-5.693818
-5.662585
-5.612611
-5.562966
-5.505102
-5.461704
-5.405812
-5.340715
-5.296331
-5.252933
-5.199343
-5.155944
-5.110245
-5.063559
-5.024764
-4.990571
-4.956379
-4.929090
-4.905419
-4.887994
-4.865309
-4.847226
-4.858076
-4.845582
-4.867281
-4.871884
-4.896214
-4.899501
-4.923501
-4.967228
-5.000434
-5.028380
-5.062901
-5.118464
-5.162191
-5.209535
-5.246686
-5.310797
-5.352880
-5.411401
-5.461046
-5.513979
-5.565925
-5.602748
-5.659626
-5.716175
-5.755299
-5.791793
-5.849986
-5.872014
-5.910480
-5.951248
-5.971632
-6.000564
-6.018647
-6.030482
-6.026208
-6.028839
-6.028839
-6.038702
-6.027853
-6.006482
-5.990701
-5.972290
-5.944015
-5.914425
-5.880562
-5.829602
-5.803300
-5.759573
-5.711243
-5.665544
-5.621159
-5.572501
-5.521870
-5.470581
-5.411073
-5.358140
-5.312769
-5.246357
-5.213151
-5.163835
-5.101697
-5.072436
-5.017531
-4.995503
-4.964270
-4.930406
-4.909693
-4.883391
-4.875501
-4.852815
-4.860706
-4.855445
-4.854130
-4.864651
-4.872870
-4.910679
-4.927118
-4.957365
-4.986297
-5.028709
-5.068162
-5.110574
-5.154301
-5.202302
-5.251617
-5.284495
-5.350907
-5.402196
-5.448553
-5.503129
-5.557377
-5.606036
-5.657653
-5.692503
-5.753655
-5.801985
-5.843739
-5.876945
-5.904562
-5.944344
-5.961111
-5.998591
-6.014701
-6.016674
-6.025551
-6.039360
-6.037058
-6.039031
-6.029496
-6.012071
-5.980180
-5.957166
-5.938755
-5.904891
-5.888452
-5.847684
-5.801985
-5.766806
-5.723408
-5.677380
-5.630693
-5.577432
-5.522198
-5.476828
-5.420607
-5.369647
-5.320331
-5.270687
-5.219727
-5.171397
-5.125040
-5.076710
-5.034298
-4.999777
-4.968215
-4.928433
-4.912981
-4.890296
-4.876816
-4.865966
-4.856761
-4.844924
-4.863007
-4.870240
-4.888980
-4.904761
-4.931063
-4.954735
-4.985969
-5.004051
-5.053038
-5.103012
-5.147725
-5.186521
-5.241097
-5.286796
-5.329865
-5.379182
-5.429155
-5.496554
-5.532390
-5.583021
-5.649763
-5.698092
-5.732285
-5.793108
-5.827958
-5.859520
-5.910809
-5.938755
-5.954207
-5.994318
-6.005496
-6.023907
-6.020948
-6.035085
-6.046264
-6.041990
-6.032126
-6.017003
-5.999249
-5.977221
-5.954207
-5.910480
-5.893055
-5.841437
-5.817108
-5.758258
-5.723408
-5.687572
-5.639242
-5.583679
-5.537980
-5.484389
-5.437046
-5.375237
-5.316057
-5.268714
-5.226960
-5.170739
-5.118135
-5.084600
-5.047449
-5.000434
-4.972489
-4.932050
-4.900816
-4.896871
-4.865637
-4.867939
-4.856761
-4.858076
-4.861692
-4.856761
-4.878131
-4.903118
-4.916268
-4.944214
-4.978078
-5.017859
-5.056326
-5.090190
-5.137862
-5.183561
-5.218740
-5.283509
-5.334797
-5.366688
-5.434744
-5.480115
-5.535678
-5.585651
-5.636940
-5.690530
-5.737874
-5.770093
-5.827300
-5.852616
-5.899631
-5.931193
-5.963084
-5.971303
-6.008783
-6.016345
-6.034757
-6.041003
-6.045606
-6.041990
-6.018975
-6.020948
-6.003194
-5.972947
-5.959138
-5.930535
-5.897986
-5.854917
-5.825327
-5.783573
-5.739189
-5.692174
-5.645160
-5.596830
-5.547185
-5.496882
-5.444608
-5.384771
-5.331510
-5.287454
-5.222028
-5.179945
-5.138519
-5.078025
-5.051723
-5.013914
-4.979393
-4.932378
-4.922515
-4.882734
-4.871227
-4.863336
-4.861363
-4.851171
-4.856103
-4.869583
-4.880104
-4.894569
-4.907063
-4.941255
-4.978407
-5.002079
-5.040545
-5.073422
-5.130629
-5.173041
-5.224987
-5.272659
-5.323619
-5.357811
-5.410087
-5.477485
-5.530089
-5.579734
-5.613926
-5.674749
-5.714531
-5.760888
-5.819081
-5.860178
-5.897000
-5.926919
-5.954865
-5.984783
-6.008126
-6.023907
-6.033442
-6.035414
-6.044620
-6.043304
-6.028510
-6.024236
-5.992016
-5.987084
-5.963741
-5.936453
-5.905220
-5.869383
-5.817108
-5.781272
-5.742805
-5.700065
-5.653708
-5.605707
-5.542582
-5.487677
-5.452498
-5.400223
-5.347620
-5.297646
-5.247344
-5.196712
-5.147725
-5.103012
-5.060929
-5.022462
-4.985969
-4.954406
-4.925474
-4.902460
-4.881747
-4.869912
-4.861363
-4.856103
-4.855445
-4.860377
-4.861692
-4.897857
-4.917912
-4.943557
-4.967557
-4.985311
-5.040545
-5.079669
-5.124711
-5.165479
-5.216439
-5.264111
-5.314413
-5.358140
-5.404169
-5.456115
-5.520226
-5.569541
-5.604721
-5.672448
-5.715189
-5.768778
-5.813492
-5.842752
-5.891740
-5.911138
-5.957166
-5.979523
-5.990043
-6.018647
-6.014044
-6.041003
-6.041661
-6.044620
-6.038702
-6.017332
-6.009441
-5.990701
-5.968344
-5.941056
-5.908179
-5.873329
-5.838150
-5.790149
-5.753983
-5.710914
-5.655352
-5.615241
-5.564610
-5.495896
-5.460718
-5.408442
-5.349263
-5.290413
-5.241426
-5.202630
-5.156273
-5.110574
-5.066847
-5.024435
-4.983667
-4.950132
-4.926789
-4.900158
-4.887994
-4.875829
-4.864322
-4.859391
-4.843938
-4.865966
-4.878131
-4.880761
-4.898515
-4.938954
-4.950132
-4.991887
-5.034956
-5.070792
-5.112217
-5.142465
-5.207562
-5.248001
-5.306851
-5.345975
-5.410087
-5.454142
-5.508061
-5.552117
-5.614255
-5.663900
-5.706969
-5.755956
-5.804615
-5.845054
-5.870698
-5.922645
-5.952563
-5.976563
-5.998591
-6.015359
-6.030154
-6.041003
-6.045606
-6.031140
-6.021277
-6.028181
-6.014044
-5.993331
-5.962098
-5.945988
-5.899959
-5.883192
-5.841766
-5.805601
-5.763189
-5.715189
-5.656667
-5.620502
-5.571843
-5.508061
-5.464663
-5.418963
-5.350250
-5.307180
-5.262138
-5.209863
-5.164493
-5.110902
-5.059614
-5.030024
-4.997147
-4.948817
-4.935666
-4.910022
-4.890624
-4.875829
-4.849527
-4.860048
-4.859062
-4.866624
-4.876487
-4.889966
-4.892597
-4.923831
-4.960653
-4.985969
-5.017859
-5.052710
-5.107615
-5.139834
-5.199671
-5.235837
-5.295344
-5.332825
-5.398579
-5.448224
-5.501485
-5.554418
-5.605378
-5.651735
-5.703681
-5.751354
-5.797382
-5.840122
-5.878589
-5.899631
-5.941056
-5.968016
-5.993002
-6.014372
-6.021277
-6.035743
-6.043962
-6.043633
-6.040346
-6.023578
-6.018318
-5.991687
-5.967029
-5.944344
-5.917713
-5.888452
-5.834862
-5.797053
-5.754641
-5.709928
-5.664228
-5.616556
-5.577104
-5.533048
-5.478800
-5.423566
-5.367675
-5.323619
-5.273316
-5.223672
-5.174356
-5.122081
-5.083614
-5.040874
-4.989914
-4.967886
-4.926789
-4.912981
-4.894241
-4.877802
-4.860048
-4.862679
-4.860377
-4.849527
-4.873528
-4.882076
-4.903775
-4.915940
-4.957036
-4.985311
-5.019832
-5.047778
-5.101368
-5.146739
-5.177315
-5.231891
-5.288111
-5.324605
-5.374907
-5.442964
-5.492938
-5.532062
-5.592556
-5.646803
-5.695133
-5.737874
-5.791464
-5.834862
-5.870041
-5.900946
-5.933494
-5.968344
-5.994646
-6.009112
-6.022921
-6.029496
-6.026537
-6.045606
-6.042976
-6.032126
-6.015359
-5.983468
-5.963084
-5.939084
-5.927248
-5.889767
-5.858205
-5.802313
-5.774696
-5.732285
-5.685270
-5.639899
-5.590912
-5.537322
-5.489321
-5.432772
-5.370962
-5.335126
-5.282522
-5.231234
-5.179616
-5.126355
-5.089532
-5.035614
-5.009969
-4.976105
-4.929090
-4.903446
-4.898186
-4.878459
-4.860377
-4.862021
-4.850514
-4.860377
-4.871555
-4.885364
-4.903775
-4.923173
-4.946516
-4.980708
-5.014572
-5.049422
-5.092820
-5.134245
-5.168109
-5.229918
-5.267399
-5.329865
-5.383456
-5.431128
-5.484718
-5.520555
-5.586967
-5.638255
-5.688887
-5.737216
-5.780614
-5.824341
-5.865438
-5.902589
-5.930535
-5.963413
-5.981495
-6.007140
-6.023250
-6.034099
-6.037387
-6.030154
-6.042318
-6.019962
-6.021605
-6.003852
-5.983139
-5.950591
-5.931521
-5.885493
-5.865438
-5.822040
-5.784888
-5.741161
-5.680996
-5.649105
-5.599460
-5.548172
-5.491293
-5.446251
-5.384442
-5.335126
-5.272659
-5.236823
-5.188822
-5.142465
-5.097752
-5.054025
-5.015229
-4.977420
-4.946516
-4.919228
-4.895556
-4.871555
-4.868925
-4.848212
-4.858733
-4.861692
-4.856432
-4.874843
-4.899172
-4.919885
-4.928433
-4.972160
-4.994188
-5.028380
-5.085916
-5.127999
-5.174685
-5.221370
-5.272001
-5.322304
-5.357482
-5.407456
-5.475183
-5.526801
-5.579076
-5.621488
-5.678366
-5.720778
-5.760559
-5.806588
-5.859191
-5.897329
-5.930864
-5.943028
-5.980180
-5.990701
-6.003852
-6.026208
-6.037715
-6.042318
-6.034757
-6.035414
-6.008455
-6.008455
-5.972618
-5.964399
-5.934809
-5.900946
-5.866425
-5.823355
-5.777656
-5.750039
-5.704997
-5.656338
-5.602090
-5.544555
-5.508718
-5.453813
-5.402196
-5.349263
-5.299947
-5.246686
-5.199671
-5.150684
-5.103341
-5.059614
-5.006024
-4.983338
-4.953749
-4.912652
-4.901145
-4.885693
-4.864651
-4.850842
-4.860377
-4.862021
-4.866952
-4.867610
-4.896542
-4.917583
-4.931392
-4.957036
-5.003065
-5.023777
-5.063231
-5.117149
-5.166465
-5.213480
-5.262138
-5.311783
-5.344660
-5.411073
-5.451841
-5.517595
-5.566583
-5.611625
-5.669817
-5.715517
-5.766149
-5.798697
-5.849000
-5.888124
-5.924946
-5.938097
-5.981166
-5.999578
-6.016016
-6.032455
-6.023907
-6.041003
-6.028510
-6.023578
-6.011743
-6.010756
-5.973933
-5.952892
-5.939412
-5.912124
-5.878260
-5.840451
-5.796067
-5.746751
-5.711243
-5.667187
-5.604063
-5.569213
-5.516280
-5.463348
-5.412059
-5.357154
-5.294029
-5.246357
-5.202630
-5.152328
-5.113204
-5.070463
-5.031011
-4.990900
-4.955392
-4.930077
-4.907392
-4.882076
-4.861034
-4.866624
-4.859062
-4.850185
-4.863994
-4.877473
-4.887008
-4.905090
-4.938296
-4.964927
-4.997147
-5.024764
-5.058299
-5.109587
-5.157588
-5.196712
-5.252604
-5.303564
-5.339729
-5.405484
-5.442635
-5.500170
-5.559350
-5.610310
-5.659955
-5.695133
-5.759244
-5.799683
-5.836506
-5.868397
-5.918699
-5.950262
-5.974591
-5.999578
-6.000564
-6.027195
-6.036400
-6.045277
-6.041661
-6.039360
-6.028181
-6.008455
-5.980509
-5.973605
-5.930206
-5.914754
-5.882534
-5.835191
-5.798697
-5.756614
-5.721764
-5.656667
-5.625433
-5.574473
-5.525157
-5.473868
-5.408772
-5.365373
-5.314742
-5.261809
-5.198685
-5.151013
-5.121094
-5.073422
-5.029038
-4.997147
-4.962955
-4.917255
-4.903118
-4.892597
-4.875501
-4.864980
-4.841966
-4.858733
-4.857418
-4.873528
-4.889966
-4.894241
-4.914625
-4.959995
-4.977420
-5.025093
-5.060600
-5.088217
-5.134903
-5.194740
-5.244384
-5.291728
-5.327893
-5.392662
-5.440333
-5.499513
-5.540281
-5.600775
-5.652064
-5.701709
-5.734586
-5.794423
-5.835191
-5.877932
-5.914754
-5.928891
-5.954207
-5.992673
-6.010756
-6.025880
-6.039360
-6.028181
-6.040675
-6.036729
-6.030811
-6.004180
-5.999907
-5.976563
-5.948946
-5.920343
-5.889767
-5.851301
-5.811190
-5.773710
-5.722093
-5.681653
-5.634968
-5.582364
-5.518582
-5.482745
-5.428826
-5.377538
-5.323619
-5.274632
-5.224329
-5.168766
-5.129314
-5.084272
-5.030024
-5.003394
-4.972160
-4.936981
-4.913638
-4.877144
-4.878131
-4.860048
-4.859391
-4.858404
-4.863336
-4.871227
-4.887336
-4.906734
-4.911666
-4.957036
-4.985640
-5.018846
-5.055997
-5.097423
-5.136218
-5.188493
-5.236494
-5.276276
-5.329865
-5.386744
-5.437046
-5.490636
-5.539952
-5.593871
-5.639899
-5.692503
-5.741161
-5.786203
-5.830259
-5.871356
-5.905220
-5.924617
-5.961440
-5.973605
-5.993002
-6.008126
-6.035414
-6.038044
-6.040675
-6.033770
-6.026537
-6.016674
-6.002865
-5.976563
-5.938426
-5.927576
-5.888452
-5.854917
-5.812834
-5.770751
-5.725709
-5.677380
-5.644173
-5.584994
-5.543569
-5.488335
-5.439676
-5.384113
-5.327564
-5.270358
-5.233206
-5.181260
-5.125697
-5.089861
-5.037915
-5.011613
-4.977420
-4.945200
-4.911337
-4.898186
-4.882405
-4.868268
-4.844924
-4.844596
-4.859391
-4.870240
-4.884706
-4.903446
-4.924817
-4.942242
-4.978735
-5.006024
-5.046134
-5.091834
-5.127341
-5.179945
-5.227946
-5.275618
-5.324276
-5.376223
-5.431786
-5.480773
-5.524499
-5.580062
-5.628721
-5.666859
-5.734915
-5.777984
-5.818095
-5.863137
-5.898644
-5.933823
-5.946645
-5.988400
-6.006482
-6.022263
-6.019304
-6.041990
-6.045935
-6.035743
-6.020290
-6.017660
-5.992673
-5.984454
-5.960125
-5.931521
-5.884836
-5.864123
-5.827300
-5.784560
-5.745107
-5.693490
-5.652064
-5.586967
-5.536993
-5.493266
-5.448553
-5.381812
-5.344660
-5.288440
-5.239124
-5.191123
-5.142794
-5.100382
-5.042846
-5.016544
-4.966900
-4.950461
-4.924159
-4.897857
-4.868925
-4.856432
-4.855445
-4.859062
-4.859719
-4.868597
-4.881747
-4.896214
-4.917912
-4.936653
-4.962626
-5.005695
-5.044819
-5.083614
-5.126026
-5.163506
-5.219069
-5.268385
-5.318687
-5.369976
-5.406799
-5.468608
-5.523185
-5.576117
-5.619844
-5.673434
-5.723736
-5.771080
-5.808560
-5.856890
-5.880890
-5.930535
-5.948618
-5.983797
-6.002537
-6.019304
-6.033113
-6.041990
-6.042318
-6.043633
-6.025880
-6.024236
-6.002537
-5.987742
-5.967029
-5.922645
-5.907521
-5.868726
-5.834533
-5.794752
-5.747737
-5.707627
-5.652392
-5.609981
-5.562966
-5.511677
-5.458416
-5.407127
-5.349921
-5.296002
-5.250302
-5.198356
-5.151999
-5.093806
-5.064545
-5.025093
-4.988599
-4.949475
-4.914953
-4.905748
-4.886679
-4.871884
-4.847555
-4.853802
-4.854788
-4.867281
-4.863994
-4.895885
-4.916597
-4.937310
-4.965913
-5.000763
-5.036271
-5.076053
-5.119122
-5.160876
-5.211836
-5.259179
-5.307838
-5.361099
-5.411730
-5.464005
-5.515294
-5.568226
-5.617543
-5.665544
-5.715189
-5.761217
-5.791464
-5.844397
-5.889767
-5.914425
-5.952563
-5.967029
-6.002208
-6.011414
-6.031797
-6.040017
-6.043962
-6.036072
-6.035414
-6.028839
-6.013386
-5.979851
-5.970645
-5.944015
-5.897658
-5.881219
-5.843081
-5.795409
-5.756943
-5.716832
-5.669817
-5.615899
-5.572172
-5.505760
-5.452169
-5.415018
-5.359127
-5.305208
-5.243398
-5.210521
-5.159890
-5.099724
-5.055997
-5.024435
-4.980051
-4.962297
-4.933693
-4.907063
-4.889638
-4.875501
-4.865966
-4.859391
-4.860706
-4.865637
-4.876487
-4.893583
-4.899172
-4.936653
-4.959995
-4.979722
-5.021147
-5.054353
-5.108601
-5.139506
-5.203945
-5.249974
-5.299947
-5.347620
-5.404826
-5.454800
-5.508061
-5.542582
-5.592885
-5.649434
-5.703024
-5.757600
-5.801327
-5.826972
-5.881548
-5.913110
-5.940399
-5.968344
-5.993989
-6.015359
-6.020619
-6.030154
-6.027524
-6.045606
-6.033113
-6.022263
-6.015030
-5.994646
-5.970645
-5.934481
-5.917384
-5.886808
-5.849657
-5.810204
-5.766806
-5.724723
-5.670475
-5.630036
-5.571186
-5.520226
-5.474855
-5.415018
-5.371620
-5.303893
-5.265755
-5.209206
-5.154301
-5.124382
-5.081313
-5.040545
-5.001750
-4.966900
-4.938625
-4.906076
-4.884377
-4.871227
-4.863665
-4.860377
-4.855445
-4.864651
-4.876158
-4.886350
-4.909693
-4.929748
-4.940269
-4.987941
-5.024435
-5.063559
-5.100710
-5.134245
-5.193425
-5.239782
-5.277919
-5.325921
-5.390031
-5.430799
-5.496554
-5.531404
-5.593871
-5.651406
-5.701051
-5.747408
-5.790478
-5.831903
-5.871356
-5.911138
-5.944344
-5.967358
-5.992345
-6.011743
-6.022592
-6.034757
-6.040675
-6.042318
-6.024893
-6.027195
-6.017003
-5.998591
-5.973276
-5.949604
-5.923631
-5.883192
-5.853931
-5.798039
-5.769765
-5.729983
-5.683955
-5.635625
-5.583679
-5.529102
-5.479458
-5.429813
-5.381155
-5.326578
-5.276276
-5.225645
-5.178630
-5.116492
-5.074738
-5.039887
-5.006024
-4.969530
-4.942570
-4.918570
-4.895556
-4.880104
-4.866295
-4.857090
-4.858404
-4.864322
-4.872870
-4.886350
-4.903775
-4.911008
-4.942242
-4.983009
-5.018188
-5.043504
-5.078682
-5.122738
-5.185205
-5.233206
-5.284166
-5.334140
-5.383784
-5.435731
-5.479786
-5.540281
-5.591569
-5.640885
-5.689215
-5.739189
-5.773710
-5.828287
-5.865767
-5.901274
-5.932837
-5.948289
-5.982810
-6.008783
-6.024565
-6.037058
-6.032784
-6.041003
-6.035743
-6.033770
-6.021935
-5.986755
-5.980509
-5.941385
-5.927248
-5.896343
-5.860178
-5.822369
-5.781929
-5.737545
-5.685270
-5.643187
-5.597487
-5.539294
-5.489321
-5.428826
-5.388059
-5.337099
-5.286468
-5.234521
-5.168438
-5.138191
-5.080984
-5.053038
-5.012928
-4.980708
-4.948488
-4.906405
-4.897200
-4.878788
-4.869254
-4.862021
-4.858733
-4.845253
-4.870240
-4.880432
-4.902131
-4.913638
-4.950132
-4.972489
-5.009311
-5.047449
-5.078354
-5.125369
-5.178958
-5.226302
-5.273974
-5.309482
-5.376552
-5.426196
-5.479129
-5.514307
-5.564281
-5.617214
-5.680010
-5.730312
-5.778971
-5.805601
-5.862808
-5.883849
-5.924946
-5.962098
-5.984454
-5.992673
-6.021277
-6.016674
-6.042318
-6.045606
-6.043962
-6.029167
-6.016345
-6.006482
-5.985112
-5.944673
-5.935796
-5.900946
-5.861822
-5.815135
-5.770751
-5.728997
-5.701380
-5.649105
-5.606036
-5.547185
-5.497540
-5.450854
-5.381812
-5.348277
-5.288440
-5.229261
-5.177643
-5.132273
-5.101039
-5.044161
-5.021147
-4.967228
-4.952105
-4.925803
-4.901474
-4.884377
-4.872213
-4.863336
-4.840322
-4.854788
-4.854459
-4.881747
-4.898844
-4.918899
-4.943885
-4.957365
-4.991558
-5.040874
-5.082628
-5.125369
-5.163506
-5.214466
-5.264769
-5.301591
-5.368661
-5.412388
-5.470581
-5.520555
-5.573816
-5.623460
-5.671133
-5.715846
-5.769436
-5.807903
-5.853273
-5.893384
-5.927905
-5.958152
-5.982810
-6.001879
-6.018318
-6.032126
-6.041332
-6.046264
-6.036400
-6.035414
-6.021605
-6.005167
-5.990701
-5.952234
-5.940070
-5.910151
-5.858534
-5.838150
-5.796724
-5.747737
-5.711243
-5.660941
-5.614913
-5.564939
-5.512335
-5.461704
-5.409758
-5.341372
-5.294358
-5.238138
-5.197370
-5.141150
-5.103998
-5.067833
-5.027394
-4.990571
-4.958352
-4.921200
-4.908378
-4.889638
-4.869912
-4.847884
-4.844924
-4.852815
-4.867610
-4.863336
-4.890296
-4.914625
-4.937968
-4.966571
-5.001092
-5.036271
-5.060271
-5.107615
-5.143780
-5.208877
-5.258193
-5.307180
-5.357154
-5.394305
-5.452169
-5.509048
-5.563952
-5.611625
-5.650749
-5.696119
-5.759902
-5.806588
-5.848013
-5.887137
-5.922974
-5.951577
-5.963413
-5.999249
-6.017989
-6.015359
-6.041003
-6.040675
-6.044620
-6.038373
-6.012729
-6.013386
-5.994646
-5.957823
-5.944344
-5.899302
-5.881548
-5.846369
-5.799683
-5.763189
-5.716832
-5.655680
-5.624447
-5.570857
-5.521870
-5.471238
-5.416333
-5.365373
-5.313427
-5.262796
-5.208877
-5.162848
-5.108930
-5.064874
-5.033312
-4.997476
-4.964927
-4.936981
-4.910351
-4.885035
-4.875501
-4.865966
-4.861363
-4.861363
-4.865966
-4.875501
-4.890624
-4.901474
-4.933693
-4.955721
-4.986955
-5.028380
-5.067504
-5.109259
-5.154958
-5.200658
-5.242741
-5.292714
-5.349263
-5.399237
-5.452498
-5.505431
-5.556062
-5.601433
-5.642200
-5.704668
-5.754313
-5.799683
-5.842424
-5.868068
-5.910151
-5.930535
-5.967029
-5.993660
-6.013058
-6.028839
-6.025222
-6.042647
-6.037387
-6.036729
-6.031797
-6.016674
-5.980180
-5.974920
-5.942042
-5.921001
-5.887137
-5.844068
-5.802313
-5.769436
-5.724723
-5.677380
-5.615570
-5.579405
-5.531733
-5.479458
-5.424881
-5.372606
-5.323619
-5.269372
-5.214138
-5.172383
-5.117807
-5.074409
-5.031668
-4.995503
-4.970187
-4.935666
-4.915282
-4.895556
-4.864980
-4.854130
-4.854130
-4.860048
-4.847884
-4.868925
-4.876816
-4.909036
-4.928104
-4.948817
-4.985311
-5.022791
-5.060929
-5.103012
-5.131615
-5.176328
-5.236165
-5.288769
-5.340715
-5.392662
-5.425210
-5.487020
-5.545212
-5.579076
-5.648118
-5.699079
-5.746422
-5.791135
-5.826972
-5.864452
-5.901932
-5.943028
-5.955522
-5.993660
-6.011743
-6.012071
-6.037058
-6.031140
-6.042976
-6.038373
-6.021935
-6.017003
-5.994646
-5.979523
-5.957166
-5.927905
-5.894699
-5.847355
-5.802313
-5.775354
-5.726696
-5.682311
-5.633981
-5.591898
-5.534034
-5.473540
-5.420279
-5.372606
-5.330523
-5.272001
-5.211507
-5.177972
-5.129314
-5.087231
-5.047778
-4.996818
-4.969201
-4.939283
-4.919885
-4.898844
-4.882076
-4.865309
-4.850842
-4.854459
-4.864980
-4.873857
-4.883720
-4.905090
-4.922844
-4.952105
-4.971502
-5.001421
-5.053367
-5.092820
-5.130958
-5.183890
-5.231891
-5.281536
-5.323948
-5.367346
-5.432772
-5.479458
-5.536335
-5.589597
-5.621817
-5.688558
-5.726038
-5.767463
-5.824999
-5.867082
-5.905220
-5.937439
-5.964070
-5.989386
-6.009441
-6.025222
-6.037715
-6.043304
-6.041332
-6.041332
-6.033442
-6.005167
-6.000564
-5.984126
-5.960454
-5.929220
-5.893055
-5.862808
-5.823355
-5.785546
-5.724065
-5.694476
-5.646146
-5.598803
-5.545212
-5.498198
-5.428826
-5.386086
-5.339729
-5.289755
-5.240110
-5.175671
-5.134903
-5.083285
-5.050737
-5.015887
-4.962626
-4.947173
-4.915611
-4.893254
-4.877473
-4.861363
-4.845253
-4.848212
-4.863336
-4.871227
-4.882076
-4.895556
-4.922844
-4.948817
-4.963283
-5.009969
-5.045805
-5.070792
-5.115177
-5.175342
-5.206904
-5.272659
-5.322304
-5.363400
-5.426196
-5.474197
-5.528116
-5.579734
-5.617871
-5.680338
-5.728011
-5.759573
-5.816780
-5.857547
-5.893713
-5.913768
-5.959138
-5.979194
-6.005496
-6.021605
-6.033770
-6.041661
-6.044620
-6.031140
-6.030482
-6.025880
-6.008783
-5.970317
-5.964070
-5.920672
-5.903576
-5.861822
-5.833876
-5.791464
-5.732942
-5.704339
-5.642529
-5.602090
-5.557706
-5.491622
-5.439347
-5.398908
-5.349921
-5.296002
-5.247015
-5.198028
-5.133588
-5.104656
-5.046134
-5.025093
-4.975119
-4.941255
-4.923831
-4.903446
-4.881090
-4.866624
-4.855445
-4.856761
-4.856103
-4.850185
-4.880761
-4.886350
-4.919556
-4.943557
-4.969859
-5.003065
-5.041203
-5.080327
-5.116163
-5.168766
-5.214466
-5.263782
-5.313427
-5.346962
-5.416333
-5.453813
-5.518582
-5.552774
-5.620831
-5.668831
-5.708284
-5.752997
-5.803300
-5.841766
-5.875959
-5.926261
-5.954865
-5.968344
-5.995961
-6.019304
-6.031797
-6.041332
-6.046264
-6.045277
-6.038373
-6.026866
-6.010756
-5.991358
-5.964399
-5.934809
-5.904891
-5.871027
-5.835848
-5.796395
-5.739846
-5.712558
-5.666530
-5.617543
-5.550473
-5.514965
-5.462690
-5.399566
-5.353209
-5.308167
-5.254248
-5.205918
-5.150355
-5.113204
-5.066518
-5.029038
-4.980708
-4.960324
-4.916926
-4.909364
-4.887994
-4.870898
-4.858076
-4.845911
-4.859391
-4.865637
-4.877144
-4.889638
-4.914625
-4.929748
-4.964927
-4.992215
-5.026736
-5.073751
-5.114190
-5.151670
-5.206247
-5.254905
-5.300933
-5.355181
-5.398251
-5.456772
-5.507403
-5.560336
-5.612940
-5.655352
-5.711572
-5.751025
-5.785875
-5.844725
-5.884178
-5.918042
-5.951248
-5.977221
-5.980838
-6.016674
-6.024236
-6.040675
-6.038044
-6.040675
-6.031797
-6.029496
-6.015030
-5.980180
-5.968016
-5.946316
-5.902589
-5.880562
-5.845383
-5.806588
-5.760231
-5.712229
-5.672448
-5.613268
-5.576775
-5.525486
-5.459731
-5.421594
-5.353209
-5.313756
-5.263782
-5.214466
-5.167451
-5.122409
-5.073751
-5.035285
-4.999448
-4.965913
-4.937968
-4.911337
-4.892268
-4.876158
-4.862350
-4.856432
-4.861692
-4.866624
-4.875501
-4.876816
-4.910679
-4.934022
-4.951118
-4.984324
-5.023777
-5.048107
-5.102355
-5.136547
-5.187178
-5.247015
-5.295344
-5.345318
-5.380497
-5.436059
-5.502143
-5.552445
-5.603734
-5.639242
-5.702695
-5.751682
-5.797382
-5.835191
-5.861822
-5.899959
-5.945659
-5.972618
-5.980509
-6.000235
-6.020948
-6.038044
-6.035085
-6.044949
-6.041332
-6.032126
-6.017989
-5.998920
-5.972618
-5.945330
-5.923302
-5.889439
-5.852945
-5.814149
-5.768778
-5.711243
-5.682640
-5.621159
-5.585651
-5.535349
-5.482745
-5.426854
-5.377538
-5.323290
-5.261481
-5.226631
-5.173041
-5.118135
-5.077696
-5.044490
-5.003394
-4.973146
-4.941584
-4.916268
-4.895227
-4.872213
-4.868268
-4.861363
-4.856103
-4.863336
-4.870240
-4.869912
-4.896542
-4.913638
-4.958023
-4.976434
-5.021476
-5.056655
-5.099067
-5.137533
-5.190794
-5.238138
-5.285481
-5.322304
-5.389374
-5.428826
-5.484718
-5.535020
-5.594529
-5.636940
-5.695133
-5.740833
-5.775025
-5.814478
-5.862479
-5.894370
-5.939741
-5.966701
-5.980838
-5.993989
-6.024565
-6.021277
-6.043962
-6.028839
-6.043304
-6.033770
-6.019962
-5.998263
-5.965385
-5.957495
-5.921987
-5.881548
-5.843410
-5.812834
-5.771738
-5.734257
-5.684284
-5.644831
-5.595186
-5.542911
-5.490965
-5.440662
-5.382798
-5.333482
-5.279234
-5.228603
-5.169424
-5.137862
-5.084600
-5.039230
-5.012599
-4.978078
-4.944214
-4.921200
-4.898515
-4.875501
-4.870240
-4.855117
-4.857418
-4.854130
-4.872213
-4.884049
-4.898844
-4.917255
-4.949146
-4.981037
-5.015558
-5.053367
-5.094792
-5.136547
-5.165150
-5.227946
-5.278906
-5.330523
-5.366360
-5.432443
-5.481102
-5.527130
-5.584994
-5.637598
-5.683626
-5.719791
-5.767463
-5.817108
-5.857547
-5.902589
-5.936782
-5.949604
-5.988400
-6.007797
-6.023250
-6.019962
-6.029825
-6.039360
-6.041661
-6.034428
-6.017989
-6.005825
-5.981495
-5.955194
-5.933494
-5.899302
-5.862479
-5.826972
-5.785217
-5.746093
-5.692503
-5.651078
-5.587624
-5.553103
-5.502143
-5.449868
-5.397264
-5.329208
-5.280221
-5.224987
-5.177643
-5.146739
-5.100710
-5.054025
-5.018517
-4.978735
-4.951776
-4.918570
-4.899501
-4.868925
-4.862679
-4.862350
-4.843938
-4.863007
-4.853144
-4.873528
-4.894898
-4.911008
-4.947173
-4.977420
-5.008654
-5.044819
-5.066847
-5.128656
-5.167451
-5.222685
-5.267070
-5.312441
-5.370962
-5.421922
-5.464663
-5.521212
-5.562637
-5.628063
-5.678366
-5.726367
-5.773053
-5.808560
-5.860507
-5.897658
-5.930535
-5.941385
-5.978865
-6.002865
-6.022592
-6.033770
-6.040346
-6.043304
-6.036729
-6.037715
-6.027195
-6.005496
-5.986098
-5.962098
-5.938426
-5.903904
-5.873657
-5.835848
-5.794094
-5.733929
-5.705654
-5.659955
-5.605049
-5.563295
-5.506746
-5.453156
-5.406141
-5.353538
-5.301262
-5.248330
-5.184876
-5.153972
-5.099395
-5.048436
-5.022462
-4.986626
-4.956050
-4.919885
-4.900816
-4.882076
-4.869254
-4.863336
-4.850842
-4.857418
-4.866952
-4.879446
-4.887994
-4.909036
-4.941584
-4.969859
-5.001092
-5.030353
-5.074409
-5.107286
-5.166465
-5.212822
-5.260494
-5.307509
-5.360442
-5.406799
-5.453156
-5.515623
-5.564939
-5.612282
-5.668502
-5.703024
-5.762861
-5.808231
-5.850315
-5.888781
-5.923631
-5.954865
-5.965056
-6.001222
-6.015359
-6.031469
-6.025551
-6.029496
-6.045277
-6.039031
-6.027524
-6.012400
-5.991358
-5.962098
-5.942371
-5.904562
-5.873000
-5.837821
-5.800670
-5.755628
-5.699407
-5.668502
-5.621488
-5.563952
-5.511349
-5.465978
-5.411073
-5.361757
-5.296002
-5.257535
-5.206247
-5.157588
-5.113533
-5.072436
-5.024764
-4.980051
-4.961968
-4.932378
-4.909693
-4.887665
-4.865966
-4.866624
-4.860048
-4.859062
-4.866952
-4.878459
-4.876158
-4.898515
-4.936981
-4.956050
-4.995174
-5.031011
-5.070792
-5.106299
-5.157259
-5.194740
-5.250302
-5.301920
-5.353866
-5.390360
-5.456443
-5.500170
-5.543897
-5.591569
-5.657653
-5.709928
-5.754970
-5.796724
-5.840122
-5.866096
-5.918371
-5.934481
-5.972947
-5.989715
-6.014372
-6.028839
-6.039360
-6.041332
-6.045606
-6.038044
-6.029167
-6.011743
-5.981166
-5.974920
-5.940070
-5.915740
-5.882863
-5.844397
-5.807903
-5.765820
-5.721107
-5.669160
-5.627735
-5.578419
-5.527787
-5.477156
-5.425868
-5.358798
-5.319674
-5.261481
-5.208548
-5.158575
-5.124711
-5.078354
-5.038572
-4.998791
-4.949803
-4.933365
-4.899172
-4.893583
-4.877144
-4.855445
-4.860048
-4.858733
-4.865966
-4.875172
-4.880432
-4.909693
-4.916926
-4.959995
-4.983338
-5.025421
-5.045805
-5.100710
-5.146410
-5.194411
-5.230576
-5.294029
-5.344660
-5.386415
-5.444279
-5.485375
-5.550144
-5.598803
-5.644502
-5.700722
-5.748394
-5.793437
-5.826314
-5.875630
-5.913110
-5.940727
-5.957495
-5.991030
-6.013058
-6.020619
-6.039360
-6.039360
-6.045935
-6.040017
-6.024236
-6.019304
-5.995633
-5.976563
-5.936782
-5.923302
-5.889767
-5.854917
-5.815793
-5.767135
-5.729326
-5.683955
-5.624447
-5.589268
-5.536335
-5.471238
-5.423237
-5.381483
-5.329865
-5.278577
-5.227946
-5.174027
-5.131944
-5.071450
-5.046134
-5.004380
-4.974462
-4.941255
-4.918241
-4.896542
-4.879446
-4.852815
-4.862679
-4.859391
-4.864322
-4.868597
-4.870240
-4.890624
-4.926132
-4.939611
-4.984324
-5.003722
-5.056326
-5.083943
-5.128327
-5.181918
-5.232549
-5.284166
-5.324276
-5.386415
-5.439019
-5.472882
-5.526144
-5.591241
-5.641214
-5.692503
-5.728011
-5.782916
-5.823355
-5.858205
-5.888781
-5.939412
-5.967358
-5.990372
-6.007468
-6.021935
-6.036072
-6.042318
-6.045606
-6.043304
-6.034428
-6.021605
-5.987413
-5.982481
-5.958152
-5.916398
-5.895685
-5.859191
-5.819081
-5.777327
-5.728339
-5.692832
-5.641543
-5.597158
-5.538637
-5.489321
-5.442306
-5.386086
-5.327235
-5.288111
-5.235837
-5.185863
-5.137862
-5.094792
-5.045476
-5.014901
-4.979722
-4.944872
-4.920871
-4.890953
-4.878788
-4.870240
-4.861692
-4.859391
-4.862350
-4.869583
-4.883062
-4.903775
-4.910022
-4.935338
-4.970845
-5.004709
-5.048764
-5.092491
-5.134574
-5.164493
-5.226302
-5.270687
-5.325921
-5.378524
-5.429484
-5.481759
-5.531404
-5.583021
-5.634310
-5.684941
-5.733271
-5.771080
-5.803957
-5.856890
-5.899302
-5.933823
-5.960454
-5.986755
-6.003194
-6.021935
-6.016674
-6.042647
-6.046921
-6.034757
-6.028510
-6.023907
-6.007140
-5.986427
-5.948618
-5.935467
-5.903576
-5.865109
-5.830259
-5.776340
-5.747079
-5.694147
-5.654694
-5.597487
-5.540609
-5.487677
-5.447896
-5.401209
-5.334797
-5.291728
-5.237152
-5.194411
-5.147725
-5.103341
-5.043175
-5.020161
-4.984982
-4.951776
-4.926132
-4.889966
-4.871555
-4.863665
-4.861363
-4.859391
-4.854130
-4.866624
-4.878459
-4.898515
-4.919556
-4.944214
-4.972160
-4.992215
-5.043175
-5.069806
-5.122409
-5.167780
-5.207562
-5.264111
-5.318030
-5.351893
-5.411730
-5.456772
-5.522198
-5.575131
-5.626748
-5.666530
-5.721435
-5.769107
-5.815464
-5.854917
-5.894699
-5.928563
-5.958481
-5.982481
-6.004509
-6.010756
-6.016345
-6.032455
-6.037715
-6.028181
-6.037058
-6.010756
-6.011414
-5.984126
-5.965714
-5.940399
-5.909165
-5.871685
-5.838808
-5.798368
-5.753655
-5.704010
-5.649105
-5.600775
-5.563952
-5.515294
-5.462033
-5.405155
-5.351565
-5.304879
-5.252275
-5.200000
-5.156602
-5.105971
-5.064874
-5.026079
-4.974790
-4.957365
-4.916268
-4.905419
-4.887336
-4.873528
-4.864980
-4.860048
-4.851500
-4.850842
-4.863336
-4.893583
-4.908049
-4.926461
-4.962297
-5.000763
-5.019175
-5.075395
-5.104656
-5.149369
-5.206904
-5.254905
-5.307509
-5.349921
-5.402853
-5.463676
-5.514307
-5.550473
-5.615570
-5.663242
-5.715189
-5.750696
-5.808231
-5.846369
-5.879904
-5.906864
-5.949275
-5.968016
-6.001550
-6.011085
-6.016345
-6.032455
-6.044620
-6.044620
-6.040017
-6.030154
-6.004838
-5.992345
-5.970317
-5.945330
-5.916069
-5.879247
-5.829273
-5.789163
-5.753983
-5.709599
-5.656338
-5.624447
-5.557706
-5.519897
-5.464334
-5.414361
-5.366031
-5.315728
-5.264440
-5.214466
-5.164821
-5.119122
-5.060271
-5.034627
-4.998462
-4.964927
-4.932707
-4.908049
-4.875829
-4.877144
-4.866952
-4.858733
-4.860706
-4.847884
-4.867939
-4.879117
-4.905419
-4.925803
-4.963612
-4.993530
-5.029038
-5.070463
-5.095121
-5.156273
-5.193753
-5.249974
-5.287454
-5.350250
-5.392990
-5.451841
-5.495568
-5.554747
-5.605049
-5.641872
-5.690859
-5.740504
-5.785217
-5.826314
-5.865438
-5.916398
-5.948946
-5.975906
-5.982153
-6.014372
-6.028181
-6.038702
-6.044949
-6.028181
-6.039031
-6.018975
-6.013058
-5.996619
-5.976563
-5.949933
-5.919357
-5.882534
-5.849986
-5.802971
-5.767463
-5.710257
-5.680010
-5.617214
-5.568226
-5.523185
-5.478471
-5.411073
-5.375237
-5.320989
-5.270358
-5.217754
-5.163835
-5.110902
-5.072436
-5.040545
-5.002736
-4.955721
-4.922515
-4.913967
-4.882405
-4.871227
-4.866295
-4.857090
-4.859391
-4.861363
-4.875501
-4.889638
-4.893583
-4.930735
-4.958680
-4.989256
-5.024435
-5.063231
-5.087560
-5.145095
-5.185205
-5.241755
-5.280550
-5.328222
-5.393648
-5.432114
-5.488335
-5.531404
-5.584336
-5.649434
-5.695462
-5.746751
-5.792450
-5.835520
-5.875630
-5.912124
-5.936124
-5.962098
-5.992673
-6.004180
-6.014372
-6.038702
-6.041003
-6.046264
-6.040017
-6.031469
-6.013386
-5.987084
-5.981166
-5.950919
-5.908507
-5.893384
-5.856890
-5.820396
-5.778642
-5.727024
-5.683297
-5.640885
-5.592556
-5.541924
-5.489650
-5.438690
-5.377209
-5.325921
-5.281536
-5.223343
-5.168109
-5.135561
-5.086245
-5.047778
-5.008325
-4.967228
-4.942570
-4.915282
-4.890624
-4.873199
-4.868597
-4.862021
-4.853802
-4.861363
-4.869254
-4.886350
-4.899172
-4.927118
-4.951776
-4.984324
-5.012928
-5.054353
-5.095121
-5.121423
-5.171397
-5.234192
-5.279234
-5.331510
-5.381812
-5.435731
-5.486033
-5.538966
-5.589597
-5.636611
-5.687900
-5.734586
-5.776998
-5.829930
-5.854589
-5.890425
-5.937439
-5.965714
-5.974591
-6.004509
-6.023578
-6.033113
-6.042976
-6.042318
-6.042976
-6.033113
-6.016345
-6.005167
-5.982810
-5.958481
-5.930864
-5.898644
-5.863465
-5.818095
-5.767792
-5.724065
-5.679681
-5.649434
-5.599789
-5.545212
-5.496554
-5.444608
-5.386744
-5.334797
-5.287783
-5.236165
-5.186521
-5.138191
-5.082957
-5.048764
-5.016873
-4.977420
-4.948488
-4.921529
-4.896214
-4.883391
-4.856432
-4.860048
-4.861034
-4.859719
-4.870569
-4.878788
-4.901474
-4.919885
-4.945858
-4.976763
-5.001750
-5.048107
-5.089203
-5.131615
-5.177972
-5.222685
-5.267727
-5.323290
-5.373592
-5.409429
-5.470910
-5.511020
-5.575459
-5.629050
-5.680996
-5.730969
-5.775683
-5.816451
-5.848013
-5.892726
-5.928563
-5.946974
-5.987084
-6.008126
-6.011414
-6.034099
-6.035085
-6.046592
-6.041332
-6.034099
-6.024893
-6.006482
-5.986427
-5.962098
-5.930864
-5.903247
-5.870041
-5.813163
-5.789163
-5.746751
-5.686585
-5.656338
-5.605049
-5.557706
-5.491293
-5.453156
-5.385757
-5.350907
-5.298304
-5.247015
-5.181589
-5.138519
-5.106299
-5.062573
-5.019832
-4.979722
-4.938625
-4.927118
-4.897857
-4.881090
-4.872541
-4.847555
-4.854788
-4.858733
-4.854459
-4.881747
-4.898186
-4.917912
-4.925146
-4.971831
-5.004709
-5.027065
-5.080984
-5.119451
-5.151670
-5.215124
-5.248659
-5.309482
-5.364716
-5.415018
-5.460060
-5.517595
-5.571514
-5.623132
-5.674749
-5.714859
-5.757600
-5.811848
-5.854259
-5.878260
-5.927905
-5.957166
-5.977221
-5.994318
-6.015030
-6.032126
-6.042318
-6.046921
-6.039031
-6.037715
-6.017660
-6.006482
-5.992673
-5.961769
-5.943028
-5.909822
-5.864452
-5.839465
-5.791135
-5.756943
-5.710914
-5.646146
-5.606364
-5.552117
-5.500170
-5.449539
-5.411073
-5.344003
-5.299618
-5.255892
-5.207891
-5.159561
-5.097752
-5.066518
-5.020819
-4.992544
-4.959995
-4.917583
-4.908049
-4.882405
-4.865637
-4.860706
-4.860048
-4.855117
-4.863994
-4.861034
-4.894241
-4.905748
-4.922186
-4.967228
-4.999777
-5.017202
-5.069806
-5.103341
-5.143451
-5.206575
-5.248330
-5.303893
-5.348277
-5.407127
-5.441978
-5.496225
-5.563624
-5.611296
-5.655680
-5.712558
-5.760888
-5.793437
-5.845383
-5.870369
-5.921659
-5.950919
-5.969331
-5.993989
-6.017660
-6.024565
-6.030154
-6.037058
-6.028510
-6.036072
-6.030154
-6.000893
-5.993660
-5.957495
-5.947303
-5.916727
-5.869054
-5.837492
-5.790806
-5.748394
-5.714859
-5.674092
-5.626091
-5.561322
-5.525815
-5.473540
-5.414361
-5.351565
-5.308496
-5.258851
-5.200000
-5.165150
-5.119451
-5.073751
-5.032654
-4.999448
-4.966242
-4.933036
-4.905090
-4.887336
-4.877473
-4.855445
-4.861692
-4.847555
-4.862679
-4.875172
-4.889966
-4.903775
-4.933365
-4.949475
-4.992544
-5.026736
-5.064545
-5.107615
-5.151999
-5.197370
-5.238795
-5.296659
-5.345647
-5.397922
-5.451841
-5.495568
-5.552117
-5.596501
-5.654694
-5.705325
-5.753326
-5.790806
-5.838150
-5.879575
-5.913439
-5.946974
-5.961769
-5.989386
-6.014372
-6.019962
-6.031140
-6.040675
-6.031797
-6.040017
-6.019633
-6.015030
-5.994975
-5.973605
-5.945659
-5.923960
-5.883192
-5.852945
-5.798368
-5.766806
-5.726696
-5.664557
-5.634639
-5.578419
-5.529102
-5.482417
-5.428498
-5.360113
-5.325263
-5.273645
-5.205918
-5.172712
-5.125369
-5.085587
-5.038243
-4.998133
-4.970845
-4.940598
-4.914953
-4.896214
-4.872541
-4.868597
-4.859719
-4.859719
-4.863994
-4.856103
-4.882076
-4.905748
-4.929748
-4.953749
-4.986626
-5.021476
-5.060929
-5.086245
-5.131287
-5.174027
-5.224000
-5.288440
-5.332167
-5.391675
-5.442306
-5.491951
-5.539952
-5.595186
-5.643187
-5.695791
-5.745436
-5.790149
-5.833218
-5.872342
-5.909822
-5.941056
-5.969988
-5.993002
-6.011085
-6.025222
-6.036400
-6.037387
-6.046264
-6.042318
-6.015687
-6.006811
-5.992345
-5.980838
-5.957495
-5.918042
-5.891740
-5.859849
-5.816780
-5.779299
-5.735244
-5.674092
-5.640557
-5.593214
-5.538308
-5.484718
-5.439676
-5.372606
-5.320660
-5.282522
-5.223672
-5.182904
-5.129972
-5.091176
-5.039887
-5.002079
-4.966571
-4.946516
-4.921529
-4.887336
-4.866624
-4.865309
-4.862350
-4.859391
-4.862350
-4.870898
-4.871555
-4.901803
-4.924488
-4.948488
-4.981037
-5.014572
-5.052052
-5.088217
-5.129972
-5.173369
-5.230247
-5.264769
-5.322633
-5.380497
-5.425539
-5.484060
-5.533048
-5.584008
-5.634639
-5.687572
-5.735901
-5.783573
-5.822698
-5.866096
-5.897986
-5.935796
-5.963413
-5.971632
-6.007797
-6.017332
-6.036072
-6.040675
-6.030482
-6.038373
-6.020619
-6.023578
-6.006482
-5.977550
-5.952234
-5.931193
-5.899959
-5.864452
-5.824341
-5.777656
-5.738531
-5.696448
-5.650420
-5.601104
-5.551459
-5.488335
-5.448224
-5.395949
-5.328222
-5.292714
-5.226960
-5.189150
-5.144437
-5.099724
-5.040216
-5.019832
-4.969859
-4.953749
-4.910351
-4.884706
-4.884049
-4.871555
-4.864322
-4.861363
-4.849199
-4.855117
-4.873528
-4.885364
-4.921200
-4.939611
-4.976105
-4.993202
-5.027723
-5.085916
-5.128656
-5.175013
-5.217096
-5.265755
-5.305536
-5.369976
-5.419292
-5.475513
-5.517267
-5.578747
-5.628063
-5.672777
-5.711572
-5.775683
-5.804944
-5.859191
-5.894042
-5.916398
-5.959138
-5.985440
-5.998920
-6.022592
-6.033113
-6.041003
-6.041332
-6.044620
-6.030154
-6.008126
-6.004509
-5.985440
-5.964399
-5.928563
-5.904562
-5.868397
-5.828287
-5.788176
-5.737216
-5.705983
-5.642858
-5.606693
-5.560665
-5.507732
-5.456772
-5.401209
-5.354195
-5.299290
-5.251946
-5.200658
-5.153643
-5.099724
-5.056983
-5.025750
-4.981366
-4.956707
-4.914953
-4.904104
-4.873528
-4.873857
-4.864322
-4.859719
-4.845911
-4.861034
-4.865966
-4.889638
-4.913638
-4.940269
-4.967886
-4.995174
-5.039558
-5.079011
-5.118135
-5.165150
-5.208877
-5.260823
-5.311126
-5.348606
-5.409100
-5.459731
-5.516609
-5.567898
-5.619844
-5.666201
-5.721107
-5.751682
-5.811519
-5.844725
-5.891082
-5.925932
-5.954207
-5.981495
-5.986098
-6.016345
-6.026537
-6.027524
-6.042318
-6.039688
-6.023578
-6.027195
-6.000564
-5.989715
-5.970645
-5.943686
-5.894370
-5.876616
-5.825327
-5.797710
-5.750367
-5.713873
-5.667845
-5.611296
-5.564610
-5.518582
-5.466307
-5.404169
-5.359127
-5.292057
-5.247672
-5.204932
-5.151341
-5.116163
-5.060600
-5.029696
-4.990571
-4.959995
-4.930077
-4.895227
-4.887336
-4.860377
-4.849527
-4.856761
-4.859062
-4.868268
-4.870240
-4.892597
-4.911666
-4.928762
-4.964270
-4.997476
-5.033312
-5.059943
-5.111560
-5.157917
-5.201315
-5.252275
-5.303564
-5.338085
-5.396935
-5.440991
-5.508061
-5.556391
-5.594200
-5.662256
-5.708613
-5.758258
-5.802642
-5.843739
-5.885822
-5.921001
-5.946316
-5.973933
-5.998591
-6.006811
-6.022592
-6.040017
-6.045277
-6.044949
-6.039688
-6.028181
-6.014701
-5.993660
-5.973276
-5.946974
-5.915411
-5.868726
-5.839136
-5.807245
-5.765820
-5.722093
-5.675735
-5.624775
-5.562309
-5.521870
-5.476828
-5.415347
-5.370305
-5.315400
-5.268056
-5.216110
-5.155616
-5.121423
-5.077696
-5.034298
-4.993859
-4.968215
-4.938296
-4.911008
-4.884706
-4.861034
-4.852158
-4.852487
-4.857747
-4.851171
-4.875501
-4.882076
-4.907392
-4.934351
-4.960982
-4.975448
-5.010955
-5.065203
-5.106957
-5.150684
-5.193425
-5.246686
-5.285481
-5.341044
-5.390689
-5.441648
-5.499184
-5.543897
-5.597487
-5.651406
-5.692503
-5.748724
-5.795738
-5.838479
-5.860178
-5.913110
-5.928891
-5.972290
-5.994975
-6.002537
-6.028510
-6.038044
-6.026208
-6.027524
-6.041003
-6.028181
-6.017989
-5.999907
-5.978208
-5.938426
-5.918042
-5.888124
-5.855246
-5.814478
-5.770093
-5.729983
-5.684284
-5.637927
-5.587624
-5.536664
-5.480444
-5.427183
-5.380168
-5.329537
-5.277591
-5.211836
-5.176657
-5.116492
-5.085916
-5.046134
-5.008325
-4.957694
-4.940927
-4.916926
-4.895227
-4.880104
-4.867610
-4.862021
-4.846240
-4.861692
-4.868925
-4.886021
-4.906405
-4.920871
-4.940598
-4.981694
-5.020161
-5.057641
-5.098738
-5.144109
-5.189479
-5.236823
-5.285481
-5.336441
-5.384771
-5.438690
-5.476499
-5.537980
-5.575131
-5.628392
-5.695133
-5.742476
-5.770751
-5.825327
-5.870369
-5.906535
-5.939412
-5.969002
-5.992673
-6.005825
-6.016674
-6.032126
-6.040675
-6.032126
-6.032784
-6.033770
-6.020948
-6.001879
-5.966043
-5.944344
-5.931521
-5.896672
-5.857876
-5.813163
-5.782258
-5.739518
-5.694476
-5.645488
-5.594857
-5.544884
-5.492938
-5.436059
-5.375237
-5.322304
-5.283837
-5.217754
-5.186192
-5.136876
-5.094792
-5.035285
-4.997804
-4.971174
-4.936653
-4.921858
-4.896871
-4.883720
-4.870569
-4.860706
-4.858404
-4.847884
-4.854788
-4.885693
-4.902460
-4.924159
-4.950461
-4.977092
-4.999119
-5.048107
-5.078682
-5.131944
-5.179945
-5.227288
-5.276276
-5.324276
-5.378195
-5.429813
-5.480773
-5.515623
-5.584994
-5.630693
-5.677380
-5.733271
-5.779299
-5.822698
-5.846698
-5.894370
-5.936124
-5.963084
-5.974920
-6.007140
-6.018647
-6.031797
-6.043304
-6.031797
-6.037058
-6.017660
-6.016016
-6.003523
-5.980180
-5.946316
-5.927248
-5.901274
-5.864452
-5.815464
-5.785875
-5.746422
-5.699736
-5.653379
-5.589597
-5.552445
-5.504116
-5.436059
-5.387401
-5.343674
-5.277591
-5.244056
-5.180603
-5.132930
-5.101697
-5.040874
-5.019832
-4.966900
-4.939283
-4.922844
-4.896214
-4.883391
-4.870240
-4.850185
-4.845253
-4.862350
-4.869583
-4.881090
-4.898844
-4.909364
-4.946187
-4.970187
-5.007997
-5.044161
-5.079011
-5.119451
-5.173698
-5.219727
-5.269042
-5.317701
-5.369318
-5.417319
-5.469265
-5.525157
-5.565597
-5.618858
-5.676393
-5.710586
-5.772395
-5.818423
-5.856561
-5.881548
-5.928891
-5.958152
-5.975906
-6.005825
-6.022592
-6.028181
-6.023250
-6.031140
-6.043962
-6.022592
-6.027195
-6.010427
-5.990043
-5.964728
-5.933166
-5.907192
-5.860835
-5.837163
-5.777656
-5.751682
-5.693161
-5.654365
-5.599131
-5.562637
-5.495239
-5.460718
-5.407785
-5.342359
-5.305208
-5.254577
-5.188164
-5.153643
-5.109916
-5.060929
-5.027065
-4.976105
-4.954406
-4.929420
-4.898515
-4.884049
-4.874514
-4.864980
-4.844924
-4.845582
-4.867610
-4.861363
-4.878788
-4.916597
-4.933036
-4.968215
-4.999777
-5.037257
-5.076710
-5.119122
-5.165150
-5.211507
-5.260166
-5.309811
-5.360442
-5.396278
-5.464334
-5.514965
-5.549815
-5.607351
-5.660283
-5.713544
-5.758586
-5.791135
-5.834862
-5.889110
-5.916398
-5.940399
-5.980838
-6.001879
-6.002537
-6.031469
-6.039031
-6.030811
-6.030154
-6.036729
-6.013058
-6.005496
-5.993989
-5.957823
-5.930535
-5.913110
-5.880562
-5.843081
-5.801656
-5.751354
-5.699736
-5.656667
-5.619186
-5.561322
-5.521212
-5.468937
-5.416004
-5.364716
-5.311783
-5.246028
-5.211836
-5.160218
-5.117807
-5.075724
-5.016873
-4.996161
-4.950790
-4.930406
-4.895227
-4.876487
-4.872213
-4.865637
-4.859391
-4.860377
-4.866624
-4.872213
-4.891939
-4.912652
-4.917912
-4.958680
-4.984982
-5.023448
-5.071778
-5.111231
-5.155616
-5.199014
-5.246686
-5.297317
-5.350907
-5.394963
-5.453813
-5.488992
-5.553761
-5.593542
-5.655023
-5.707955
-5.751682
-5.793766
-5.825327
-5.882863
-5.918371
-5.948946
-5.957823
-5.981495
-6.008126
-6.029167
-6.040675
-6.044620
-6.045277
-6.030811
-6.014701
-5.998920
-5.982810
-5.963084
-5.947303
-5.915411
-5.879575
-5.851301
-5.808889
-5.770422
-5.721435
-5.673434
-5.629707
-5.582364
-5.524171
-5.480444
-5.412716
-5.368989
-5.319016
-5.264111
-5.221042
-5.172712
-5.126355
-5.070463
-5.024764
-4.987612
-4.969859
-4.938625
-4.913967
-4.894898
-4.878788
-4.866624
-4.843281
-4.861034
-4.850185
-4.873199
-4.888651
-4.908049
-4.924159
-4.950461
-4.988927
-5.015229
-5.060929
-5.101039
-5.128985
-5.177972
-5.241097
-5.291728
-5.341044
-5.382798
-5.444608
-5.480773
-5.547185
-5.599131
-5.648448
-5.682311
-5.746422
-5.793766
-5.836506
-5.865438
-5.911795
-5.943028
-5.969988
-5.986098
-6.003523
-6.027853
-6.036400
-6.042976
-6.044620
-6.025551
-6.033113
-6.015687
-5.984126
-5.969988
-5.953878
-5.926919
-5.893713
-5.845054
-5.818095
-5.776011
-5.714531
-5.683955
-5.639570
-5.587624
-5.537322
-5.488006
-5.433758
-5.383127
-5.317372
-5.276933
-5.229918
-5.181260
-5.132601
-5.088546
-5.047778
-5.009640
-4.973804
-4.929090
-4.905419
-4.897529
-4.879446
-4.854130
-4.845253
-4.859719
-4.862021
-4.870240
-4.877473
-4.897200
-4.929090
-4.954735
-4.983667
-5.013586
-5.055668
-5.096765
-5.128327
-5.186521
-5.229918
-5.267399
-5.329537
-5.371620
-5.427511
-5.488992
-5.527787
-5.578419
-5.623789
-5.688558
-5.740833
-5.769436
-5.829930
-5.865109
-5.902589
-5.922974
-5.964070
-5.991687
-6.008783
-6.022921
-6.035414
-6.043304
-6.044620
-6.043962
-6.030811
-6.021935
-6.000893
-5.975906
-5.958810
-5.928891
-5.884507
-5.864123
-5.823026
-5.767135
-5.740504
-5.695133
-5.648448
-5.598474
-5.547843
-5.495568
-5.444608
-5.393319
-5.341044
-5.290084
-5.232220
-5.176986
-5.140492
-5.093806
-5.047778
-5.009969
-4.979064
-4.947831
-4.906734
-4.884049
-4.880104
-4.871555
-4.859062
-4.859719
-4.845253
-4.868597
-4.876487
-4.894241
-4.913638
-4.935995
-4.978078
-4.995174
-5.049751
-5.088875
-5.117149
-5.176000
-5.224987
-5.273974
-5.324605
-5.372935
-5.427511
-5.477156
-5.525815
-5.577761
-5.623789
-5.680667
-5.732614
-5.776340
-5.817108
-5.858205
-5.893055
-5.934809
-5.962426
-5.985440
-6.005496
-6.018318
-6.028181
-6.034757
-6.044620
-6.043304
-6.018975
-6.015030
-6.007140
-5.988728
-5.963741
-5.935796
-5.902918
-5.868397
-5.829602
-5.776011
-5.730969
-5.688887
-5.638913
-5.606036
-5.558363
-5.503458
-5.455786
-5.402196
-5.350250
-5.293701
-5.230905
-5.198356
-5.135889
-5.105642
-5.061258
-5.017859
-4.986297
-4.941255
-4.927775
-4.905748
-4.880104
-4.870898
-4.863665
-4.857418
-4.862021
-4.869583
-4.881419
-4.896871
-4.917912
-4.938625
-4.972817
-5.005695
-5.024106
-5.080984
-5.124711
-5.167780
-5.217096
-5.265097
-5.311783
-5.354853
-5.417319
-5.468608
-5.505760
-5.573487
-5.624118
-5.674092
-5.714531
-5.769436
-5.806916
-5.856561
-5.891082
-5.926919
-5.954865
-5.982481
-5.995304
-6.019962
-6.034099
-6.035414
-6.042318
-6.038044
-6.024236
-6.026537
-6.012400
-5.992016
-5.967029
-5.930535
-5.908836
-5.876287
-5.834862
-5.795738
-5.755956
-5.698750
-5.658310
-5.616556
-5.568226
-5.516609
-5.446580
-5.404169
-5.359127
-5.292386
-5.258193
-5.204274
-5.151999
-5.111560
-5.052052
-5.028380
-4.990900
-4.958023
-4.917255
-4.908049
-4.887994
-4.874514
-4.848870
-4.861363
-4.854788
-4.865966
-4.874514
-4.894898
-4.907721
-4.923831
-4.967886
-4.989914
-5.033312
-5.066189
-5.113533
-5.161862
-5.209863
-5.257207
-5.306851
-5.356825
-5.400881
-5.460718
-5.511020
-5.562966
-5.613597
-5.665215
-5.714202
-5.762861
-5.805930
-5.833876
-5.887466
-5.914425
-5.937111
-5.967029
-6.000893
-6.018318
-6.013715
-6.040017
-6.040675
-6.045277
-6.040346
-6.013058
-6.000564
-5.986755
-5.971961
-5.947631
-5.918042
-5.872342
-5.846040
-5.804286
-5.761874
-5.712229
-5.666859
-5.608008
-5.557377
-5.522198
-5.464992
-5.412388
-5.363072
-5.314413
-5.265755
-5.206904
-5.165479
-5.103341
-5.077696
-5.020819
-4.997476
-4.963283
-4.919556
-4.909036
-4.884706
-4.877802
-4.849856
-4.860377
-4.852487
-4.861692
-4.874843
-4.877473
-4.912323
-4.930406
-4.946516
-4.987612
-5.020161
-5.064545
-5.094792
-5.152657
-5.200000
-5.246686
-5.294029
-5.346633
-5.399566
-5.448553
-5.501157
-5.554418
-5.603076
-5.656338
-5.698421
-5.754313
-5.794752
-5.825985
-5.878918
-5.915083
-5.947631
-5.959138
-5.994318
-5.999249
-6.027853
-6.036729
-6.030154
-6.042976
-6.037058
-6.024893
-6.015359
-5.998920
-5.975248
-5.950591
-5.923302
-5.887466
-5.846698
-5.814807
-5.765491
-5.721435
-5.674420
-5.633324
-5.583021
-5.531733
-5.474197
-5.424881
-5.375237
-5.318687
-5.262138
-5.222685
-5.175671
-5.129314
-5.077367
-5.031011
-5.000434
-4.966900
-4.938625
-4.916268
-4.890624
-4.876158
-4.868268
-4.861034
-4.853144
-4.862350
-4.874186
-4.880432
-4.906405
-4.924817
-4.957365
-4.988270
-5.022462
-5.045805
-5.091505
-5.129314
-5.190137
-5.239782
-5.282194
-5.331181
-5.386415
-5.427511
-5.492609
-5.546199
-5.595843
-5.639242
-5.681653
-5.744449
-5.773053
-5.833547
-5.874315
-5.910480
-5.942371
-5.965056
-5.977550
-5.999578
-6.010756
-6.022921
-6.027853
-6.029167
-6.041661
-6.033770
-6.019633
-6.002865
-5.980838
-5.955851
-5.924946
-5.879904
-5.846040
-5.820067
-5.779628
-5.718476
-5.687572
-5.641872
-5.576446
-5.538637
-5.491951
-5.436717
-5.386415
-5.325921
-5.281207
-5.231891
-5.184219
-5.130300
-5.089203
-5.032654
-5.010626
-4.974462
-4.946845
-4.920214
-4.897529
-4.866952
-4.868597
-4.863007
-4.852815
-4.862679
-4.870898
-4.879117
-4.904433
-4.926461
-4.953420
-4.982352
-5.009311
-5.035285
-5.094792
-5.138848
-5.185205
-5.227946
-5.279892
-5.330194
-5.381483
-5.429484
-5.473540
-5.537322
-5.587296
-5.637927
-5.688558
-5.737545
-5.782916
-5.813820
-5.866096
-5.899959
-5.920672
-5.965056
-5.973276
-6.009770
-6.017003
-6.026866
-6.042976
-6.045606
-6.029167
-6.036729
-6.022921
-6.006153
-5.974920
-5.961769
-5.919028
-5.886479
-5.864123
-5.826972
-5.783902
-5.727682
-5.697106
-5.652721
-5.602748
-5.545870
-5.499513
-5.433429
-5.393977
-5.344003
-5.284166
-5.240110
-5.189479
-5.134245
-5.097094
-5.057641
-5.003394
-4.972817
-4.942242
-4.908049
-4.900487
-4.878788
-4.860706
-4.863665
-4.841966
-4.844924
-4.868925
-4.876158
-4.890624
-4.915940
-4.930735
-4.961310
-5.004380
-5.043504
-5.089532
-5.131287
-5.161205
-5.215124
-5.264111
-5.313098
-5.357482
-5.416333
-5.475513
-5.525815
-5.578419
-5.627735
-5.671133
-5.730969
-5.774696
-5.801327
-5.860835
-5.890425
-5.918042
-5.951248
-5.984783
-5.989715
-6.013058
-6.018318
-6.027195
-6.046921
-6.044949
-6.036400
-6.024236
-5.994646
-5.988070
-5.967687
-5.940070
-5.907850
-5.872671
-5.834533
-5.793437
-5.733929
-5.701380
-5.657653
-5.608666
-5.556719
-5.496225
-5.440991
-5.393977
-5.334797
-5.300276
-5.248659
-5.198356
-5.137862
-5.094464
-5.056655
-5.024764
-4.986297
-4.946516
-4.913967
-4.907063
-4.880432
-4.872213
-4.847226
-4.859719
-4.850514
-4.870240
-4.881419
-4.895885
-4.903446
-4.940269
-4.962626
-5.004380
-5.039887
-5.080327
-5.122081
-5.166465
-5.201644
-5.260494
-5.313756
-5.364387
-5.413374
-5.465978
-5.516938
-5.554418
-5.606364
-5.656338
-5.716175
-5.763518
-5.812505
-5.852945
-5.893055
-5.916398
-5.955194
-5.964728
-6.002208
-6.006153
-6.033113
-6.034099
-6.045277
-6.036400
-6.021605
-6.020619
-6.012071
-5.993002
-5.969659
-5.941385
-5.904562
-5.877274
-5.840780
-5.801656
-5.741490
-5.711901
-5.664557
-5.617214
-5.568226
-5.514637
-5.452827
-5.397593
-5.360442
-5.300933
-5.245042
-5.209206
-5.157588
-5.097094
-5.069477
-5.029366
-4.993530
-4.960653
-4.933365
-4.894898
-4.888651
-4.871884
-4.855445
-4.859062
-4.860706
-4.865966
-4.862350
-4.892926
-4.913638
-4.930077
-4.967228
-4.993859
-5.028709
-5.056655
-5.100053
-5.158575
-5.202302
-5.255234
-5.304221
-5.341044
-5.406470
-5.458416
-5.509705
-5.560665
-5.607679
-5.661598
-5.712229
-5.757600
-5.805601
-5.846698
-5.884836
-5.912781
-5.938097
-5.975248
-6.000235
-6.017660
-6.028510
-6.039688
-6.042976
-6.045935
-6.040675
-6.027195
-6.009770
-5.995633
-5.958810
-5.947960
-5.913768
-5.885493
-5.848342
-5.803628
-5.750367
-5.721435
-5.658968
-5.621488
-5.573487
-5.527459
-5.474197
-5.423895
-5.358798
-5.319345
-5.250302
-5.218082
-5.168109
-5.120108
-5.079340
-5.039558
-5.001750
-4.964270
-4.934680
-4.906076
-4.879775
-4.868925
-4.869254
-4.863007
-4.860048
-4.863007
-4.861034
-4.892268
-4.911994
-4.926461
-4.960324
-4.991229
-5.011613
-5.063888
-5.106628
-5.150684
-5.196055
-5.244713
-5.294687
-5.346304
-5.383456
-5.449211
-5.499184
-5.551130
-5.601433
-5.645817
-5.704339
-5.751354
-5.787190
-5.838150
-5.872014
-5.900288
-5.944673
-5.973933
-5.994646
-6.012071
-6.026208
-6.037058
-6.040346
-6.045606
-6.030154
-6.029825
-6.001222
-5.998263
-5.977550
-5.937768
-5.909165
-5.882534
-5.838479
-5.812177
-5.771409
-5.730969
-5.684284
-5.635625
-5.581706
-5.535678
-5.481759
-5.425539
-5.368332
-5.323290
-5.275289
-5.225645
-5.176328
-5.131287
-5.087231
-5.037915
-5.001750
-4.969859
-4.924488
-4.913638
-4.897529
-4.881090
-4.868597
-4.857090
-4.846240
-4.856103
-4.874843
-4.873199
-4.898186
-4.910679
-4.955392
-4.984324
-5.020161
-5.051065
-5.099395
-5.130958
-5.187178
-5.235837
-5.278577
-5.336112
-5.388716
-5.437375
-5.491293
-5.542582
-5.595186
-5.645817
-5.693818
-5.743792
-5.777327
-5.832232
-5.873986
-5.902589
-5.924617
-5.967687
-5.988070
-6.006482
-6.022921
-6.034099
-6.027195
-6.046264
-6.034428
-6.016345
-6.011743
-5.996619
-5.968016
-5.941713
-5.920672
-5.892726
-5.856890
-5.817437
-5.769436
-5.730312
-5.685270
-5.642858
-5.595515
-5.539294
-5.486362
-5.441978
-5.388387
-5.320989
-5.285481
-5.231234
-5.186521
-5.139177
-5.086573
-5.050408
-5.013257
-4.971502
-4.948488
-4.921200
-4.889638
-4.882405
-4.861692
-4.847555
-4.857747
-4.846569
-4.869583
-4.884706
-4.900158
-4.925474
-4.947502
-4.978078
-5.010955
-5.049751
-5.088875
-5.134903
-5.181589
-5.224329
-5.278248
-5.326907
-5.378524
-5.427840
-5.484060
-5.518910
-5.584994
-5.618529
-5.685927
-5.734586
-5.773710
-5.824999
-5.865438
-5.902918
-5.934152
-5.960454
-5.984783
-6.009441
-6.020948
-6.034757
-6.041003
-6.038044
-6.043304
-6.020948
-6.025222
-5.999578
-5.977879
-5.958481
-5.931850
-5.897329
-5.870369
-5.827300
-5.780614
-5.743792
-5.700394
-5.654365
-5.604721
-5.553103
-5.502143
-5.448224
-5.397922
-5.346304
-5.296002
-5.244384
-5.177643
-5.145752
-5.098738
-5.059285
-5.021476
-4.985311
-4.942242
-4.924488
-4.901474
-4.886350
-4.873528
-4.858733
-4.844924
-4.862350
-4.869912
-4.882405
-4.899172
-4.917583
-4.947173
-4.961639
-5.006024
-5.040216
-5.085587
-5.127012
-5.174356
-5.219398
-5.257207
-5.302906
-5.362743
-5.421922
-5.474855
-5.510362
-5.575131
-5.627077
-5.675735
-5.724065
-5.771409
-5.813820
-5.845383
-5.879247
-5.930206
-5.959138
-5.977550
-5.993331
-6.018318
-6.016345
-6.040675
-6.042318
-6.032455
-6.034757
-6.018318
-5.993989
-5.982153
-5.965385
-5.931850
-5.910480
-5.870369
-5.823684
-5.795738
-5.750039
-5.707298
-5.662256
-5.612282
-5.560994
-5.509376
-5.458416
-5.401867
-5.353538
-5.289426
-5.252604
-5.195397
-5.155287
-5.110245
-5.067175
-5.026736
-4.989256
-4.941913
-4.927118
-4.903775
-4.881747
-4.869583
-4.861034
-4.845253
-4.854459
-4.866952
-4.866952
-4.898186
-4.901474
-4.922515
-4.969530
-4.987612
-5.038243
-5.077367
-5.105313
-5.162848
-5.211507
-5.260166
-5.304221
-5.361757
-5.408114
-5.462033
-5.511020
-5.567569
-5.619844
-5.668502
-5.702695
-5.760231
-5.797053
-5.849328
-5.889439
-5.924946
-5.954865
-5.978865
-6.000893
-6.016345
-6.028510
-6.041661
-6.045606
-6.043962
-6.021605
-6.024893
-6.010756
-5.995633
-5.971961
-5.943686
-5.911795
-5.876616
-5.824341
-5.800998
-5.756285
-5.700394
-5.668174
-5.622146
-5.572501
-5.519897
-5.456772
-5.416333
-5.357482
-5.312441
-5.259179
-5.208220
-5.161533
-5.114519
-5.057970
-5.032983
-4.988599
-4.962626
-4.919228
-4.906076
-4.876816
-4.876487
-4.865309
-4.853802
-4.857747
-4.853144
-4.878131
-4.892926
-4.911008
-4.934680
-4.966242
-4.996489
-5.024764
-5.069148
-5.103998
-5.157588
-5.204603
-5.251289
-5.284824
-5.351565
-5.403840
-5.440005
-5.505102
-5.558363
-5.601761
-5.645488
-5.705654
-5.755956
-5.794423
-5.839794
-5.867411
-5.918699
-5.948289
-5.975248
-5.980180
-6.017332
-6.025551
-6.026866
-6.027195
-6.043304
-6.024893
-6.028181
-6.017003
-5.980180
-5.974262
-5.949604
-5.919686
-5.884178
-5.846698
-5.810862
-5.767135
-5.719462
-5.663242
-5.631351
-5.578419
-5.530417
-5.474526
-5.425539
-5.369647
-5.314742
-5.255892
-5.220713
-5.171397
-5.120108
-5.079998
-5.038572
-4.988927
-4.967228
-4.939940
-4.906405
-4.892926
-4.866952
-4.869254
-4.847555
-4.860377
-4.864980
-4.875501
-4.890296
-4.901145
-4.932378
-4.952105
-4.990242
-5.025093
-5.048436
-5.106299
-5.148711
-5.196055
-5.243727
-5.291728
-5.324605
-5.393319
-5.429484
-5.489978
-5.544555
-5.595843
-5.646803
-5.695462
-5.735244
-5.794752
-5.830588
-5.874972
-5.906864
-5.944015
-5.970317
-5.992673
-5.996619
-6.027195
-6.038044
-6.043633
-6.032784
-6.042976
-6.033442
-6.010756
-5.995633
-5.980509
-5.956180
-5.923631
-5.878589
-5.852945
-5.817437
-5.776011
-5.733271
-5.688558
-5.625104
-5.589597
-5.535349
-5.486691
-5.435402
-5.380826
-5.330523
-5.279892
-5.228932
-5.170739
-5.130629
-5.080327
-5.046463
-5.008654
-4.972489
-4.942899
-4.916268
-4.897200
-4.867610
-4.868925
-4.860706
-4.844924
-4.848212
-4.873857
-4.888323
-4.903446
-4.927447
-4.953749
-4.982352
-5.017531
-5.057312
-5.096765
-5.140492
-5.184219
-5.225316
-5.279563
-5.335783
-5.369976
-5.422909
-5.488663
-5.538637
-5.591569
-5.628063
-5.689544
-5.741161
-5.781929
-5.826643
-5.866425
-5.905220
-5.939741
-5.952563
-5.982810
-6.010098
-6.021605
-6.020619
-6.044291
-6.046592
-6.041661
-6.034099
-6.021605
-6.002208
-5.969659
-5.960454
-5.913768
-5.898644
-5.859191
-5.824999
-5.784231
-5.732942
-5.695462
-5.646475
-5.591569
-5.540281
-5.490307
-5.440991
-5.392990
-5.338085
-5.288440
-5.221370
-5.181260
-5.139834
-5.080655
-5.054025
-5.013914
-4.977749
-4.940927
-4.921858
-4.893912
-4.876487
-4.870898
-4.858404
-4.844924
-4.849199
-4.872870
-4.884377
-4.886021
-4.908707
-4.948160
-4.978407
-5.009640
-5.042189
-5.089532
-5.121094
-5.169753
-5.226302
-5.258851
-5.325921
-5.359784
-5.419950
-5.480115
-5.517595
-5.569870
-5.617871
-5.675407
-5.731627
-5.760559
-5.818752
-5.847027
-5.899959
-5.932179
-5.962098
-5.984454
-5.991358
-6.007140
-6.026866
-6.040675
-6.041003
-6.027853
-6.034428
-6.019304
-6.006153
-5.983139
-5.962098
-5.935138
-5.902589
-5.864780
-5.813492
-5.771409
-5.727682
-5.683297
-5.638255
-5.605707
-5.556719
-5.504116
-5.453485
-5.400881
-5.349263
-5.299618
-5.248330
-5.200329
-5.150684
-5.103341
-5.066189
-5.028051
-4.981694
-4.959338
-4.936653
-4.897200
-4.891282
-4.886021
-4.882076
-4.863007
-4.867281
-4.889966
-4.904761
-4.908707
-4.934351
-4.971502
-4.991558
-5.031011
-5.068162
-5.105642
-5.148711
-5.175342
-5.237152
-5.273645
-5.312769
-5.373921
-5.420279
-5.449539
-5.507075
-5.545870
-5.574473
-5.628392
-5.657653
-5.688558
-5.722750
-5.746422
-5.765820
-5.782587
-5.794094
-5.797382
-5.808231
-5.806916
-5.805273
-5.799026
-5.787190
-5.768778
-5.758586
-5.744778
-5.724723
-5.693161
-5.665873
-5.650749
-5.641872
-5.619515
-5.597158
-5.573158
-5.554747
-5.536335
-5.509705
-5.487348
-5.486362
-5.457758
-5.443621
-5.451512
-5.439676
-5.435402
-5.419950
-5.419950
-5.418634
-5.415676
-5.412716
-5.411730
-5.407456
-5.398908
-5.406799
-5.413045
-5.416662
-5.411073
-5.419950
-5.422251
-5.423895
-5.411401
-5.422909
-5.426196
-5.433101
-5.436717
-5.438032
-5.432772
-5.428498
-5.446251
-5.439019
-5.446909
