0.00154102
0.00098535
-0.00004826
-0.00087470
-0.00139022
-0.00149834
-0.00112583
-0.00023823
0.00114803
0.00295994
0.00507042
0.00730979
0.00948545
0.01140692
0.01291250
0.01389304
0.01430813
0.01419153
0.01364400
0.01281424
0.01187053
0.01096812
0.01021772
0.00966119
0.00925897
0.00889194
0.00837773
0.00749886
0.00603762
0.00381168
0.00070366
-0.00332056
-0.00820800
-0.01382971
-0.02000447
-0.02652994
-0.03321524
-0.03990814
-0.04651162
-0.05298654
-0.05933993
-0.06560164
-0.07179408
-0.07790153
-0.08384527
-0.08946998
-0.09454432
-0.09877604
-0.10183903
-0.10340757
-0.10319172
-0.10096793
-0.09659981
-0.09004641
-0.08135772
-0.07065944
-0.05813133
-0.04398391
-0.02843836
-0.01171349
0.00597873
0.02442920
0.04342175
0.06272080
0.08206068
0.10114035
0.11962578
0.13716061
0.15338393
0.16795236
0.18056298
0.19097317
0.19901445
0.20459845
0.20771444
0.20841965
0.20682443
0.20307475
0.19733490
0.18977225
0.18054563
0.16979765
0.15765082
0.14420705
0.12954966
0.11374784
0.09686310
0.07895782
0.06010583
0.04040440
0.01998653
-0.00096846
-0.02222824
-0.04350744
-0.06447599
-0.08477683
-0.10405209
-0.12197486
-0.13828229
-0.15280436
-0.16548266
-0.17637449
-0.18563980
-0.19351128
-0.20025102
-0.20610027
-0.21123021
-0.21570277
-0.21944857
-0.22226709
-0.22384986
-0.22382369
-0.22180688
-0.21746907
-0.21058422
-0.20106751
-0.18898977
-0.17456716
-0.15812859
-0.14006733
-0.12078656
-0.10064917
-0.07994153
-0.05885764
-0.03750591
-0.01593604
0.00582056
0.02770653
0.04960057
0.07129493
0.09249382
0.11283418
0.13192514
0.14939853
0.16496022
0.17843150
0.18977183
0.19907734
0.20655481
0.21247545
0.21711702
0.22070538
0.22336652
0.22509856
0.22576906
0.22513820
0.22290340
0.21875689
0.21244517
0.20381937
0.19286713
0.17972052
0.16463935
0.14797368
0.13011344
0.11143536
0.09225741
0.07280918
0.05322326
0.03354812
0.01377875
-0.00610213
-0.02608165
-0.04608231
-0.06594299
-0.08541949
-0.10420489
-0.12196562
-0.13838622
-0.15321391
-0.16629405
-0.17758944
-0.18717929
-0.19523780
-0.20199588
-0.20769278
-0.21252630
-0.21661018
-0.21994631
-0.22241643
-0.22379453
-0.22377773
-0.22203023
-0.21823279
-0.21212969
-0.20356571
-0.19250782
-0.17904895
-0.16339454
-0.14583515
-0.12671094
-0.10637445
-0.08515827
-0.06335254
-0.04119535
-0.01887611
0.00345009
0.02564165
0.04754842
0.06899398
0.08976668
0.10962209
0.12829691
0.14553219
0.16110154
0.17483869
0.18665863
0.19656756
0.20465863
0.21109305
0.21606906
0.21978354
0.22239262
0.22397857
0.22452897
0.22393268
0.22199402
0.21846344
0.21307996
0.20561833
0.19593279
0.18398984
0.16988411
0.15383432
0.13616023
0.11724434
0.09748564
0.07725353
0.05685036
0.03648927
0.01629098
-0.00370047
-0.02348687
-0.04307667
-0.06244595
-0.08150816
-0.10009929
-0.11798224
-0.13486996
-0.15046326
-0.16449564
-0.17677602
-0.18722030
-0.19586439
-0.20285521
-0.20842007
-0.21281955
-0.21629207
-0.21900066
-0.22099193
-0.22217564
-0.22232904
-0.22112613
-0.21818683
-0.21313774
-0.20567365
-0.19560917
-0.18291152
-0.16770936
-0.15027682
-0.13099664
-0.11031009
-0.08866327
-0.06645992
-0.04402886
-0.02161087
0.00063410
0.02260312
0.04421655
0.06538297
0.08597138
0.10579729
0.12462604
0.14219284
0.15823513
0.17253008
0.18492875
0.19537895
0.20393116
0.21072525
0.21595980
0.21984947
0.22257861
0.22426000
0.22490725
0.22442634
0.22262866
0.21926332
0.21406304
0.20679531
0.19730931
0.18557002
0.17167351
0.15584083
0.13839202
0.11970559
0.10017116
0.08014444
0.05991247
0.03967536
0.01954692
-0.00042700
-0.02023718
-0.03987397
-0.05929269
-0.07838909
-0.09699023
-0.11486289
-0.13173803
-0.14734635
-0.16145776
-0.17391642
-0.18466394
-0.19374531
-0.20129568
-0.20750950
-0.21259735
-0.21673821
-0.22003582
-0.22248771
-0.22397288
-0.22426103
-0.22304244
-0.21997368
-0.21473150
-0.20706580
-0.19684260
-0.18406981
-0.16890169
-0.15162169
-0.13260709
-0.11228242
-0.09106988
-0.06934582
-0.04741067
-0.02547678
-0.00367541
0.01792002
0.03926020
0.06028356
0.08088548
0.10089992
0.12009771
0.13820226
0.15491960
0.16997682
0.18316080
0.19434910
0.20352618
0.21078090
0.21628497
0.22025598
0.22291159
0.22442360
0.22488083
0.22426801
0.22246524
0.21926847
0.21442729
0.20769338
0.19887044
0.18785648
0.17467066
0.15946001
0.14248506
0.12408779
0.10464835
0.08453910
0.06408491
0.04353688
0.02306387
0.00276236
-0.01731878
-0.03714493
-0.05666199
-0.07577017
-0.09431172
-0.11207559
-0.12881838
-0.14429729
-0.15830777
-0.17071747
-0.18148868
-0.19068342
-0.19844889
-0.20498521
-0.21050079
-0.21516374
-0.21905844
-0.22215610
-0.22430524
-0.22524469
-0.22463737
-0.22211913
-0.21735442
-0.21008907
-0.20019128
-0.18767409
-0.17269626
-0.15554218
-0.13658550
-0.11624358
-0.09493132
-0.07302224
-0.05082318
-0.02856554
-0.00641288
0.01551871
0.03713311
0.05832648
0.07896573
0.09887799
0.11785301
0.13565812
0.15206207
0.16686279
0.17991291
0.19113775
0.20054165
0.20820118
0.21424600
0.21883073
0.22210273
0.22417139
0.22508456
0.22481588
0.22326559
0.22027441
0.21564866
0.20919217
0.20074049
0.19019180
0.17753009
0.16283741
0.14629346
0.12816303
0.10877330
0.08848462
0.06765905
0.04663114
0.02568497
0.00504030
-0.01515064
-0.03479612
-0.05384935
-0.07228765
-0.09009027
-0.10721889
-0.12360446
-0.13914265
-0.15369875
-0.16712097
-0.17925944
-0.18998696
-0.19921708
-0.20691534
-0.21310068
-0.21783593
-0.22120825
-0.22330293
-0.22417520
-0.22382581
-0.22218589
-0.21911490
-0.21441384
-0.20785238
-0.19920641
-0.18829978
-0.17504324
-0.15946332
-0.14171565
-0.12207982
-0.10093610
-0.07872769
-0.05591504
-0.03293013
-0.01013858
0.01218381
0.03385676
0.05478332
0.07492327
0.09425862
0.11275908
0.13035505
0.14692435
0.16229528
0.17626547
0.18863197
0.19922568
0.20794198
0.21476009
0.21974604
0.22303755
0.22481323
0.22525194
0.22449069
0.22259009
0.21951514
0.21513614
0.20925063
0.20162282
0.19203329
0.18032949
0.16646728
0.15053513
0.13275643
0.11346909
0.09308665
0.07204840
0.05076810
0.02959122
0.00876823
-0.01155156
-0.03130593
-0.05048965
-0.06911599
-0.08717895
-0.10462499
-0.12134033
-0.13715676
-0.15187401
-0.16529337
-0.17725421
-0.18766470
-0.19651866
-0.20389396
-0.20993160
-0.21479916
-0.21864569
-0.22155755
-0.22352458
-0.22442452
-0.22402960
-0.22203541
-0.21810705
-0.21193460
-0.20328752
-0.19205822
-0.17828663
-0.16216172
-0.14400006
-0.12420612
-0.10322215
-0.08147721
-0.05934492
-0.03711696
-0.01499605
0.00689179
0.02847029
0.04967824
0.07043563
0.09061837
0.11004737
0.12849439
0.14570308
0.16142063
0.17543285
0.18759497
0.19785118
0.20623839
0.21287297
0.21792264
0.22156892
0.22396726
0.22521264
0.22531732
0.22420492
0.22172218
0.21766605
0.21182120
0.20400116
0.19408570
0.18204809
0.16796785
0.15202735
0.13449371
0.11568977
0.09595975
0.07563586
0.05501122
0.03432337
0.01374982
-0.00658472
-0.02659237
-0.04620158
-0.06533684
-0.08390309
-0.10177800
-0.11881351
-0.13484612
-0.14971356
-0.16327408
-0.17542434
-0.18611180
-0.19533877
-0.20315668
-0.20965107
-0.21491949
-0.21904595
-0.22207625
-0.22399867
-0.22473363
-0.22413473
-0.22200160
-0.21810322
-0.21220863
-0.20412050
-0.19370679
-0.18092566
-0.16583995
-0.14861893
-0.12952747
-0.10890399
-0.08713110
-0.06460326
-0.04169646
-0.01874437
0.00397593
0.02624740
0.04790618
0.06882704
0.08890488
0.10803680
0.12610874
0.14298968
0.15853475
0.17259646
0.18504142
0.19576882
0.20472603
0.21191734
0.21740309
0.22128823
0.22370175
0.22477028
0.22459060
0.22320658
0.22059512
0.21666467
0.21126733
0.20422321
0.19535326
0.18451526
0.17163676
0.15673929
0.13994967
0.12149635
0.10169161
0.08090273
0.05951718
0.03790768
0.01640301
-0.00473140
-0.02530050
-0.04517466
-0.06427509
-0.08255382
-0.09997300
-0.11648842
-0.13204012
-0.14655197
-0.15993915
-0.17212084
-0.18303446
-0.19264678
-0.20095853
-0.20800043
-0.21382037
-0.21846407
-0.22195298
-0.22426417
-0.22531711
-0.22497099
-0.22303433
-0.21928653
-0.21350815
-0.20551534
-0.19519253
-0.18251775
-0.16757596
-0.15055810
-0.13174584
-0.11148485
-0.09015110
-0.06811622
-0.04571766
-0.02323852
-0.00089987
0.02113418
0.04274079
0.06381621
0.08425273
0.10391977
0.12265394
0.14026026
0.15652464
0.17123532
0.18420885
0.19531504
0.20449558
0.21177177
0.21723906
0.22104862
0.22337852
0.22439949
0.22424142
0.22296658
0.22055499
0.21690486
0.21184856
0.20518194
0.19670195
0.18624662
0.17373031
0.15916852
0.14268810
0.12452129
0.10498492
0.08444866
0.06329794
0.04189787
0.02056416
-0.00045476
-0.02098218
-0.04090487
-0.06015502
-0.07868717
-0.09645552
-0.11339679
-0.12942200
-0.14441887
-0.15826357
-0.17083888
-0.18205373
-0.19185928
-0.20025681
-0.20729467
-0.21305389
-0.21762453
-0.22107711
-0.22343486
-0.22465284
-0.22460888
-0.22310946
-0.21991067
-0.21475158
-0.20739497
-0.19766833
-0.18549842
-0.17093281
-0.15414484
-0.13542079
-0.11513158
-0.09369393
-0.07152778
-0.04901734
-0.02648235
-0.00416373
0.01777458
0.03922946
0.06013233
0.08041917
0.10000343
0.11875790
0.13650959
0.15304854
0.16814895
0.18159796
0.19322605
0.20293238
0.21069946
0.21659354
0.22074991
0.22334546
0.22456334
0.22455613
0.22341456
0.22114773
0.21767867
0.21285658
0.20648356
0.19835148
0.18828262
0.17616711
0.16199103
0.14585049
0.12795001
0.10858576
0.08811719
0.06693208
0.04541091
0.02389627
0.00267158
-0.01804869
-0.03811698
-0.05744103
-0.07596613
-0.09365557
-0.11047345
-0.12637306
-0.14129239
-0.15515690
-0.16788774
-0.17941265
-0.18967639
-0.19864741
-0.20631884
-0.21270295
-0.21781971
-0.22168173
-0.22427848
-0.22556337
-0.22544667
-0.22379660
-0.22044924
-0.21522662
-0.20796065
-0.19851947
-0.18683225
-0.17290854
-0.15684897
-0.13884546
-0.11917073
-0.09815848
-0.07617724
-0.05360167
-0.03078564
-0.00804085
0.01437603
0.03626650
0.05748389
0.07791958
0.09748514
0.11609421
0.13364810
0.15002800
0.16509577
0.17870283
0.19070562
0.20098415
0.20945959
0.21610685
0.22095868
0.22409979
0.22565104
0.22574611
0.22450451
0.22200620
0.21827255
0.21325815
0.20685562
0.19891363
0.18926566
0.17776500
0.16432021
0.14892479
0.13167584
0.11277831
0.09253369
0.07131517
0.04953319
0.02759719
0.00587991
-0.01531036
-0.03574554
-0.05528004
-0.07384063
-0.09140722
-0.10798917
-0.12360252
-0.13825244
-0.15192383
-0.16458078
-0.17617349
-0.18664922
-0.19596344
-0.20408691
-0.21100612
-0.21671607
-0.22120660
-0.22444564
-0.22636375
-0.22684466
-0.22572558
-0.22280921
-0.21788673
-0.21076877
-0.20131915
-0.18948513
-0.17531830
-0.15898168
-0.14074084
-0.12094041
-0.09996951
-0.07822259
-0.05606237
-0.03379180
-0.01163976
0.01023758
0.03174070
0.05280038
0.07334713
0.09328376
0.11246718
0.13070403
0.14776129
0.16339000
0.17735725
0.18947946
0.19964994
0.20785424
0.21416952
0.21874733
0.22178239
0.22347319
0.22398175
0.22340025
0.22173121
0.21888490
0.21469494
0.20894915
0.20143003
0.19195758
0.18042673
0.16683292
0.15128185
0.13398224
0.11522400
0.09534643
0.07470273
0.05362757
0.03241292
0.01129564
-0.00954251
-0.02996438
-0.04986038
-0.06912999
-0.08766663
-0.10534986
-0.12204648
-0.13762023
-0.15194722
-0.16493321
-0.17652781
-0.18673165
-0.19559373
-0.20319847
-0.20964408
-0.21501594
-0.21935999
-0.22266134
-0.22483256
-0.22571457
-0.22509076
-0.22271255
-0.21833272
-0.21174110
-0.20279722
-0.19145451
-0.17777266
-0.16191623
-0.14414030
-0.12476588
-0.10414929
-0.08265061
-0.06060619
-0.03830899
-0.01599928
0.00613406
0.02794313
0.04930452
0.07010083
0.09020432
0.10946622
0.12771419
0.14475831
0.16040475
0.17447445
0.18682301
0.19735785
0.20604904
0.21293104
0.21809440
0.22166830
0.22379621
0.22460871
0.22419798
0.22259840
0.21977692
0.21563541
0.21002504
0.20277095
0.19370362
0.18269199
0.16967326
0.15467445
0.13782237
0.11934023
0.09953162
0.07875428
0.05738807
0.03580208
0.01432598
-0.00677021
-0.02728557
-0.04708634
-0.06609421
-0.08426802
-0.10158317
-0.11801293
-0.13351534
-0.14802791
-0.16147034
-0.17375390
-0.18479458
-0.19452604
-0.20290900
-0.20993402
-0.21561649
-0.21998441
-0.22306115
-0.22484702
-0.22530367
-0.22434543
-0.22184017
-0.21762089
-0.21150665
-0.20333020
-0.19296756
-0.18036474
-0.16555692
-0.14867654
-0.12994900
-0.10967639
-0.08821226
-0.06593145
-0.04320019
-0.02035108
0.00233326
0.02462610
0.04635219
0.06737519
0.08758059
0.10685843
0.12508991
0.14214101
0.15786455
0.17211015
0.18473981
0.19564555
0.20476487
0.21209020
0.21766956
0.22159749
0.22399709
0.22499599
0.22470048
0.22317251
0.22041406
0.21636228
0.21089685
0.20385921
0.19508076
0.18441589
0.17177447
0.15714856
0.14062884
0.12240796
0.10277011
0.08206836
0.06069337
0.03903819
0.01746475
-0.00372312
-0.02429624
-0.04410441
-0.06306879
-0.08116448
-0.09839743
-0.11478008
-0.13031052
-0.14495884
-0.15866254
-0.17133133
-0.18285924
-0.19314082
-0.20208712
-0.20963749
-0.21576403
-0.22046725
-0.22376360
-0.22566744
-0.22617147
-0.22523049
-0.22275276
-0.21860233
-0.21261313
-0.20461367
-0.19445863
-0.18206190
-0.16742506
-0.15065560
-0.13197087
-0.11168628
-0.09018899
-0.06790133
-0.04524008
-0.02257854
-0.00021817
0.02162563
0.04282127
0.06330369
0.08304596
0.10202620
0.12019707
0.13746445
0.15368000
0.16864940
0.18215439
0.19398416
0.20396898
0.21200870
0.21808933
0.22228374
0.22473517
0.22562657
0.22514149
0.22342429
0.22054810
0.21649724
0.21116840
0.20439089
0.19596255
0.18569468
0.17345736
0.15921637
0.14305474
0.12517466
0.10587973
0.08554108
0.06455440
0.04329610
0.02208718
0.00117108
-0.01929095
-0.03920767
-0.05853284
-0.07723419
-0.09526408
-0.11253909
-0.12893337
-0.14428711
-0.15842797
-0.17120006
-0.18249298
-0.19226338
-0.20054276
-0.20742850
-0.21305862
-0.21757479
-0.22108092
-0.22360624
-0.22508113
-0.22533193
-0.22409708
-0.22106289
-0.21591304
-0.20838293
-0.19830914
-0.18566451
-0.17057257
-0.15329848
-0.13421849
-0.11377379
-0.09241748
-0.07056460
-0.04855407
-0.02662893
-0.00493717
0.01644835
0.03749665
0.05817981
0.07843746
0.09815220
0.11714113
0.13516500
0.15195267
0.16723553
0.18078447
0.19244143
0.20213913
0.20990482
0.21584731
0.22012991
0.22293468
0.22442477
0.22471203
0.22383577
0.22175608
0.21836260
0.21349641
0.20698069
0.19865445
0.18840348
0.17618369
0.16203369
0.14607579
0.12850647
0.10957919
0.08958326
0.06882242
0.04759638
0.02618715
0.00485084
-0.01618554
-0.03672389
-0.05659293
-0.07564604
-0.09375985
-0.11083409
-0.12679228
-0.14158238
-0.15517639
-0.16756810
-0.17876837
-0.18879808
-0.19767941
-0.20542643
-0.21203628
-0.21748210
-0.22170879
-0.22463213
-0.22614146
-0.22610584
-0.22438311
-0.22083122
-0.21532097
-0.20774925
-0.19805182
-0.18621436
-0.17228102
-0.15635907
-0.13861906
-0.11928981
-0.09864841
-0.07700585
-0.05468965
-0.03202559
-0.00932058
0.01315092
0.03515525
0.05650175
0.07703888
0.09664554
0.11521971
0.13266706
0.14889216
0.16379431
0.17726906
0.18921483
0.19954329
0.20819062
0.21512672
0.22035956
0.22393279
0.22591626
0.22639063
0.22542888
0.22307822
0.21934662
0.21419705
0.20755157
0.19930529
0.18934837
0.17759248
0.16399707
0.14859072
0.13148361
0.11286868
0.09301126
0.07222898
0.05086551
0.02926279
0.00773625
-0.01344302
-0.03405720
-0.05394141
-0.07297588
-0.09107361
-0.10816736
-0.12419914
-0.13911477
-0.15286401
-0.16540538
-0.17671312
-0.18678316
-0.19563506
-0.20330759
-0.20984757
-0.21529321
-0.21965499
-0.22289819
-0.22493133
-0.22560428
-0.22471766
-0.22204347
-0.21735427
-0.21045643
-0.20122198
-0.18961344
-0.17569730
-0.15964361
-0.14171187
-0.12222575
-0.10154125
-0.08001398
-0.05797116
-0.03569287
-0.01340496
0.00871620
0.03052967
0.05191052
0.07273017
0.09284127
0.11207087
0.13022336
0.14709287
0.16248236
0.17622519
0.18820463
0.19836673
0.20672371
0.21334658
0.21834801
0.22185846
0.22399965
0.22486023
0.22447785
0.22283089
0.21984109
0.21538661
0.20932321
0.20151000
0.19183566
0.18024104
0.16673519
0.15140275
0.13440230
0.11595675
0.09633757
0.07584566
0.05479152
0.03347729
0.01218220
-0.00884730
-0.02940273
-0.04931453
-0.06844966
-0.08670707
-0.10401202
-0.12031028
-0.13556271
-0.14974055
-0.16282153
-0.17478650
-0.18561649
-0.19528991
-0.20377970
-0.21105057
-0.21705633
-0.22173777
-0.22502143
-0.22681991
-0.22703396
-0.22555693
-0.22228152
-0.21710860
-0.20995755
-0.20077707
-0.18955532
-0.17632800
-0.16118311
-0.14426168
-0.12575385
-0.10589094
-0.08493409
-0.06316126
-0.04085419
-0.01828710
0.00428152
0.02661324
0.04849029
0.06971327
0.09009740
0.10946911
0.12766458
0.14453117
0.15993218
0.17375395
0.18591397
0.19636761
0.20511156
0.21218193
0.21764657
0.22159173
0.22410501
0.22525719
0.22508627
0.22358694
0.22070786
0.21635778
0.21042020
0.20277419
0.19331827
0.18199325
0.16880018
0.15381059
0.13716735
0.11907641
0.09979142
0.07959399
0.05877355
0.03760994
0.01636126
-0.00474189
-0.02549643
-0.04572269
-0.06525888
-0.08395682
-0.10168092
-0.11831129
-0.13375043
-0.14793144
-0.16082517
-0.17244306
-0.18283362
-0.19207130
-0.20023851
-0.20740343
-0.21359712
-0.21879469
-0.22290454
-0.22576871
-0.22717523
-0.22688148
-0.22464485
-0.22025608
-0.21356956
-0.20452561
-0.19316088
-0.17960574
-0.16406929
-0.14681541
-0.12813450
-0.10831633
-0.08762874
-0.06630558
-0.04454511
-0.02251797
-0.00038149
0.02170366
0.04355917
0.06498098
0.08573961
0.10558942
0.12428493
0.14160122
0.15735396
0.17141515
0.18372133
0.19427241
0.20312149
0.21035738
0.21608309
0.22039414
0.22336018
0.22501280
0.22534103
0.22429440
0.22179244
0.21773829
0.21203406
0.20459552
0.19536444
0.18431770
0.17147311
0.15689223
0.14068119
0.12298976
0.10400921
0.08396865
0.06312944
0.04177719
0.02021091
-0.00127022
-0.02238176
-0.04286897
-0.06251992
-0.08117472
-0.09872938
-0.11513343
-0.13038156
-0.14450056
-0.15753353
-0.16952396
-0.18050200
-0.19047469
-0.19942117
-0.20729263
-0.21401599
-0.21949973
-0.22364004
-0.22632608
-0.22744368
-0.22687778
-0.22451460
-0.22024503
-0.21397060
-0.20561256
-0.19512408
-0.18250393
-0.16780937
-0.15116545
-0.13276788
-0.11287779
-0.09180792
-0.06990150
-0.04750698
-0.02495242
-0.00252426
0.01954593
0.04108424
0.06196653
0.08210178
0.10141074
0.11980471
0.13716980
0.15336056
0.16820509
0.18152097
0.19313883
0.20292856
0.21082177
0.21682509
0.22102016
0.22354906
0.22458694
0.22430674
0.22284252
0.22025912
0.21653450
0.21155927
0.20515440
0.19710448
0.18720104
0.17528788
0.16130024
0.14529037
0.12743495
0.10802314
0.08742756
0.06606416
0.04434825
0.02265497
0.00129068
-0.01952045
-0.03963383
-0.05896836
-0.07748203
-0.09514566
-0.11192127
-0.12774974
-0.14255008
-0.15622931
-0.16869942
-0.17989590
-0.18979207
-0.19840420
-0.20578497
-0.21200545
-0.21712904
-0.22118280
-0.22413306
-0.22587140
-0.22621539
-0.22492557
-0.22173660
-0.21639754
-0.20871406
-0.19858474
-0.18602451
-0.17117089
-0.15427178
-0.13565726
-0.11570113
-0.09477938
-0.07323372
-0.05134650
-0.02933131
-0.00733958
0.01451929
0.03615013
0.05744333
0.07825251
0.09838389
0.11760025
0.13563877
0.15223923
0.16717652
0.18029034
0.19150558
0.20083869
0.20838811
0.21431022
0.21878513
0.22197865
0.22400762
0.22491514
0.22466016
0.22312318
0.22012696
0.21546800
0.20895327
0.20043539
0.18984065
0.17718542
0.16257918
0.14621479
0.12834877
0.10927600
0.08930360
0.06872841
0.04782103
0.02681797
0.00592124
-0.01469635
-0.03488312
-0.05450057
-0.07341800
-0.09151108
-0.10866442
-0.12477716
-0.13976950
-0.15358807
-0.16620804
-0.17763077
-0.18787661
-0.19697384
-0.20494529
-0.21179507
-0.21749758
-0.22199102
-0.22517634
-0.22692231
-0.22707585
-0.22547634
-0.22197196
-0.21643603
-0.20878135
-0.19897105
-0.18702516
-0.17302227
-0.15709690
-0.13943309
-0.12025528
-0.09981761
-0.07839280
-0.05626160
-0.03370352
-0.01098951
0.01162338
0.03389521
0.05560465
0.07654922
0.09654504
0.11542658
0.13304701
0.14927963
0.16402006
0.17718906
0.18873526
0.19863661
0.20689999
0.21355787
0.21866186
0.22227343
0.22445251
0.22524568
0.22467557
0.22273355
0.21937729
0.21453418
0.20811068
0.20000689
0.19013433
0.17843477
0.16489718
0.14957048
0.13257017
0.11407786
0.09433389
0.07362418
0.05226327
0.03057579
0.00887880
-0.01253331
-0.03340002
-0.05350182
-0.07266336
-0.09075373
-0.10768464
-0.12340736
-0.13790890
-0.15120737
-0.16334597
-0.17438515
-0.18439242
-0.19342980
-0.20153983
-0.20873136
-0.21496755
-0.22015820
-0.22415861
-0.22677642
-0.22778656
-0.22695326
-0.22405642
-0.21891898
-0.21143107
-0.20156736
-0.18939453
-0.17506782
-0.15881701
-0.14092426
-0.12169745
-0.10144359
-0.08044659
-0.05895282
-0.03716647
-0.01525448
0.00664074
0.02838442
0.04983232
0.07081786
0.09114643
0.11059871
0.12894254
0.14595136
0.16142557
0.17521249
0.18722085
0.19742670
0.20586916
0.21263660
0.21784532
0.22161461
0.22404238
0.22518578
0.22504991
0.22358645
0.22070217
0.21627553
0.21017827
0.20229830
0.19256015
0.18094012
0.16747432
0.15225937
0.13544679
0.11723295
0.09784707
0.07753942
0.05657136
0.03520788
0.01371238
-0.00765716
-0.02865223
-0.04903887
-0.06860479
-0.08716796
-0.10458591
-0.12076364
-0.13565823
-0.14927821
-0.16167641
-0.17293635
-0.18315332
-0.19241251
-0.20076752
-0.20822262
-0.21472197
-0.22014782
-0.22432842
-0.22705468
-0.22810321
-0.22726207
-0.22435562
-0.21926436
-0.21193746
-0.20239621
-0.19072888
-0.17707859
-0.16162704
-0.14457743
-0.12613976
-0.10652090
-0.08592055
-0.06453301
-0.04255318
-0.02018442
0.00235454
0.02482599
0.04697486
0.06853590
0.08924586
0.10885868
0.12716118
0.14398634
0.15922171
0.17281132
0.18475068
0.19507549
0.20384614
0.21113031
0.21698672
0.22145230
0.22453472
0.22621087
0.22643103
0.22512755
0.22222602
0.21765696
0.21136624
0.20332287
0.19352353
0.18199432
0.16879019
0.15399335
0.13771174
0.12007822
0.10125072
0.08141312
0.06077584
0.03957509
0.01806968
-0.00346543
-0.02474901
-0.04550624
-0.06548316
-0.08446101
-0.10226852
-0.11879028
-0.13396972
-0.14780611
-0.16034538
-0.17166614
-0.18186214
-0.19102350
-0.19921893
-0.20648093
-0.21279569
-0.21809862
-0.22227605
-0.22517253
-0.22660305
-0.22636877
-0.22427475
-0.22014808
-0.21385466
-0.20531340
-0.19450649
-0.18148491
-0.16636876
-0.14934232
-0.13064432
-0.11055441
-0.08937722
-0.06742568
-0.04500548
-0.02240232
0.00012666
0.02235658
0.04409376
0.06517068
0.08543853
0.10475932
0.12299953
0.14002703
0.15571221
0.16993332
0.18258508
0.19358848
0.20289961
0.21051478
0.21647007
0.22083434
0.22369589
0.22514461
0.22525239
0.22405540
0.22154183
0.21764808
0.21226502
0.20525421
0.19647217
0.18579908
0.17316746
0.15858586
0.14215350
0.12406298
0.10459044
0.08407435
0.06288648
0.04139939
0.01995597
-0.00115462
-0.02171103
-0.04156236
-0.06062012
-0.07884203
-0.09621156
-0.11271775
-0.12833930
-0.14303565
-0.15674623
-0.16939675
-0.18091023
-0.19121892
-0.20027362
-0.20804723
-0.21453095
-0.21972367
-0.22361644
-0.22617590
-0.22733086
-0.22696603
-0.22492564
-0.22102801
-0.21508927
-0.20695317
-0.19652160
-0.18378050
-0.16881591
-0.15181695
-0.13306433
-0.11290614
-0.09172463
-0.06989974
-0.04777565
-0.02563598
-0.00369193
0.01791531
0.03909883
0.05980095
0.07996425
0.09950512
0.11829556
0.13615721
0.15286927
0.16818893
0.18188023
0.19374577
0.20365464
0.21156064
0.21750677
0.22161438
0.22405854
0.22503376
0.22471625
0.22322963
0.22062059
0.21684907
0.21179514
0.20528150
0.19710788
0.18709130
0.17510539
0.16111194
0.14517953
0.12748640
0.10830749
0.08798852
0.06691166
0.04545917
0.02398070
0.00276928
-0.01795100
-0.03802508
-0.05735643
-0.07588959
-0.09358998
-0.11042582
-0.12635531
-0.14132136
-0.15525368
-0.16807662
-0.17971976
-0.19012759
-0.19926527
-0.20711831
-0.21368569
-0.21896770
-0.22295113
-0.22559553
-0.22682398
-0.22652147
-0.22454214
-0.22072505
-0.21491643
-0.20699450
-0.19689279
-0.18461757
-0.17025626
-0.15397521
-0.13600726
-0.11663147
-0.09614866
-0.07485735
-0.05303416
-0.03092200
-0.00872740
0.01337351
0.03522257
0.05666462
0.07753382
0.09764534
0.11679476
0.13476600
0.15134673
0.16634800
0.17962424
0.19108923
0.20072400
0.20857476
0.21474011
0.21934967
0.22253738
0.22441438
0.22504627
0.22443908
0.22253635
0.21922817
0.21437049
0.20781124
0.19941887
0.18910825
0.17686002
0.16273032
0.14685023
0.12941569
0.11067073
0.09088743
0.07034643
0.04932108
0.02806736
0.00681966
-0.01420829
-0.03481973
-0.05483090
-0.07406919
-0.09237497
-0.10960731
-0.12565248
-0.14043301
-0.15391458
-0.16610797
-0.17706425
-0.18686266
-0.19559218
-0.20332947
-0.21011665
-0.21594307
-0.22073462
-0.22435295
-0.22660558
-0.22726558
-0.22609804
-0.22288936
-0.21747474
-0.20975966
-0.19973242
-0.18746619
-0.17311098
-0.15687776
-0.13901771
-0.11980081
-0.09949698
-0.07836271
-0.05663441
-0.03452840
-0.01224607
0.01001824
0.03206937
0.05370583
0.07471867
0.09489503
0.11402614
0.13191809
0.14840333
0.16335072
0.17667203
0.18832376
0.19830387
0.20664394
0.21339795
0.21862943
0.22239885
0.22475267
0.22571549
0.22528582
0.22343574
0.22011413
0.21525303
0.20877639
0.20061057
0.19069575
0.17899760
0.16551827
0.15030589
0.13346146
0.11514217
0.09556033
0.07497743
0.05369320
0.03203046
0.01031707
-0.01113330
-0.03203923
-0.05216633
-0.07133700
-0.08943377
-0.10639626
-0.12221217
-0.13690393
-0.15051302
-0.16308416
-0.17465158
-0.18522866
-0.19480195
-0.20332946
-0.21074257
-0.21695057
-0.22184646
-0.22531316
-0.22722942
-0.22747516
-0.22593671
-0.22251216
-0.21711738
-0.20969287
-0.20021113
-0.18868377
-0.17516739
-0.15976699
-0.14263577
-0.12397108
-0.10400636
-0.08300022
-0.06122399
-0.03894971
-0.01644018
0.00605758
0.02831486
0.05012027
0.07127640
0.09159582
0.11089851
0.12901206
0.14577558
0.16104693
0.17471205
0.18669416
0.19696032
0.20552311
0.21243594
0.21778167
0.22165584
0.22414695
0.22531723
0.22518746
0.22372919
0.22086605
0.21648475
0.21045415
0.20264935
0.19297693
0.18139676
0.16793696
0.15269936
0.13585493
0.11763051
0.09828939
0.07810981
0.05736510
0.03630890
0.01516726
-0.00586184
-0.02660319
-0.04689569
-0.06658372
-0.08551150
-0.10352266
-0.12046556
-0.13620357
-0.15062773
-0.16366862
-0.17530391
-0.18555899
-0.19449908
-0.20221343
-0.20879362
-0.21430970
-0.21878839
-0.22219761
-0.22444059
-0.22536106
-0.22475916
-0.22241574
-0.21812122
-0.21170430
-0.20305622
-0.19214687
-0.17903082
-0.16384308
-0.14678618
-0.12811161
-0.10809910
-0.08703743
-0.06520943
-0.04288292
-0.02030749
0.00228388
0.02467037
0.04663865
0.06797987
0.08848994
0.10797341
0.12625030
0.14316439
0.15859108
0.17244292
0.18467129
0.19526368
0.20423680
0.21162657
0.21747676
0.22182798
0.22470881
0.22613023
0.22608385
0.22454376
0.22147125
0.21682143
0.21055054
0.20262313
0.19301847
0.18173610
0.16880038
0.15426448
0.13821368
0.12076807
0.10208418
0.08235494
0.06180728
0.04069680
0.01929926
-0.00210082
-0.02322373
-0.04380880
-0.06362777
-0.08249551
-0.10027665
-0.11688714
-0.13229053
-0.14648945
-0.15951353
-0.17140529
-0.18220602
-0.19194323
-0.20062107
-0.20821457
-0.21466797
-0.21989678
-0.22379297
-0.22623249
-0.22708399
-0.22621826
-0.22351748
-0.21888392
-0.21224775
-0.20357363
-0.19286566
-0.18017051
-0.16557831
-0.14922117
-0.13126930
-0.11192506
-0.09141547
-0.06998412
-0.04788330
-0.02536735
-0.00268776
0.01990972
0.04218626
0.06391027
0.08485770
0.10481359
0.12357566
0.14096013
0.15680954
0.17100145
0.18345628
0.19414249
0.20307729
0.21032169
0.21596960
0.22013179
0.22291667
0.22441061
0.22466099
0.22366488
0.22136581
0.21765955
0.21240867
0.20546397
0.19668988
0.18599001
0.17332909
0.15874803
0.14236994
0.12439630
0.10509426
0.08477695
0.06378003
0.04243787
0.02106241
-0.00007270
-0.02074136
-0.04076757
-0.06002213
-0.07841509
-0.09588627
-0.11239552
-0.12791449
-0.14242065
-0.15589371
-0.16831388
-0.17966101
-0.18991365
-0.19904716
-0.20703059
-0.21382242
-0.21936601
-0.22358586
-0.22638578
-0.22765023
-0.22724933
-0.22504762
-0.22091599
-0.21474545
-0.20646119
-0.19603505
-0.18349472
-0.16892829
-0.15248365
-0.13436251
-0.11481000
-0.09410110
-0.07252569
-0.05037404
-0.02792453
-0.00543487
0.01686249
0.03876083
0.06007611
0.08064183
0.10030327
0.11891285
0.13632790
0.15241167
0.16703775
0.18009699
0.19150563
0.20121281
0.20920528
0.21550782
0.22017821
0.22329683
0.22495186
0.22522220
0.22416088
0.22178205
0.21805421
0.21290160
0.20621444
0.19786701
0.18774121
0.17575227
0.16187246
0.14614892
0.12871265
0.10977693
0.08962536
0.06859130
0.04703191
0.02530089
0.00372392
-0.01741971
-0.03790741
-0.05757482
-0.07630996
-0.09404229
-0.11072977
-0.12634692
-0.14087619
-0.15430356
-0.16661818
-0.17781425
-0.18789309
-0.19686290
-0.20473454
-0.21151298
-0.21718526
-0.22170744
-0.22499395
-0.22691245
-0.22728730
-0.22591268
-0.22257463
-0.21707948
-0.20928403
-0.19912239
-0.18662440
-0.17192175
-0.15524026
-0.13687910
-0.11718053
-0.09649537
-0.07515071
-0.05342543
-0.03153808
-0.00964877
0.01212617
0.03369048
0.05494109
0.07574472
0.09592349
0.11525367
0.13347843
0.15033240
0.16557331
0.17901386
0.19054709
0.20015909
0.20792588
0.21399401
0.21854829
0.22177225
0.22380909
0.22473065
0.22452046
0.22307440
0.22021891
0.21574329
0.20943992
0.20114492
0.19077162
0.17833089
0.16393542
0.14778778
0.13015574
0.11134050
0.09164449
0.07134507
0.05067885
0.02983843
0.00898079
-0.01175650
-0.03223642
-0.05230665
-0.07179166
-0.09049528
-0.10821388
-0.12475743
-0.13997362
-0.15376919
-0.16612290
-0.17708617
-0.18676976
-0.19531818
-0.20287564
-0.20954999
-0.21538121
-0.22032075
-0.22422598
-0.22687134
-0.22797471
-0.22723462
-0.22437219
-0.21917086
-0.21150732
-0.20136912
-0.18885669
-0.17417036
-0.15758548
-0.13942070
-0.12000507
-0.09964960
-0.07862726
-0.05716392
-0.03544023
-0.01360246
0.00822103
0.02990182
0.05129608
0.07223489
0.09252210
0.11194005
0.13026182
0.14726773
0.16276303
0.17659385
0.18865857
0.19891299
0.20736839
0.21408284
0.21914703
0.22266653
0.22474296
0.22545662
0.22485286
0.22293412
0.21965868
0.21494663
0.20869236
0.20078220
0.19111492
0.17962262
0.16628903
0.15116271
0.13436324
0.11607940
0.09655945
0.07609500
0.05500060
0.03359224
0.01216753
-0.00900942
-0.02971709
-0.04977867
-0.06905821
-0.08745247
-0.10488097
-0.12127690
-0.13658088
-0.15073880
-0.16370363
-0.17543982
-0.18592831
-0.19516943
-0.20318168
-0.20999506
-0.21563921
-0.22012797
-0.22344325
-0.22552191
-0.22624924
-0.22546158
-0.22295935
-0.21852949
-0.21197443
-0.20314322
-0.19195970
-0.17844266
-0.16271432
-0.14499551
-0.12558799
-0.10484717
-0.08314964
-0.06086130
-0.03831123
-0.01577539
0.00652796
0.02843167
0.04980448
0.07053165
0.09049633
0.10956625
0.12758872
0.14439527
0.15981455
0.17369036
0.18590076
0.19637321
0.20509238
0.21209806
0.21747326
0.22132454
0.22375806
0.22485626
0.22465952
0.22315638
0.22028426
0.21594042
0.21000103
0.20234487
0.19287739
0.18155110
0.16837922
0.15344101
0.13687885
0.11888856
0.09970549
0.07958916
0.05880900
0.03763300
0.01631966
-0.00488676
-0.02575909
-0.04608937
-0.06569136
-0.08440411
-0.10209619
-0.11866976
-0.13406299
-0.14824948
-0.16123369
-0.17304226
-0.18371191
-0.19327561
-0.20174922
-0.20912081
-0.21534462
-0.22034071
-0.22400027
-0.22619551
-0.22679236
-0.22566363
-0.22270068
-0.21782177
-0.21097682
-0.20214852
-0.19135110
-0.17862811
-0.16405085
-0.14771826
-0.12975875
-0.11033323
-0.08963811
-0.06790665
-0.04540712
-0.02243675
0.00068859
0.02364815
0.04613186
0.06785536
0.08857241
0.10808293
0.12623568
0.14292594
0.15808907
0.17169189
0.18372374
0.19418890
0.20310127
0.21048139
0.21635501
0.22075183
0.22370315
0.22523733
0.22537322
0.22411226
0.22143141
0.21727911
0.21157657
0.20422599
0.19512580
0.18419140
0.17137850
0.15670486
0.14026622
0.12224250
0.10289232
0.08253571
0.06152733
0.04022449
0.01895557
-0.00200569
-0.02245531
-0.04226117
-0.06135234
-0.07969827
-0.09728297
-0.11408004
-0.13003431
-0.14505429
-0.15901698
-0.17178385
-0.18322375
-0.19323708
-0.20177463
-0.20884567
-0.21451229
-0.21886971
-0.22201623
-0.22401869
-0.22488121
-0.22452467
-0.22278268
-0.21941673
-0.21414905
-0.20670830
-0.19687993
-0.18455183
-0.16974663
-0.15263387
-0.13351963
-0.11281490
-0.09098876
-0.06851477
-0.04582064
-0.02325030
-0.00104473
0.02065570
0.04178941
0.06233809
0.08228578
0.10158223
0.12011834
0.13771932
0.15415659
0.16917588
0.18253488
0.19404201
0.20358759
0.21116016
0.21684412
0.22079872
0.22322241
0.22430978
0.22420990
0.22299442
0.22064198
0.21704208
0.21201745
0.20536052
0.19687662
0.18642565
0.17395431
0.15951345
0.14325786
0.12542991
0.10633117
0.08628846
0.06562132
0.04461701
0.02351697
0.00251586
-0.01822870
-0.03857996
-0.05840468
-0.07756009
-0.09588894
-0.11322438
-0.12940360
-0.14428690
-0.15777722
-0.16983477
-0.18048239
-0.18979902
-0.19790142
-0.20491689
-0.21095176
-0.21606163
-0.22022938
-0.22335541
-0.22526253
-0.22571506
-0.22444904
-0.22120856
-0.21578190
-0.20803174
-0.19791444
-0.18548621
-0.17089574
-0.15436589
-0.13616851
-0.11659733
-0.09594392
-0.07448059
-0.05245207
-0.03007630
-0.00755218
0.01492867
0.03717011
0.05896320
0.08008390
0.10029793
0.11937213
0.13709033
0.15327052
0.16777990
0.18054465
0.19155223
0.20084542
0.20850856
0.21464832
0.21937169
0.22276489
0.22487638
0.22570660
0.22520603
0.22328182
0.21981168
0.21466327
0.20771584
0.19888120
0.18812114
0.17545894
0.16098371
0.14484751
0.12725579
0.10845318
0.08870682
0.06828960
0.04746573
0.02648018
0.00555279
-0.01512289
-0.03537710
-0.05505917
-0.07403252
-0.09217096
-0.10935763
-0.12548692
-0.14046898
-0.15423561
-0.16674560
-0.17798762
-0.18797888
-0.19675876
-0.20437722
-0.21087951
-0.21628927
-0.22059304
-0.22372925
-0.22558439
-0.22599782
-0.22477559
-0.22171160
-0.21661349
-0.20932937
-0.19977120
-0.18793126
-0.17388897
-0.15780728
-0.13991934
-0.12050803
-0.09988196
-0.07835220
-0.05621330
-0.03373160
-0.01114170
0.01134945
0.03355299
0.05528657
0.07636428
0.09659117
0.11576450
0.13368185
0.15015493
0.16502602
0.17818361
0.18957342
0.19920174
0.20712977
0.21345901
0.21830995
0.22179751
0.22400748
0.22497842
0.22469205
0.22307429
0.22000654
0.21534551
0.20894803
0.20069676
0.19052243
0.17841941
0.16445243
0.14875419
0.13151509
0.11296774
0.09336933
0.07298503
0.05207513
0.03088685
0.00965134
-0.01141566
-0.03211121
-0.05224287
-0.07162860
-0.09009988
-0.10750804
-0.12373257
-0.13868966
-0.15233820
-0.16468146
-0.17576259
-0.18565377
-0.19443978
-0.20219828
-0.20897955
-0.21478918
-0.21957676
-0.22323263
-0.22559385
-0.22645873
-0.22560811
-0.22283040
-0.21794685
-0.21083355
-0.20143717
-0.18978265
-0.17597218
-0.16017632
-0.14261913
-0.12356001
-0.10327521
-0.08204173
-0.06012561
-0.03777571
-0.01522285
0.00731673
0.02963542
0.05152807
0.07278766
0.09320456
0.11257016
0.13068477
0.14736861
0.16247400
0.17589646
0.18758215
0.19752992
0.20578673
0.21243639
0.21758292
0.22133061
0.22376388
0.22492996
0.22482761
0.22340374
0.22055913
0.21616263
0.21007200
0.20215840
0.19233076
0.18055643
0.16687478
0.15140186
0.13432534
0.11589095
0.09638267
0.07609993
0.05533572
0.03435866
0.01340167
-0.00734179
-0.02771443
-0.04758644
-0.06684427
-0.08537981
-0.10308296
-0.11983915
-0.13553263
-0.15005446
-0.16331321
-0.17524539
-0.18582269
-0.19505348
-0.20297728
-0.20965228
-0.21513765
-0.21947356
-0.22266271
-0.22465701
-0.22535252
-0.22459426
-0.22219094
-0.21793777
-0.21164403
-0.20316130
-0.19240784
-0.17938562
-0.16418719
-0.14699200
-0.12805284
-0.10767522
-0.08619306
-0.06394484
-0.04125344
-0.01841245
0.00432009
0.02672094
0.04859551
0.06976906
0.09007808
0.10936422
0.12747273
0.14425565
0.15957908
0.17333269
0.18543914
0.19586072
0.20460128
0.21170231
0.21723305
0.22127602
0.22391013
0.22519412
0.22515331
0.22377203
0.22099326
0.21672586
0.21085855
0.20327848
0.19389186
0.18264353
0.16953258
0.15462202
0.13804112
0.11998055
0.10068118
0.08041863
0.05948572
0.03817550
0.01676683
-0.00448596
-0.02535877
-0.04565912
-0.06522417
-0.08391703
-0.10162282
-0.11824587
-0.13370884
-0.14795381
-0.16094454
-0.17266867
-0.18313827
-0.19238722
-0.20046450
-0.20742332
-0.21330686
-0.21813267
-0.22187810
-0.22446982
-0.22578004
-0.22563119
-0.22380964
-0.22008767
-0.21425102
-0.20612857
-0.19561975
-0.18271543
-0.16750889
-0.15019492
-0.13105679
-0.11044318
-0.08873830
-0.06633009
-0.04358119
-0.02080712
0.00173550
0.02384954
0.04538805
0.06623768
0.08629926
0.10546985
0.12363050
0.14064233
0.15635172
0.17060341
0.18325841
0.19421265
0.20341164
0.21085774
0.21660735
0.22075823
0.22342844
0.22473102
0.22474888
0.22351507
0.22100239
0.21712485
0.21175105
0.20472747
0.19590789
0.18518355
0.17250932
0.15792105
0.14154182
0.12357610
0.10429367
0.08400636
0.06304199
0.04171997
0.02033215
-0.00086872
-0.02167250
-0.04190825
-0.06143644
-0.08013986
-0.09791608
-0.11467357
-0.13033212
-0.14482698
-0.15811459
-0.17017746
-0.18102558
-0.19069243
-0.19922501
-0.20666895
-0.21305075
-0.21836081
-0.22254058
-0.22547714
-0.22700719
-0.22693060
-0.22503224
-0.22110876
-0.21499639
-0.20659518
-0.19588596
-0.18293729
-0.16790168
-0.15100201
-0.13251087
-0.11272649
-0.09194944
-0.07046370
-0.04852474
-0.02635564
-0.00415070
0.01791553
0.03967667
0.06096366
0.08159752
0.10138766
0.12013637
0.13764874
0.15374608
0.16828022
0.18114557
0.19228657
0.20169873
0.20942264
0.21553180
0.22011593
0.22326247
0.22503918
0.22548054
0.22458019
0.22229049
0.21852932
0.21319311
0.20617409
0.19737940
0.18674929
0.17427193
0.15999316
0.14401991
0.12651734
0.10770041
0.08782136
0.06715508
0.04598428
0.02458633
0.00322303
-0.01786614
-0.03846734
-0.05839309
-0.07748139
-0.09559458
-0.11261891
-0.12846527
-0.14307107
-0.15640235
-0.16845495
-0.17925328
-0.18884534
-0.19729344
-0.20466083
-0.21099549
-0.21631328
-0.22058350
-0.22371963
-0.22557798
-0.22596567
-0.22465805
-0.22142378
-0.21605444
-0.20839445
-0.19836649
-0.18598830
-0.17137796
-0.15474645
-0.13637875
-0.11660656
-0.09577716
-0.07422400
-0.05224356
-0.03008238
-0.00793575
0.01404282
0.03572424
0.05698312
0.07767902
0.09764432
0.11668185
0.13457350
0.15109812
0.16605531
0.17928969
0.19071046
0.20030132
0.20811806
0.21427344
0.21891168
0.22217712
0.22418303
0.22498647
0.22457445
0.22286381
0.21971541
0.21495958
0.20842831
0.19998795
0.18956657
0.17717110
0.16289188
0.14689450
0.12940175
0.11066999
0.09096526
0.07054402
0.04964189
0.02847151
0.00722852
-0.01389776
-0.03471319
-0.05501176
-0.07457594
-0.09318587
-0.11063635
-0.12675841
-0.14144048
-0.15464387
-0.16640780
-0.17684130
-0.18610177
-0.19436294
-0.20177741
-0.20844038
-0.21436142
-0.21945002
-0.22351796
-0.22629892
-0.22748218
-0.22675487
-0.22384543
-0.21856119
-0.21081363
-0.20062787
-0.18813555
-0.17355354
-0.15715335
-0.13922756
-0.12005977
-0.09990329
-0.07897173
-0.05744197
-0.03546731
-0.01319662
0.00920589
0.03154533
0.05358925
0.07507137
0.09570538
0.11520647
0.13331643
0.14982743
0.16459995
0.17757151
0.18875438
0.19822295
0.20609270
0.21249463
0.21754928
0.22134433
0.22391920
0.22525840
0.22529410
0.22391692
0.22099269
0.21638260
0.20996367
0.20164705
0.19139227
0.17921598
0.16519509
0.14946447
0.13220995
0.11365794
0.09406283
0.07369368
0.05282133
0.03170708
0.01059392
-0.01029939
-0.03078102
-0.05068595
-0.06987368
-0.08822468
-0.10563672
-0.12202212
-0.13730645
-0.15142905
-0.16434481
-0.17602617
-0.18646422
-0.19566731
-0.20365623
-0.21045579
-0.21608316
-0.22053478
-0.22377421
-0.22572348
-0.22626074
-0.22522570
-0.22243347
-0.21769558
-0.21084553
-0.20176514
-0.19040727
-0.17681109
-0.16110689
-0.14350942
-0.12430081
-0.10380575
-0.08236347
-0.06030127
-0.03791410
-0.01545343
0.00687353
0.02889532
0.05046133
0.07142510
0.09163028
0.11090332
0.12905519
0.14589214
0.16123336
0.17493153
0.18689125
0.19708056
0.20553216
0.21233287
0.21760270
0.22146707
0.22402753
0.22533695
0.22538440
0.22409319
0.22133280
0.21694293
0.21076485
0.20267438
0.19260985
0.18059000
0.16671843
0.15117430
0.13419177
0.11603279
0.09695927
0.07721030
0.05698913
0.03646161
0.01576574
-0.00497118
-0.02561280
-0.04599715
-0.06592820
-0.08517864
-0.10350439
-0.12066835
-0.13646863
-0.15076518
-0.16349863
-0.17469646
-0.18446416
-0.19296185
-0.20037010
-0.20685072
-0.21250957
-0.21736836
-0.22135054
-0.22428403
-0.22592041
-0.22596714
-0.22412724
-0.22013976
-0.21381447
-0.20505570
-0.19387239
-0.18037418
-0.16475580
-0.14727362
-0.12821957
-0.10789688
-0.08660150
-0.06461096
-0.04218098
-0.01954801
0.00306472
0.02544075
0.04736612
0.06862890
0.08902294
0.10835495
0.12645335
0.14317667
0.15841946
0.17211449
0.18423060
0.19476665
0.20374263
0.21118962
0.21714005
0.22161967
0.22464190
0.22620495
0.22629142
0.22486987
0.22189802
0.21732705
0.21110701
0.20319324
0.19355381
0.18217792
0.16908449
0.15433034
0.13801640
0.12029088
0.10134810
0.08142259
0.06077849
0.03969545
0.01845288
-0.00268527
-0.02348296
-0.04373981
-0.06329352
-0.08201706
-0.09981192
-0.11659964
-0.13231378
-0.14689457
-0.16028720
-0.17244400
-0.18332915
-0.19292387
-0.20122948
-0.20826613
-0.21406593
-0.21866052
-0.22206501
-0.22426124
-0.22518447
-0.22471718
-0.22269289
-0.21891106
-0.21316190
-0.20525774
-0.19506600
-0.18253785
-0.16772739
-0.15079725
-0.13200941
-0.11170231
-0.09025832
-0.06806733
-0.04549295
-0.02284712
-0.00037744
0.02173166
0.04334528
0.06435617
0.08466040
0.10413673
0.12263504
0.13997655
0.15596630
0.17041479
0.18316400
0.19411122
0.20322483
0.21054757
0.21618550
0.22028408
0.22299578
0.22444552
0.22470122
0.22375557
0.22152341
0.21785561
0.21256705
0.20547368
0.19643123
0.18536842
0.17230813
0.15737290
0.14077415
0.12278787
0.10372215
0.08388351
0.06354868
0.04294723
0.02225761
0.00161617
-0.01886432
-0.03907220
-0.05887677
-0.07811626
-0.09659737
-0.11410741
-0.13043652
-0.14540532
-0.15889133
-0.17084781
-0.18130978
-0.19038462
-0.19822785
-0.20500793
-0.21086642
-0.21588099
-0.22003865
-0.22322467
-0.22522990
-0.22577578
-0.22455270
-0.22126548
-0.21567778
-0.20764810
-0.19715137
-0.18428317
-0.16924655
-0.15232487
-0.13384632
-0.11414685
-0.09353841
-0.07228758
-0.05060760
-0.02866376
-0.00658975
0.01548990
0.03743676
0.05908044
0.08020973
0.10057515
0.11990287
0.13791735
0.15436864
0.16905896
0.18186367
0.19274247
0.20173849
0.20896499
0.21458180
0.21876500
0.22167470
0.22342613
0.22406845
0.22357474
0.22184463
0.21871920
0.21400584
0.20750944
0.19906514
0.18856798
0.17599509
0.16141757
0.14500036
0.12699060
0.10769649
0.08746003
0.06662780
0.04552414
0.02443051
0.00357351
-0.01687732
-0.03680267
-0.05611981
-0.07476543
-0.09267883
-0.10978890
-0.12600760
-0.14123100
-0.15534729
-0.16824967
-0.17985080
-0.19009501
-0.19896487
-0.20647982
-0.21268608
-0.21763934
-0.22138304
-0.22392670
-0.22522890
-0.22518899
-0.22365039
-0.22041589
-0.21527339
-0.20802819
-0.19853640
-0.18673392
-0.17265563
-0.15644141
-0.13832774
-0.11862646
-0.09769445
-0.07589979
-0.05359032
-0.03107008
-0.00858727
0.01366512
0.03553728
0.05690305
0.07763804
0.09760113
0.11662406
0.13451202
0.15105556
0.16605159
0.17932885
0.19077215
0.20033964
0.20806854
0.21406696
0.21849255
0.22152108
0.22331074
0.22396871
0.22352668
0.22193018
0.21904439
0.21467582
0.20860627
0.20063324
0.19060962
0.17847578
0.16427846
0.14817357
0.13041279
0.11131705
0.09124206
0.07054239
0.04954050
0.02850563
0.00764559
-0.01288884
-0.03298914
-0.05256863
-0.07154186
-0.08980879
-0.10724785
-0.12371918
-0.13907737
-0.15319033
-0.16595959
-0.17733665
-0.18733084
-0.19600549
-0.20346223
-0.20981525
-0.21516001
-0.21954247
-0.22293486
-0.22522353
-0.22621214
-0.22564086
-0.22321911
-0.21866695
-0.21175828
-0.20235864
-0.19045110
-0.17614580
-0.15967155
-0.14135107
-0.12156440
-0.10070710
-0.07915046
-0.05721078
-0.03513260
-0.01308809
0.00880841
0.03047452
0.05182900
0.07276293
0.09311953
0.11268755
0.13120999
0.14840720
0.16400964
0.17779411
0.18961555
0.19942783
0.20728820
0.21334381
0.21780182
0.22088808
0.22280190
0.22367528
0.22354446
0.22233961
0.21989483
0.21597713
0.21032925
0.20271848
0.19298268
0.18106493
0.16703087
0.15106577
0.13345267
0.11453634
0.09468060
0.07422754
0.05346658
0.03261872
0.01183820
-0.00877033
-0.02912439
-0.04913347
-0.06867404
-0.08757670
-0.10562927
-0.12259603
-0.13824934
-0.15240655
-0.16496357
-0.17591641
-0.18536441
-0.19349230
-0.20053284
-0.20671619
-0.21221527
-0.21709802
-0.22129661
-0.22460076
-0.22667794
-0.22711800
-0.22549486
-0.22143448
-0.21467672
-0.20511983
-0.19283951
-0.17807919
-0.16121389
-0.14269498
-0.12298669
-0.10250672
-0.08158200
-0.06042755
-0.03915129
-0.01778229
0.00368459
0.02523838
0.04680733
0.06822983
0.08924760
0.10952272
0.12867500
0.14633205
0.16218148
0.17601443
0.18775132
0.19744455
0.20525756
0.21142447
0.21619832
0.21979828
0.22236584
0.22393833
0.22444396
0.22371861
0.22154007
0.21767214
0.21190971
0.20411619
0.19424662
0.18235365
0.16857670
0.15311870
0.13621657
0.11811259
0.09903292
0.07917715
0.05871985
0.03782204
0.01664809
-0.00461783
-0.02576105
-0.04653545
-0.06667381
-0.08590798
-0.10399489
-0.12074309
-0.13603373
-0.14983118
-0.16218048
-0.17319127
-0.18301102
-0.19179199
-0.19965811
-0.20667736
-0.21284442
-0.21807612
-0.22221981
-0.22507236
-0.22640592
-0.22599577
-0.22364550
-0.21920636
-0.21258869
-0.20376538
-0.19276892
-0.17968411
-0.16463938
-0.14779852
-0.12935445
-0.10952508
-0.08855053
-0.06669067
-0.04422135
-0.02142871
0.00139882
0.02398026
0.04605207
0.06737710
0.08775099
0.10700509
0.12500590
0.14165160
0.15686703
0.17059847
0.18280952
0.19347864
0.20259829
0.21017472
0.21622714
0.22078495
0.22388224
0.22554952
0.22580395
0.22463989
0.22202238
0.21788594
0.21214032
0.20468354
0.19542088
0.18428715
0.17126822
0.15641791
0.13986637
0.12181806
0.10253905
0.08233560
0.06152777
0.04042286
0.01929356
-0.00163551
-0.02219063
-0.04224192
-0.06168866
-0.08044147
-0.09840622
-0.11547405
-0.13152034
-0.14641325
-0.16002956
-0.17227389
-0.18309588
-0.19250006
-0.20054462
-0.20732748
-0.21296140
-0.21754225
-0.22111684
-0.22365742
-0.22504904
-0.22509360
-0.22353154
-0.22007800
-0.21446763
-0.20649983
-0.19607610
-0.18322247
-0.16809256
-0.15095107
-0.13214100
-0.11204122
-0.09102294
-0.06941348
-0.04747415
-0.02539577
-0.00331151
0.01867719
0.04046841
0.06192976
0.08287819
0.10307505
0.12223838
0.14007032
0.15629399
0.17069197
0.18313770
0.19361244
0.20220346
0.20908267
0.21446937
0.21858399
0.22160161
0.22361448
0.22461076
0.22447363
0.22300103
0.21994201
0.21504275
0.20809341
0.19896737
0.18764584
0.17422427
0.15890054
0.14194848
0.12368295
0.10442372
0.08446541
0.06405841
0.04340330
0.02265796
0.00195384
-0.01858398
-0.03881877
-0.05859119
-0.07771835
-0.09600343
-0.11325353
-0.12930164
-0.14402737
-0.15737128
-0.16933910
-0.17999413
-0.18943860
-0.19778732
-0.20513831
-0.21154578
-0.21700062
-0.22142173
-0.22465987
-0.22651297
-0.22675042
-0.22514188
-0.22148612
-0.21563540
-0.20751233
-0.19711751
-0.18452794
-0.16988786
-0.15339437
-0.13528092
-0.11580127
-0.09521611
-0.07378348
-0.05175333
-0.02936553
-0.00685041
0.01556943
0.03767745
0.05926224
0.08011818
0.10004771
0.11886513
0.13640168
0.15251112
0.16707553
0.18001013
0.19126671
0.20083444
0.20873762
0.21502965
0.21978342
0.22307850
0.22498657
0.22555688
0.22480412
0.22270106
0.21917785
0.21412919
0.20742905
0.19895164
0.18859570
0.17630852
0.16210565
0.14608300
0.12841878
0.10936464
0.08922736
0.06834372
0.04705292
0.02567090
0.00447079
-0.01632783
-0.03655982
-0.05610657
-0.07488209
-0.09281698
-0.10984440
-0.12589141
-0.14087755
-0.15472058
-0.16734721
-0.17870553
-0.18877472
-0.19756858
-0.20513023
-0.21151792
-0.21678391
-0.22095037
-0.22398775
-0.22580085
-0.22622692
-0.22504783
-0.22201574
-0.21688851
-0.20946916
-0.19964234
-0.18740085
-0.17285718
-0.15623733
-0.13785794
-0.11809070
-0.09732070
-0.07590633
-0.05414835
-0.03227346
-0.01043495
0.01127052
0.03277463
0.05400415
0.07485066
0.09515046
0.11467945
0.13316497
0.15031240
0.16584151
0.17952491
0.19122060
0.20089128
0.20860593
0.21452239
0.21885377
0.22182458
0.22362486
0.22437094
0.22408044
0.22266643
0.21995181
0.21570161
0.20966694
0.20163281
0.19146095
0.17912024
0.16469966
0.14840213
0.13052129
0.11140625
0.09142137
0.07090862
0.05015918
0.02939861
0.00878686
-0.01156838
-0.03158960
-0.05120437
-0.07032344
-0.08882724
-0.10656362
-0.12335737
-0.13902903
-0.15341860
-0.16640847
-0.17794017
-0.18802054
-0.19671529
-0.20413055
-0.21038528
-0.21557972
-0.21976575
-0.22292499
-0.22495897
-0.22569383
-0.22489899
-0.22231707
-0.21770024
-0.21084686
-0.20163276
-0.19003213
-0.17612511
-0.16009164
-0.14219321
-0.12274635
-0.10209269
-0.08057077
-0.05849387
-0.03613684
-0.01373267
0.00852214
0.03045622
0.05190963
0.07272187
0.09272465
0.11174148
0.12959419
0.14611499
0.16116123
0.17462914
0.18646330
0.19665890
0.20525565
0.21232382
0.21794462
0.22218831
0.22509441
0.22665769
0.22682317
0.22549133
0.22253298
0.21781155
0.21120868
0.20264876
0.19211798
0.17967444
0.16544775
0.14962838
0.13244897
0.11416148
0.09501452
0.07523522
0.05501889
0.03452793
0.01389948
-0.00674061
-0.02726134
-0.04751209
-0.06731422
-0.08646134
-0.10472929
-0.12189440
-0.13775669
-0.15216340
-0.16502770
-0.17633822
-0.18615647
-0.19460157
-0.20182428
-0.20797432
-0.21316666
-0.21745282
-0.22080249
-0.22309912
-0.22415054
-0.22371298
-0.22152471
-0.21734329
-0.21098051
-0.20232904
-0.19137701
-0.17820862
-0.16299196
-0.14595709
-0.12736939
-0.10750363
-0.08662351
-0.06497016
-0.04276073
-0.02019588
0.00252692
0.02519881
0.04758819
0.06943673
0.09046467
0.11038565
0.12892875
0.14586376
0.16102461
0.17432604
0.18576944
0.19543609
0.20346789
0.21003853
0.21531955
0.21944711
0.22249503
0.22445883
0.22525348
0.22472522
0.22267540
0.21889232
0.21318573
0.20541828
0.19552924
0.18354694
0.16958876
0.15384947
0.13658073
0.11806590
0.09859463
0.07844141
0.05785133
0.03703433
0.01616778
-0.00459461
-0.02511046
-0.04523662
-0.06482043
-0.08369688
-0.10169245
-0.11863538
-0.13437025
-0.14877383
-0.16176896
-0.17333291
-0.18349805
-0.19234349
-0.19997848
-0.20651938
-0.21206374
-0.21666561
-0.22031616
-0.22293326
-0.22436228
-0.22438857
-0.22276051
-0.21921992
-0.21353578
-0.20553614
-0.19513383
-0.18234201
-0.16727759
-0.15015225
-0.13125289
-0.11091492
-0.08949288
-0.06733312
-0.04475263
-0.02202688
0.00061250
0.02297119
0.04487942
0.06617702
0.08670038
0.10627494
0.12471545
0.14183454
0.15745777
0.17144215
0.18369358
0.19417896
0.20292924
0.21003176
0.21561192
0.21980713
0.22273719
0.22447687
0.22503601
0.22435145
0.22229313
0.21868375
0.21332910
0.20605381
0.19673603
0.18533508
0.17190663
0.15660325
0.13966006
0.12136886
0.10204579
0.08199891
0.06150201
0.04077925
0.02000298
-0.00069589
-0.02120849
-0.04142492
-0.06121377
-0.08040991
-0.09881434
-0.11620704
-0.13237067
-0.14712030
-0.16033246
-0.17196650
-0.18207241
-0.19078185
-0.19828229
-0.20477810
-0.21044505
-0.21538673
-0.21960128
-0.22296572
-0.22524152
-0.22610172
-0.22517551
-0.22210293
-0.21659044
-0.20845758
-0.19766679
-0.18433142
-0.16870109
-0.15112751
-0.13201777
-0.11178383
-0.09079763
-0.06935965
-0.04768576
-0.02591373
-0.00412624
0.01761552
0.03923569
0.06061346
0.08156551
0.10184505
0.12115819
0.13919403
0.15566267
0.17033305
0.18306286
0.19381429
0.20265205
0.20972367
0.21522579
0.21936243
0.22230319
0.22414907
0.22491202
0.22451181
0.22279053
0.21954155
0.21454744
0.20761990
0.19863451
0.18755464
0.17444106
0.15944661
0.14279809
0.12476986
0.10565467
0.08573736
0.06527597
0.04449279
0.02357569
0.00268757
-0.01801963
-0.03839088
-0.05825831
-0.07743871
-0.09573956
-0.11297283
-0.12897365
-0.14361967
-0.15684681
-0.16865696
-0.17911518
-0.18833567
-0.19645781
-0.20361609
-0.20990856
-0.21536940
-0.21995058
-0.22351620
-0.22585119
-0.22668345
-0.22571659
-0.22266823
-0.21730830
-0.20949129
-0.19917796
-0.18644314
-0.17146901
-0.15452530
-0.13594004
-0.11606589
-0.09524749
-0.07379513
-0.05196827
-0.02997111
-0.00795969
0.01394180
0.03561960
0.05694875
0.07777606
0.09791160
0.11713092
0.13518796
0.15183659
0.16685686
0.18008083
0.19141298
0.20084063
0.20843179
0.21431990
0.21867753
0.22168296
0.22348545
0.22417507
0.22376266
0.22217379
0.21925830
0.21481419
0.20862218
0.20048538
0.19026730
0.17792212
0.16351185
0.14720787
0.12927668
0.11005260
0.08990249
0.06918851
0.04823556
0.02730847
0.00660241
-0.01375296
-0.03367757
-0.05311756
-0.07201996
-0.09031133
-0.10788505
-0.12459995
-0.14029071
-0.15478742
-0.16793986
-0.17964083
-0.18984275
-0.19856321
-0.20587712
-0.21189621
-0.21673902
-0.22049706
-0.22320383
-0.22481318
-0.22519201
-0.22412995
-0.22136517
-0.21662273
-0.20965895
-0.20030447
-0.18849807
-0.17430549
-0.15791961
-0.13964214
-0.11985001
-0.09895263
-0.07734781
-0.05538400
-0.03333553
-0.01139460
0.01031948
0.03173656
0.05280336
0.07344972
0.09356126
0.11296436
0.13142724
0.14867731
0.16443157
0.17843410
0.19049296
0.20050880
0.20848877
0.21454234
0.21885882
0.22167026
0.22320615
0.22364820
0.22309366
0.22153416
0.21885423
0.21485032
0.20926683
0.20184330
0.19236411
0.18070220
0.16684935
0.15092784
0.13318232
0.11395362
0.09364010
0.07265355
0.05137769
0.03013607
0.00917429
-0.01134190
-0.03131407
-0.05068826
-0.06942809
-0.08748992
-0.10480573
-0.12127712
-0.13678094
-0.15118476
-0.16436750
-0.17623992
-0.18675926
-0.19593388
-0.20381586
-0.21048237
-0.21600911
-0.22044135
-0.22376857
-0.22590870
-0.22670587
-0.22594334
-0.22337012
-0.21873708
-0.21183651
-0.20253808
-0.19081502
-0.17675575
-0.16055915
-0.14251468
-0.12297103
-0.10229932
-0.08085750
-0.05896199
-0.03687119
-0.01478264
0.00715692
0.02883201
0.05013471
0.07094248
0.09110281
0.11042834
0.12870368
0.14570245
0.16121111
0.17505427
0.18711611
0.19735306
0.20579478
0.21253260
0.21769748
0.22143110
0.22385569
0.22504788
0.22502167
0.22372334
0.22103948
0.21681639
0.21088753
0.20310405
0.19336325
0.18163048
0.16795107
0.15245124
0.13532853
0.11683439
0.09725236
0.07687601
0.05598996
0.03485661
0.01370959
-0.00724666
-0.02783268
-0.04788778
-0.06726425
-0.08582408
-0.10343930
-0.11999584
-0.13539988
-0.14958455
-0.16251481
-0.17418853
-0.18463226
-0.19389177
-0.20201796
-0.20905047
-0.21500153
-0.21984294
-0.22349888
-0.22584606
-0.22672191
-0.22593985
-0.22330983
-0.21866114
-0.21186433
-0.20284919
-0.19161619
-0.17824014
-0.16286587
-0.14569698
-0.12697977
-0.10698504
-0.08599065
-0.06426732
-0.04206937
-0.01963118
0.00283115
0.02511431
0.04702062
0.06835164
0.08890464
0.10847366
0.12685551
0.14386021
0.15932426
0.17312406
0.18518684
0.19549626
0.20409088
0.21105464
0.21650011
0.22054657
0.22329618
0.22481223
0.22510331
0.22411659
0.22174197
0.21782722
0.21220210
0.20470796
0.19522818
0.18371440
0.17020411
0.15482651
0.13779556
0.11939139
0.09993317
0.07974822
0.05914272
0.03837899
0.01766307
-0.00285578
-0.02307433
-0.04291634
-0.06230991
-0.08116648
-0.09936648
-0.11675525
-0.13315050
-0.14836008
-0.16220661
-0.17455347
-0.18532645
-0.19452539
-0.20222254
-0.20854643
-0.21365325
-0.21769047
-0.22075920
-0.22288271
-0.22398742
-0.22390113
-0.22236973
-0.21909068
-0.21375799
-0.20611135
-0.19598115
-0.18332156
-0.16822594
-0.15092216
-0.13174872
-0.11111630
-0.08946171
-0.06720240
-0.04469958
-0.02223570
-0.00000945
0.02185227
0.04326938
0.06417672
0.08449291
0.10409694
0.12281779
0.14043943
0.15672012
0.17142208
0.18434488
0.19535553
0.20440829
0.21154961
0.21690637
0.22065918
0.22300528
0.22411807
0.22411105
0.22301303
0.22075971
0.21720355
0.21214024
0.20534722
0.19662733
0.18584965
0.17298047
0.15809895
0.14139521
0.12315164
0.10371150
0.08344084
0.06269080
0.04176708
0.02091122
0.00029634
-0.01996363
-0.03979429
-0.05913604
-0.07792037
-0.09605248
-0.11340430
-0.12981914
-0.14512693
-0.15916622
-0.17180785
-0.18297458
-0.19265170
-0.20088552
-0.20776917
-0.21341772
-0.21793709
-0.22139264
-0.22378378
-0.22502982
-0.22497063
-0.22338271
-0.22000862
-0.21459505
-0.20693329
-0.19689513
-0.18445832
-0.16971721
-0.15287712
-0.13423377
-0.11414173
-0.09297772
-0.07110522
-0.04884642
-0.02646583
-0.00416751
0.01789497
0.03959925
0.06083050
0.08145942
0.10132700
0.12024011
0.13797905
0.15431587
0.16903994
0.18198515
0.19305301
0.20222620
0.20956896
0.21521326
0.21933256
0.22210731
0.22368841
0.22416533
0.22354503
0.22174596
0.21860882
0.21392255
0.20746148
0.19902713
0.18848768
0.17580811
0.16106616
0.14445129
0.12624749
0.10680321
0.08649404
0.06568492
0.04469835
0.02379363
0.00315989
-0.01707724
-0.03683822
-0.05606603
-0.07470251
-0.09266988
-0.10986172
-0.12614503
-0.14137276
-0.15540344
-0.16812304
-0.17946347
-0.18941280
-0.19801385
-0.20535050
-0.21152347
-0.21662007
-0.22068379
-0.22369002
-0.22553344
-0.22603046
-0.22493741
-0.22198218
-0.21690419
-0.20949627
-0.19964092
-0.18733490
-0.17269778
-0.15596293
-0.13745300
-0.11754413
-0.09662551
-0.07506128
-0.05316149
-0.03116634
-0.00924580
0.01248651
0.03394930
0.05506487
0.07573246
0.09580935
0.11510407
0.13338321
0.15039075
0.16587602
0.17962470
0.19148664
0.20139457
0.20936981
0.21551327
0.21998291
0.22296158
0.22462067
0.22508630
0.22441389
0.22257592
0.21946504
0.21491214
0.20871635
0.20068189
0.19065564
0.17855927
0.16441083
0.14833273
0.13054524
0.11134725
0.09108798
0.07013456
0.04884076
0.02752163
0.00643721
-0.01421314
-0.03428655
-0.05368482
-0.07233847
-0.09019064
-0.10718416
-0.12325432
-0.13832814
-0.15232945
-0.16518764
-0.17684728
-0.18727527
-0.19646317
-0.20442313
-0.21117757
-0.21674425
-0.22111954
-0.22426355
-0.22609060
-0.22646799
-0.22522426
-0.22216667
-0.21710583
-0.20988362
-0.20040006
-0.18863447
-0.17465733
-0.15863045
-0.14079538
-0.12145204
-0.10093093
-0.07956404
-0.05765926
-0.03548251
-0.01325048
0.00886554
0.03072645
0.05220606
0.07317082
0.09346334
0.11289415
0.13124419
0.14827829
0.16376756
0.17751633
0.18938820
0.19932547
0.20735713
0.21359263
0.21820144
0.22138117
0.22331928
0.22415529
0.22395052
0.22267117
0.22018870
0.21629813
0.21075161
0.20330208
0.19374947
0.18198151
0.16800232
0.15194361
0.13405703
0.11468905
0.09424330
0.07313709
0.05175977
0.03044006
0.00942709
-0.01111242
-0.03108222
-0.05043366
-0.06913772
-0.08715875
-0.10443553
-0.12087367
-0.13635040
-0.15072998
-0.16388550
-0.17572114
-0.18618914
-0.19529646
-0.20309872
-0.20968186
-0.21513453
-0.21951706
-0.22283341
-0.22501264
-0.22590456
-0.22529163
-0.22291591
-0.21851685
-0.21187325
-0.20284203
-0.19138662
-0.17758981
-0.16164884
-0.14385382
-0.12455386
-0.10411734
-0.08289390
-0.06118508
-0.03922867
-0.01719864
0.00478039
0.02660840
0.04818139
0.06936571
0.08998171
0.10980085
0.12855729
0.14597215
0.16178550
0.17578949
0.18785567
0.19795041
0.20613477
0.21254822
0.21737875
0.22082459
0.22305477
0.22417555
0.22420914
0.22308844
0.22066868
0.21675376
0.21113226
0.20361652
0.19407803
0.18247301
0.16885448
0.15336957
0.13624370
0.11775562
0.09820857
0.07790319
0.05711676
0.03609180
0.01503451
-0.00587838
-0.02648790
-0.04664022
-0.06617746
-0.08493471
-0.10274467
-0.11944901
-0.13491400
-0.14904625
-0.16180478
-0.17320532
-0.18331497
-0.19223693
-0.20008713
-0.20696644
-0.21293353
-0.21798302
-0.22203351
-0.22492793
-0.22644685
-0.22633285
-0.22432255
-0.22018101
-0.21373347
-0.20488945
-0.19365594
-0.18013816
-0.16452848
-0.14708618
-0.12811178
-0.10792043
-0.08681874
-0.06508804
-0.04297611
-0.02069720
0.00156099
0.02362627
0.04532995
0.06649721
0.08694224
0.10646938
0.12488039
0.14198626
0.15762135
0.17165682
0.18401073
0.19465247
0.20360025
0.21091182
0.21666961
0.22096245
0.22386687
0.22543097
0.22566336
0.22452914
0.22195356
0.21783293
0.21205115
0.20449951
0.19509679
0.18380690
0.17065154
0.15571622
0.13914924
0.12115385
0.10197526
0.08188449
0.06116159
0.04008043
0.01889705
-0.00215756
-0.02287993
-0.04309278
-0.06264116
-0.08138792
-0.09921011
-0.11599782
-0.13165561
-0.14610658
-0.15929754
-0.17120373
-0.18183090
-0.19121320
-0.19940565
-0.20647136
-0.21246481
-0.21741340
-0.22130055
-0.22405379
-0.22554061
-0.22557434
-0.22393009
-0.22036974
-0.21467256
-0.20666747
-0.19626169
-0.18346134
-0.16838022
-0.15123524
-0.13232871
-0.11202031
-0.09069320
-0.06871969
-0.04643215
-0.02410367
-0.00194130
0.01990764
0.04133855
0.06226560
0.08259659
0.10221224
0.12095449
0.13862694
0.15500757
0.16987167
0.18302017
0.19430776
0.20366446
0.21110567
0.21672771
0.22068859
0.22317693
0.22437422
0.22441733
0.22336840
0.22119811
0.21778619
0.21293973
0.20642664
0.19801887
0.18753790
0.17489452
0.16011613
0.14335650
0.12488669
0.10506860
0.08431620
0.06305122
0.04166113
0.02046624
-0.00029887
-0.02048765
-0.04002842
-0.05890004
-0.07710193
-0.09462540
-0.11143206
-0.12744369
-0.14254472
-0.15659632
-0.16945780
-0.18101015
-0.19117551
-0.19992780
-0.20729132
-0.21332722
-0.21811007
-0.22169952
-0.22411294
-0.22530530
-0.22516111
-0.22350109
-0.22010329
-0.21473547
-0.20719334
-0.19733790
-0.18512509
-0.17062255
-0.15401036
-0.13556574
-0.11563474
-0.09459600
-0.07282337
-0.05065376
-0.02836577
-0.00617206
0.01577425
0.03736168
0.05849577
0.07907363
0.09896374
0.11799555
0.13596152
0.15263141
0.16777595
0.18119513
0.19274513
0.20235801
0.21004977
0.21591449
0.22010483
0.22280211
0.22418105
0.22437552
0.22345148
0.22139230
0.21809914
0.21340683
0.20711264
0.19901315
0.18894316
0.17681023
0.16261918
0.14648283
0.12861766
0.10932543
0.08896442
0.06791517
0.04654641
0.02518643
0.00410386
-0.01650012
-0.03648837
-0.05577515
-0.07430797
-0.09204820
-0.10895445
-0.12497199
-0.14002964
-0.15404396
-0.16692891
-0.17860793
-0.18902482
-0.19815028
-0.20598178
-0.21253620
-0.21783610
-0.22189238
-0.22468689
-0.22615903
-0.22619990
-0.22465624
-0.22134468
-0.21607478
-0.20867766
-0.19903545
-0.18710682
-0.17294379
-0.15669670
-0.13860624
-0.11898344
-0.09818107
-0.07656110
-0.05446375
-0.03218357
-0.00995604
0.01204306
0.03368654
0.05487567
0.07551600
0.09549458
0.11466407
0.13283758
0.14979594
0.16530655
0.17915026
0.19115088
0.20120109
0.20927886
0.21545018
0.21985630
0.22268704
0.22414420
0.22440164
0.22356946
0.22166920
0.21862543
0.21427582
0.20839886
0.20075456
0.19113128
0.17939047
0.16550135
0.14955924
0.13178455
0.11250259
0.09210818
0.07102162
0.04964404
0.02832001
0.00731358
-0.01319888
-0.03311925
-0.05240481
-0.07103831
-0.08899778
-0.10623313
-0.12265453
-0.13813477
-0.15252450
-0.16567626
-0.17747116
-0.18784113
-0.19678091
-0.20434588
-0.21063503
-0.21576199
-0.21981958
-0.22284551
-0.22479670
-0.22553858
-0.22485280
-0.22246313
-0.21807578
-0.21142724
-0.20233095
-0.19071450
-0.17664010
-0.16030487
-0.14202070
-0.12217785
-0.10119904
-0.07949280
-0.05741453
-0.03524213
-0.01316978
0.00868029
0.03023178
0.05142087
0.07216329
0.09232954
0.11173426
0.13014208
0.14728895
0.16291446
0.17679802
0.18879110
0.19883812
0.20698114
0.21334663
0.21811642
0.22148819
0.22363306
0.22465855
0.22458423
0.22333493
0.22075280
0.21662623
0.21072992
0.20286882
0.19291776
0.18084963
0.16674751
0.15079925
0.13327632
0.11450172
0.09481367
0.07453184
0.05393230
0.03323495
0.01260435
-0.00783796
-0.02799378
-0.04776695
-0.06704583
-0.08569404
-0.10355159
-0.12044626
-0.13621217
-0.15071119
-0.16385180
-0.17560037
-0.18598185
-0.19506842
-0.20295796
-0.20974595
-0.21549612
-0.22021581
-0.22384085
-0.22623351
-0.22719430
-0.22648607
-0.22386624
-0.21912200
-0.21210220
-0.20274102
-0.19106942
-0.17721329
-0.16137918
-0.14383083
-0.12486130
-0.10476572
-0.08381955
-0.06226550
-0.04031065
-0.01813300
0.00410520
0.02624122
0.04809693
0.06946936
0.09012917
0.10982817
0.12831479
0.14535502
0.16075475
0.17437928
0.18616610
0.19612801
0.20434548
0.21094886
0.21609297
0.21992801
0.22257119
0.22408385
0.22445771
0.22361260
0.22140628
0.21765498
0.21216168
0.20474795
0.19528470
0.18371727
0.17008130
0.15450733
0.13721356
0.11848824
0.09866452
0.07809166
0.05710690
0.03601186
0.01505668
-0.00556657
-0.02572111
-0.04531476
-0.06428412
-0.08257710
-0.10013725
-0.11689290
-0.13275298
-0.14760996
-0.16134887
-0.17386006
-0.18505262
-0.19486523
-0.20327157
-0.21027858
-0.21591740
-0.22022822
-0.22324186
-0.22496149
-0.22534865
-0.22431648
-0.22173273
-0.21743265
-0.21124057
-0.20299712
-0.19258774
-0.17996791
-0.16518076
-0.14836394
-0.12974454
-0.10962265
-0.08834627
-0.06628179
-0.04378465
-0.02117514
0.00127731
0.02335928
0.04490813
0.06579850
0.08592425
0.10518011
0.12344762
0.14058841
0.15644663
0.17086000
0.18367719
0.19477747
0.20408825
0.21159602
0.21734756
0.22144024
0.22400228
0.22516620
0.22504018
0.22368287
0.22108668
0.21717360
0.21180502
0.20480472
0.19599171
0.18521746
0.17240137
0.15755805
0.14081176
0.12239510
0.10263206
0.08190808
0.06063217
0.03919726
0.01794536
-0.00285705
-0.02303003
-0.04247652
-0.06116581
-0.07910833
-0.09632682
-0.11283005
-0.12859365
-0.14355153
-0.15759863
-0.17060344
-0.18242695
-0.19294308
-0.20205581
-0.20970891
-0.21588611
-0.22060148
-0.22388232
-0.22574847
-0.22619282
-0.22516793
-0.22258212
-0.21830691
-0.21219496
-0.20410566
-0.19393378
-0.18163577
-0.16724865
-0.15089788
-0.13279261
-0.11320914
-0.09246580
-0.07089402
-0.04881091
-0.02649839
-0.00419235
0.01791713
0.03967535
0.06094598
0.08159204
0.10146007
0.12037183
0.13812615
0.15451120
0.16932488
0.18239919
0.19362302
0.20295797
0.21044293
0.21618530
0.22033952
0.22307614
0.22454692
0.22485255
0.22401932
0.22198952
0.21862820
0.21374541
0.20713039
0.19859188
0.18799718
0.17530334
0.16057473
0.14398430
0.12579865
0.10635000
0.08600075
0.06510704
0.04398802
0.02290577
0.00205849
-0.01841318
-0.03840974
-0.05785107
-0.07665528
-0.09472326
-0.11193280
-0.12814351
-0.14321118
-0.15700788
-0.16944248
-0.18047619
-0.19012833
-0.19846994
-0.20560518
-0.21164355
-0.21666797
-0.22070511
-0.22370437
-0.22553035
-0.22597144
-0.22476385
-0.22162765
-0.21630878
-0.20861997
-0.19847321
-0.18589849
-0.17104536
-0.15416771
-0.13559467
-0.11569335
-0.09483022
-0.07333806
-0.05149397
-0.02951147
-0.00754697
0.01428228
0.03587346
0.05711293
0.07785644
0.09791928
0.11707892
0.13508968
0.15170649
0.16671285
0.17994707
0.19132135
0.20082932
0.20854028
0.21458080
0.21910664
0.22227030
0.22418982
0.22492456
0.22446223
0.22271947
0.21955564
0.21479731
0.20826921
0.19982607
0.18938047
0.17692207
0.16252604
0.14634978
0.12861973
0.10961100
0.08962401
0.06896183
0.04791191
0.02673393
0.00565479
-0.01513039
-0.03545310
-0.05516451
-0.07412953
-0.09222347
-0.10933246
-0.12535722
-0.14021897
-0.15386545
-0.16627492
-0.17745604
-0.18744270
-0.19628354
-0.20402749
-0.21070718
-0.21632321
-0.22083211
-0.22414044
-0.22610673
-0.22655163
-0.22527529
-0.22207981
-0.21679367
-0.20929463
-0.19952789
-0.18751680
-0.17336484
-0.15724872
-0.13940400
-0.12010569
-0.09964705
-0.07831982
-0.05639885
-0.03413306
-0.01174329
0.01057338
0.03263504
0.05426457
0.07528051
0.09549191
0.11469896
0.13269975
0.14930259
0.16434147
0.17769168
0.18928222
0.19910187
0.20719700
0.21366036
0.21861216
0.22217595
0.22445332
0.22550165
0.22531916
0.22384017
0.22094202
0.21646302
0.21022888
0.20208343
0.19191884
0.17970022
0.16548076
0.14940494
0.13169953
0.11265424
0.09259535
0.07185721
0.05075617
0.02957095
0.00853225
-0.01217802
-0.03241910
-0.05207820
-0.07105575
-0.08925298
-0.10656487
-0.12288031
-0.13808901
-0.15209340
-0.16482198
-0.17624032
-0.18635603
-0.19521524
-0.20289013
-0.20945872
-0.21498052
-0.21947252
-0.22289057
-0.22512055
-0.22598201
-0.22524493
-0.22265751
-0.21798103
-0.21102603
-0.20168375
-0.18994757
-0.17592058
-0.15980830
-0.14189767
-0.12252658
-0.10204906
-0.08080255
-0.05908275
-0.03712989
-0.01512812
0.00678313
0.02848920
0.04987672
0.07081234
0.09112863
0.11062065
0.12905441
0.14618569
0.16178569
0.17566809
0.18771206
0.19787601
0.20619889
0.21278797
0.21779493
0.22138413
0.22369871
0.22483070
0.22480054
0.22355006
0.22095023
0.21682253
0.21097052
0.20321601
0.19343377
0.18157908
0.16770349
0.15195671
0.13457459
0.11585593
0.09613243
0.07573706
0.05497634
0.03411058
0.01334495
-0.00716858
-0.02731979
-0.04702283
-0.06619725
-0.08475178
-0.10257445
-0.11953120
-0.13547314
-0.15025067
-0.16373133
-0.17581712
-0.18645732
-0.19565325
-0.20345342
-0.20993901
-0.21520177
-0.21931822
-0.22232467
-0.22419794
-0.22484592
-0.22411031
-0.22178210
-0.21762785
-0.21142311
-0.20298774
-0.19221759
-0.17910728
-0.16376050
-0.14638603
-0.12728019
-0.10679878
-0.08532309
-0.06322580
-0.04084199
-0.01845007
0.00373519
0.02555708
0.04690113
0.06767300
0.08777534
0.10708883
0.12546182
0.14271085
0.15863253
0.17302413
0.18570897
0.19656103
0.20552327
0.21261531
0.21792791
0.22160440
0.22381192
0.22470728
0.22440392
0.22294623
0.22029672
0.21633888
0.21089614
0.20376398
0.19474993
0.18371437
0.17060503
0.15547878
0.13850696
0.11996316
0.10019581
0.07959063
0.05852973
0.03735481
0.01634064
-0.00431683
-0.02449661
-0.04413508
-0.06319916
-0.08165698
-0.09945244
-0.11648968
-0.13263074
-0.14770685
-0.16154082
-0.17397517
-0.18489938
-0.19426970
-0.20211604
-0.20853351
-0.21365909
-0.21763742
-0.22058217
-0.22254065
-0.22346928
-0.22322564
-0.22157967
-0.21824332
-0.21291385
-0.20532365
-0.19528782
-0.18274111
-0.16775747
-0.15054905
-0.13144483
-0.11085318
-0.08921523
-0.06695764
-0.04445326
-0.02199597
0.00020645
0.02202184
0.04336910
0.06418598
0.08439703
0.10388908
0.12249970
0.14002148
0.15622093
0.17086786
0.18376875
0.19479640
0.20390906
0.21115435
0.21665620
0.22058700
0.22312994
0.22443889
0.22460388
0.22362917
0.22142859
0.21783951
0.21265301
0.20565477
0.19666913
0.18559791
0.17244698
0.15733570
0.14048799
0.12220707
0.10283935
0.08273453
0.06220971
0.04152421
0.02086914
0.00037272
-0.01988108
-0.03982572
-0.05938401
-0.07844578
-0.09685673
-0.11442163
-0.13092160
-0.14614185
-0.15990389
-0.17209497
-0.18268750
-0.19174334
-0.19940056
-0.20584407
-0.21126463
-0.21581382
-0.21956335
-0.22247693
-0.22440073
-0.22507529
-0.22416772
-0.22131923
-0.21620028
-0.20856381
-0.19828756
-0.18539823
-0.17007337
-0.15262130
-0.13344277
-0.11298155
-0.09167305
-0.06989973
-0.04796106
-0.02606230
-0.00432297
0.01719798
0.03846663
0.05943597
0.08001366
0.10004248
0.11929763
0.13750158
0.15435363
0.16956801
0.18291320
0.19424408
0.20352064
0.21080890
0.21626358
0.22009546
0.22252911
0.22375893
0.22391138
0.22302054
0.22102118
0.21776079
0.21302808
0.20659285
0.19824995
0.18785962
0.17537730
0.16086822
0.14450500
0.12654956
0.10732354
0.08717325
0.06643571
0.04541178
0.02435036
0.00344529
-0.01715625
-0.03733736
-0.05699208
-0.07600836
-0.09425779
-0.11159492
-0.12786619
-0.14292647
-0.15665904
-0.16899375
-0.17991850
-0.18948000
-0.19777248
-0.20491507
-0.21102167
-0.21616849
-0.22036600
-0.22354080
-0.22553224
-0.22610526
-0.22497838
-0.22186282
-0.21650620
-0.20873366
-0.19847909
-0.18580120
-0.17088138
-0.15400397
-0.13552251
-0.11581804
-0.09525698
-0.07415601
-0.05276006
-0.03123673
-0.00968740
0.01182792
0.03325773
0.05452545
0.07550217
0.09599206
0.11573377
0.13441831
0.15172024
0.16733679
0.18102713
0.19264449
0.20215441
0.20963511
0.21525937
0.21926040
0.22188740
0.22335859
0.22381977
0.22331598
0.22178122
0.21904833
0.21487736
0.20899771
0.20115697
0.19116802
0.17894684
0.16453472
0.14810183
0.12993196
0.11039185
0.08989076
0.06883742
0.04760163
0.02648648
0.00571482
-0.01456903
-0.03428455
-0.05339135
-0.07186253
-0.08966085
-0.10672268
-0.12295272
-0.13822995
-0.15242279
-0.16540943
-0.17709811
-0.18744214
-0.19644549
-0.20415696
-0.21065315
-0.21601317
-0.22028994
-0.22348383
-0.22552448
-0.22626517
-0.22549209
-0.22294786
-0.21836626
-0.21151266
-0.20222339
-0.19043747
-0.17621519
-0.15974019
-0.14130472
-0.12128065
-0.10008119
-0.07811986
-0.05577371
-0.03335658
-0.01110639
0.01081247
0.03229339
0.05326267
0.07365140
0.09337042
0.11229380
0.13025438
0.14705235
0.16247490
0.17632279
0.18843801
0.19872634
0.20716971
0.21382518
0.21880993
0.22227482
0.22437109
0.22521673
0.22486888
0.22330807
0.22043742
0.21609780
0.21009620
0.20224262
0.19238887
0.18046228
0.16648844
0.15059912
0.13302410
0.11406897
0.09408312
0.07342415
0.05242493
0.03136913
0.01047866
-0.01008573
-0.03021249
-0.04981969
-0.06883329
-0.08716850
-0.10471894
-0.12135580
-0.13693733
-0.15132590
-0.16440839
-0.17611462
-0.18642859
-0.19538905
-0.20307787
-0.20959767
-0.21504245
-0.21946683
-0.22286037
-0.22513252
-0.22611222
-0.22556336
-0.22321428
-0.21879688
-0.21208864
-0.20295047
-0.19135367
-0.17739135
-0.16127232
-0.14329887
-0.12383251
-0.10325404
-0.08192521
-0.06015847
-0.03819992
-0.01622753
0.00563618
0.02730071
0.04867914
0.06966129
0.09009449
0.10977655
0.12846257
0.14588459
0.16178029
0.17592495
0.18816027
0.19841404
0.20670644
0.21314126
0.21788315
0.22112487
0.22305016
0.22379897
0.22344119
0.22196346
0.21927150
0.21520724
0.20957781
0.20219110
0.19289197
0.18159293
0.16829455
0.15309286
0.13617320
0.11779258
0.09825427
0.07787949
0.05698109
0.03584331
0.01471025
-0.00621660
-0.02677262
-0.04681932
-0.06623176
-0.08488799
-0.10266314
-0.11942975
-0.13506408
-0.14945681
-0.16252525
-0.17422363
-0.18454839
-0.19353631
-0.20125457
-0.20778378
-0.21319635
-0.21753398
-0.22078829
-0.22288850
-0.22369904
-0.22302843
-0.22064871
-0.21632313
-0.20983814
-0.20103510
-0.18983677
-0.17626482
-0.16044562
-0.14260378
-0.12304449
-0.10212776
-0.08023851
-0.05775728
-0.03503553
-0.01237896
0.00995971
0.03177843
0.05291585
0.07323664
0.09261559
0.11092425
0.12802260
0.14375743
0.15796739
0.17049339
0.18119164
0.18994666
0.19668100
0.20135978
0.20398886
0.20460715
0.20327479
0.20005968
0.19502569
0.18822511
0.17969746
0.16947530
0.15759627
0.14411921
0.12914130
0.11281276
0.09534586
0.07701605
0.05815415
0.03913032
0.02033197
0.00213845
-0.01510343
-0.03109991
-0.04562388
-0.05852024
-0.06970288
-0.07914478
-0.08686358
-0.09290559
-0.09733139
-0.10020515
-0.10158938
-0.10154507
-0.10013651
-0.09743894
-0.09354673
-0.08857991
-0.08268731
-0.07604527
-0.06885178
-0.06131697
-0.05365131
-0.04605335
-0.03869867
-0.03173160
-0.02526048
-0.01935667
-0.01405695
-0.00936855
-0.00527555
-0.00174589
0.00126224
0.00379498
0.00589877
0.00761774
0.00899228
0.01005858
0.01084887
0.01139196
0.01171414
0.01183988
0.01179256
0.01159469
0.01126778
0.01083158
0.01030293
0.00969437
0.00901298
0.00825996
0.00743150
0.00652137
0.00552529
0.00444657
0.00388764
