-5.446251
-5.438032
-5.443621
-5.444608
-5.441320
-5.441978
-5.448224
-5.439676
-5.447567
-5.437046
-5.445265
-5.438690
-5.440333
-5.430470
-5.447896
-5.429813
-5.446580
-5.440662
-5.447238
-5.434087
-5.449868
-5.438361
-5.437704
-5.452498
-5.457101
-5.459403
-5.447238
-5.449211
-5.464992
-5.449539
-5.465321
-5.470581
-5.471238
-5.472225
-5.461704
-5.461375
-5.467622
-5.451512
-5.465649
-5.462690
-5.456115
-5.454471
-5.449539
-5.426854
-5.434087
-5.428826
-5.421265
-5.397922
-5.399566
-5.387730
-5.378524
-5.348606
-5.344332
-5.327893
-5.313427
-5.316057
-5.302248
-5.290741
-5.288769
-5.274303
-5.274961
-5.272330
-5.255234
-5.252933
-5.256220
-5.264111
-5.270029
-5.283509
-5.291399
-5.307509
-5.321975
-5.336770
-5.353209
-5.373592
-5.390360
-5.417319
-5.426196
-5.461046
-5.484389
-5.496882
-5.535020
-5.552774
-5.576446
-5.602090
-5.623132
-5.639899
-5.645817
-5.667187
-5.675407
-5.702366
-5.692832
-5.718805
-5.713216
-5.725709
-5.716175
-5.732285
-5.727353
-5.710586
-5.712229
-5.711243
-5.699407
-5.672777
-5.670804
-5.637598
-5.632338
-5.609652
-5.583021
-5.562637
-5.538637
-5.515623
-5.475513
-5.466307
-5.437375
-5.415347
-5.384442
-5.361428
-5.334140
-5.294029
-5.271015
-5.259837
-5.244713
-5.224658
-5.205918
-5.191781
-5.179945
-5.163506
-5.162848
-5.139177
-5.149040
-5.140163
-5.137533
-5.151670
-5.160876
-5.167780
-5.177643
-5.187835
-5.194411
-5.214795
-5.241426
-5.252275
-5.280550
-5.303893
-5.327564
-5.335783
-5.380826
-5.402196
-5.433429
-5.460060
-5.486362
-5.514637
-5.541596
-5.566583
-5.588611
-5.605049
-5.630365
-5.644502
-5.662913
-5.684612
-5.695462
-5.692174
-5.716832
-5.728339
-5.722422
-5.732942
-5.740504
-5.732942
-5.732614
-5.730312
-5.723079
-5.713544
-5.692832
-5.690859
-5.674092
-5.654365
-5.625433
-5.613597
-5.591241
-5.568884
-5.545870
-5.516280
-5.494581
-5.471567
-5.447238
-5.420279
-5.392662
-5.351236
-5.340058
-5.302248
-5.277262
-5.264769
-5.239124
-5.227946
-5.210850
-5.194082
-5.165808
-5.171397
-5.145752
-5.143780
-5.151999
-5.150684
-5.150026
-5.150355
-5.151341
-5.151670
-5.176328
-5.171726
-5.186849
-5.205918
-5.238467
-5.255892
-5.276933
-5.300276
-5.325921
-5.351565
-5.368989
-5.390689
-5.429155
-5.453156
-5.483732
-5.511020
-5.523185
-5.547514
-5.576117
-5.592227
-5.627735
-5.647790
-5.652064
-5.675078
-5.690859
-5.701709
-5.705983
-5.728339
-5.735572
-5.730969
-5.737874
-5.740175
-5.737874
-5.720120
-5.729326
-5.719134
-5.692174
-5.693161
-5.677708
-5.657982
-5.641872
-5.621488
-5.598803
-5.570528
-5.546527
-5.526144
-5.487348
-5.461375
-5.434744
-5.416333
-5.391346
-5.356167
-5.340715
-5.320989
-5.295673
-5.254577
-5.244713
-5.228603
-5.212822
-5.197041
-5.168766
-5.173041
-5.164164
-5.155287
-5.135889
-5.135889
-5.136876
-5.152986
-5.149698
-5.165479
-5.167780
-5.178958
-5.201315
-5.207891
-5.226631
-5.253262
-5.259837
-5.284824
-5.319345
-5.346633
-5.364058
-5.393648
-5.424881
-5.452169
-5.480115
-5.501485
-5.530746
-5.537322
-5.571843
-5.602090
-5.619844
-5.645817
-5.663571
-5.674749
-5.687572
-5.690530
-5.718147
-5.726696
-5.732285
-5.736559
-5.741161
-5.727024
-5.730969
-5.726696
-5.730969
-5.721107
-5.703024
-5.679681
-5.666201
-5.662585
-5.645488
-5.621159
-5.597487
-5.578747
-5.541596
-5.527787
-5.504116
-5.480115
-5.441320
-5.428498
-5.401538
-5.376880
-5.350578
-5.307838
-5.297975
-5.275289
-5.252275
-5.236165
-5.217754
-5.202302
-5.181260
-5.167123
-5.164821
-5.159232
-5.150684
-5.134574
-5.150026
-5.152657
-5.157588
-5.147725
-5.175342
-5.178958
-5.195726
-5.199343
-5.231891
-5.242741
-5.267727
-5.291728
-5.314742
-5.338743
-5.352880
-5.390360
-5.412388
-5.447567
-5.474197
-5.498855
-5.517924
-5.551459
-5.576775
-5.596501
-5.619844
-5.641543
-5.659297
-5.661270
-5.683297
-5.706312
-5.716175
-5.724065
-5.731956
-5.737874
-5.740833
-5.742805
-5.728997
-5.723736
-5.729654
-5.705983
-5.711243
-5.695462
-5.680338
-5.667516
-5.647790
-5.610967
-5.605049
-5.583679
-5.560007
-5.535020
-5.502143
-5.483403
-5.451183
-5.430141
-5.401209
-5.382470
-5.353538
-5.328222
-5.299290
-5.276604
-5.260166
-5.228275
-5.219069
-5.199014
-5.181589
-5.176657
-5.168109
-5.161533
-5.151999
-5.147068
-5.134245
-5.140163
-5.146081
-5.150355
-5.168438
-5.171068
-5.196055
-5.210850
-5.228932
-5.238795
-5.268385
-5.284495
-5.301262
-5.332167
-5.361099
-5.373592
-5.415018
-5.441648
-5.468279
-5.493924
-5.521541
-5.548172
-5.558692
-5.582693
-5.600775
-5.634968
-5.656009
-5.675407
-5.682969
-5.702366
-5.711901
-5.722750
-5.730641
-5.723079
-5.741490
-5.736230
-5.741819
-5.723079
-5.730969
-5.716832
-5.706640
-5.702037
-5.682969
-5.668831
-5.636940
-5.627077
-5.609323
-5.585980
-5.562637
-5.538308
-5.497869
-5.486691
-5.463019
-5.438032
-5.404497
-5.385428
-5.356167
-5.331510
-5.304550
-5.284824
-5.263124
-5.224987
-5.222685
-5.198685
-5.185534
-5.179945
-5.168438
-5.161205
-5.153643
-5.145752
-5.137862
-5.136876
-5.156602
-5.162520
-5.165479
-5.178958
-5.192110
-5.209206
-5.225645
-5.234850
-5.255234
-5.284166
-5.307838
-5.333153
-5.358469
-5.384771
-5.409429
-5.436388
-5.464005
-5.487677
-5.514307
-5.542253
-5.549815
-5.583350
-5.605049
-5.620173
-5.651078
-5.664886
-5.687572
-5.687243
-5.705325
-5.715517
-5.716175
-5.733929
-5.737216
-5.727353
-5.740833
-5.726038
-5.732942
-5.722422
-5.707627
-5.701051
-5.672119
-5.657653
-5.637598
-5.620173
-5.612282
-5.590912
-5.552774
-5.538966
-5.518253
-5.486691
-5.462361
-5.439347
-5.414032
-5.389045
-5.359784
-5.336770
-5.313098
-5.281207
-5.264769
-5.242741
-5.220384
-5.210521
-5.195726
-5.182575
-5.171397
-5.161205
-5.153643
-5.147725
-5.135561
-5.151670
-5.154629
-5.151670
-5.152657
-5.170739
-5.192110
-5.204932
-5.221042
-5.240110
-5.242741
-5.276933
-5.296331
-5.327564
-5.353866
-5.367346
-5.402853
-5.428498
-5.451841
-5.483732
-5.509705
-5.536335
-5.562966
-5.584008
-5.609652
-5.616885
-5.637598
-5.666530
-5.682640
-5.699079
-5.711572
-5.721435
-5.729654
-5.736887
-5.732614
-5.726696
-5.742476
-5.740175
-5.731627
-5.726038
-5.714859
-5.689215
-5.689873
-5.674420
-5.659955
-5.638584
-5.615570
-5.595186
-5.556062
-5.547843
-5.523513
-5.498198
-5.472225
-5.442964
-5.402196
-5.380168
-5.369318
-5.343674
-5.301591
-5.275618
-5.269372
-5.246357
-5.225645
-5.213151
-5.197699
-5.179945
-5.172383
-5.162520
-5.143780
-5.153643
-5.151013
-5.151341
-5.145752
-5.143451
-5.153972
-5.178301
-5.190794
-5.201644
-5.218411
-5.233864
-5.257207
-5.279234
-5.301591
-5.324276
-5.346304
-5.374907
-5.401538
-5.413374
-5.454142
-5.479458
-5.496225
-5.532719
-5.552445
-5.571186
-5.606693
-5.628063
-5.647790
-5.665544
-5.678037
-5.696448
-5.707298
-5.720120
-5.728011
-5.723079
-5.738531
-5.737874
-5.742805
-5.732614
-5.733929
-5.712558
-5.718147
-5.696777
-5.691517
-5.680010
-5.657982
-5.636611
-5.620831
-5.584665
-5.574144
-5.551788
-5.526801
-5.501157
-5.471896
-5.447896
-5.425210
-5.398251
-5.370634
-5.342359
-5.321318
-5.282194
-5.270358
-5.238138
-5.226302
-5.213480
-5.180603
-5.183561
-5.171068
-5.150684
-5.143122
-5.149040
-5.132601
-5.150026
-5.145752
-5.142136
-5.164164
-5.160876
-5.186849
-5.200329
-5.213151
-5.234192
-5.254577
-5.275289
-5.296002
-5.318030
-5.344003
-5.368661
-5.389702
-5.415018
-5.449539
-5.477485
-5.502472
-5.520883
-5.551788
-5.580391
-5.598803
-5.608008
-5.635296
-5.655023
-5.679681
-5.695133
-5.691845
-5.712558
-5.724723
-5.732614
-5.731956
-5.741819
-5.742805
-5.739846
-5.735901
-5.729326
-5.703352
-5.711243
-5.681653
-5.682640
-5.662913
-5.637598
-5.625762
-5.588939
-5.564939
-5.547843
-5.530746
-5.498198
-5.480444
-5.440333
-5.423237
-5.389374
-5.377209
-5.332496
-5.316715
-5.301591
-5.277262
-5.256220
-5.224987
-5.203288
-5.201644
-5.187507
-5.176000
-5.166136
-5.159232
-5.138191
-5.151013
-5.150355
-5.152657
-5.150026
-5.149369
-5.171726
-5.183233
-5.196383
-5.213480
-5.231562
-5.248659
-5.254248
-5.287125
-5.315400
-5.324934
-5.366688
-5.380168
-5.415347
-5.434087
-5.471238
-5.494253
-5.525157
-5.538637
-5.574802
-5.584665
-5.619844
-5.640228
-5.660941
-5.675078
-5.692503
-5.702695
-5.712887
-5.717161
-5.728339
-5.723736
-5.741490
-5.742805
-5.738860
-5.736559
-5.730969
-5.723736
-5.712558
-5.699079
-5.683955
-5.654365
-5.649434
-5.612282
-5.606036
-5.584665
-5.552117
-5.532062
-5.510034
-5.480773
-5.460389
-5.433758
-5.391675
-5.372606
-5.340386
-5.330194
-5.301591
-5.280550
-5.258851
-5.239453
-5.203617
-5.189150
-5.181260
-5.166136
-5.164821
-5.151013
-5.146410
-5.137204
-5.136218
-5.153314
-5.157588
-5.153972
-5.163835
-5.183233
-5.192110
-5.199671
-5.224658
-5.245371
-5.249974
-5.284495
-5.311783
-5.335455
-5.353209
-5.371949
-5.411401
-5.439019
-5.466307
-5.495239
-5.521541
-5.546199
-5.569213
-5.593214
-5.614583
-5.634639
-5.656009
-5.674420
-5.688229
-5.701709
-5.713873
-5.724723
-5.732285
-5.737216
-5.729983
-5.741490
-5.739846
-5.724723
-5.733600
-5.724723
-5.704668
-5.689873
-5.685270
-5.669160
-5.646146
-5.633324
-5.608337
-5.588282
-5.563624
-5.525815
-5.515294
-5.484389
-5.464663
-5.434744
-5.396278
-5.385757
-5.361099
-5.331510
-5.311126
-5.277591
-5.258193
-5.243070
-5.223014
-5.204932
-5.191781
-5.170082
-5.152986
-5.158575
-5.156273
-5.153314
-5.150684
-5.140492
-5.154301
-5.160218
-5.152657
-5.180274
-5.189808
-5.207233
-5.222357
-5.242741
-5.262138
-5.266741
-5.304221
-5.332167
-5.355181
-5.382470
-5.408772
-5.435073
-5.464334
-5.487348
-5.515294
-5.530089
-5.561651
-5.577104
-5.613268
-5.630036
-5.638255
-5.670804
-5.678366
-5.696448
-5.703352
-5.704339
-5.725709
-5.720449
-5.724723
-5.742805
-5.735244
-5.738531
-5.728997
-5.725709
-5.715189
-5.704339
-5.673434
-5.673105
-5.656667
-5.631022
-5.606364
-5.585323
-5.555076
-5.544555
-5.519568
-5.477814
-5.452827
-5.429813
-5.414361
-5.388059
-5.361428
-5.339729
-5.298632
-5.289426
-5.248987
-5.247344
-5.227946
-5.211178
-5.191123
-5.178301
-5.171726
-5.148054
-5.153643
-5.152657
-5.133259
-5.135231
-5.146081
-5.159890
-5.169424
-5.174027
-5.177972
-5.205260
-5.218740
-5.240439
-5.260823
-5.278248
-5.300933
-5.327235
-5.351893
-5.359784
-5.404826
-5.427840
-5.458087
-5.480444
-5.495896
-5.534034
-5.560665
-5.586309
-5.609652
-5.629378
-5.648776
-5.668502
-5.675078
-5.683626
-5.710586
-5.720778
-5.718805
-5.727682
-5.732285
-5.743792
-5.743134
-5.724065
-5.726696
-5.727353
-5.718147
-5.695791
-5.685927
-5.676393
-5.641872
-5.625104
-5.604063
-5.583350
-5.571514
-5.550144
-5.523513
-5.497540
-5.473540
-5.447896
-5.422580
-5.396935
-5.369318
-5.342688
-5.316715
-5.292386
-5.272330
-5.237152
-5.213809
-5.212165
-5.196383
-5.182246
-5.169424
-5.165479
-5.150684
-5.145424
-5.137533
-5.142465
-5.152986
-5.158575
-5.166465
-5.175342
-5.186849
-5.200986
-5.218411
-5.235507
-5.255563
-5.267070
-5.297317
-5.320660
-5.342688
-5.369318
-5.399237
-5.422251
-5.440005
-5.463348
-5.505431
-5.533048
-5.542582
-5.574144
-5.603405
-5.625433
-5.646146
-5.656995
-5.665544
-5.697106
-5.692503
-5.717819
-5.726367
-5.734915
-5.737216
-5.740833
-5.735572
-5.739189
-5.722093
-5.727024
-5.710914
-5.705654
-5.681653
-5.679352
-5.658310
-5.625762
-5.622146
-5.600118
-5.562637
-5.551459
-5.526472
-5.498527
-5.476499
-5.451183
-5.424552
-5.396607
-5.373592
-5.346962
-5.322633
-5.287454
-5.269042
-5.253919
-5.231562
-5.214138
-5.198356
-5.186521
-5.175671
-5.157917
-5.147725
-5.145752
-5.148054
-5.149698
-5.148054
-5.156602
-5.152328
-5.166136
-5.185534
-5.200329
-5.202302
-5.235179
-5.249316
-5.255892
-5.289098
-5.302906
-5.345318
-5.370305
-5.395620
-5.420607
-5.447238
-5.475183
-5.501485
-5.527459
-5.553761
-5.561322
-5.593214
-5.614255
-5.644173
-5.660941
-5.679352
-5.678366
-5.706312
-5.713216
-5.724723
-5.733600
-5.740175
-5.738860
-5.740504
-5.740175
-5.736230
-5.731627
-5.711572
-5.704997
-5.693818
-5.673434
-5.666201
-5.645817
-5.625433
-5.604392
-5.579734
-5.556719
-5.532390
-5.508718
-5.475183
-5.456115
-5.430470
-5.402853
-5.375565
-5.335783
-5.327564
-5.285810
-5.276604
-5.253262
-5.235507
-5.219398
-5.203617
-5.189808
-5.169096
-5.155944
-5.158246
-5.153972
-5.152328
-5.151999
-5.151670
-5.154958
-5.162848
-5.162191
-5.185205
-5.192110
-5.208220
-5.226302
-5.242741
-5.259837
-5.292057
-5.297975
-5.338085
-5.361757
-5.389045
-5.416662
-5.429155
-5.471238
-5.497211
-5.514965
-5.546199
-5.568884
-5.594857
-5.605049
-5.639242
-5.658968
-5.675735
-5.689544
-5.703352
-5.716175
-5.722422
-5.733271
-5.722422
-5.739189
-5.740833
-5.728011
-5.737874
-5.731298
-5.705325
-5.705325
-5.700065
-5.681982
-5.668502
-5.650749
-5.615570
-5.590912
-5.577104
-5.553761
-5.520226
-5.512335
-5.486691
-5.459731
-5.434416
-5.409100
-5.368989
-5.356825
-5.327893
-5.304550
-5.274632
-5.258851
-5.238138
-5.224000
-5.207233
-5.186521
-5.171068
-5.167451
-5.158575
-5.139177
-5.141479
-5.147068
-5.142794
-5.155287
-5.160547
-5.154958
-5.181918
-5.176328
-5.206575
-5.217754
-5.244056
-5.264769
-5.285810
-5.296988
-5.333482
-5.359127
-5.377867
-5.397264
-5.436388
-5.458416
-5.483074
-5.510362
-5.542253
-5.568884
-5.590912
-5.616228
-5.618858
-5.654037
-5.672119
-5.680338
-5.699079
-5.711901
-5.720778
-5.726696
-5.735244
-5.741819
-5.743134
-5.740833
-5.721435
-5.731298
-5.716175
-5.710257
-5.702695
-5.680667
-5.667516
-5.645488
-5.627077
-5.596501
-5.577432
-5.562309
-5.541596
-5.514637
-5.490636
-5.464992
-5.440005
-5.412388
-5.389045
-5.362414
-5.335455
-5.295344
-5.273316
-5.258193
-5.244713
-5.213809
-5.206904
-5.187835
-5.178958
-5.171068
-5.163506
-5.140821
-5.151341
-5.147068
-5.147396
-5.153314
-5.160876
-5.170082
-5.175671
-5.192438
-5.203288
-5.221699
-5.242741
-5.255892
-5.282851
-5.303893
-5.327893
-5.354524
-5.376223
-5.407456
-5.431128
-5.451512
-5.483074
-5.505760
-5.540938
-5.564281
-5.584665
-5.606364
-5.632009
-5.637598
-5.667187
-5.676722
-5.685270
-5.711901
-5.720120
-5.728011
-5.728339
-5.730969
-5.743134
-5.742476
-5.738203
-5.719462
-5.726038
-5.717490
-5.705983
-5.689544
-5.674420
-5.655352
-5.637598
-5.616885
-5.591241
-5.553432
-5.539623
-5.509705
-5.479129
-5.454471
-5.441978
-5.417977
-5.389374
-5.361757
-5.338085
-5.300276
-5.292386
-5.269700
-5.244384
-5.227617
-5.202630
-5.188164
-5.178301
-5.168766
-5.163506
-5.139834
-5.148383
-5.150026
-5.151999
-5.155616
-5.160876
-5.166465
-5.176657
-5.176657
-5.204932
-5.219069
-5.239453
-5.257864
-5.278577
-5.301591
-5.326249
-5.351893
-5.377209
-5.387401
-5.422909
-5.440991
-5.474855
-5.510691
-5.535678
-5.552774
-5.584008
-5.598803
-5.626748
-5.648448
-5.651078
-5.676064
-5.681324
-5.697763
-5.720449
-5.714202
-5.735901
-5.739518
-5.741161
-5.734586
-5.732614
-5.734915
-5.718147
-5.719462
-5.707298
-5.678037
-5.678037
-5.660612
-5.640228
-5.605049
-5.598474
-5.573158
-5.549815
-5.522527
-5.498198
-5.475841
-5.447896
-5.412388
-5.390031
-5.368989
-5.344003
-5.320989
-5.294358
-5.272001
-5.248330
-5.230905
-5.213480
-5.196712
-5.178630
-5.172383
-5.157917
-5.153643
-5.148711
-5.136218
-5.150355
-5.154301
-5.142136
-5.165479
-5.170082
-5.183890
-5.202959
-5.216767
-5.230905
-5.235179
-5.265755
-5.297317
-5.306523
-5.345975
-5.370962
-5.391675
-5.424224
-5.449539
-5.478800
-5.505431
-5.528774
-5.547185
-5.578090
-5.603076
-5.624447
-5.630365
-5.663242
-5.678695
-5.693818
-5.693161
-5.714531
-5.711572
-5.735244
-5.737216
-5.725051
-5.738203
-5.729983
-5.737545
-5.727682
-5.719462
-5.708284
-5.678366
-5.680667
-5.660612
-5.645488
-5.622803
-5.597816
-5.575788
-5.552117
-5.525815
-5.489321
-5.477814
-5.452498
-5.426854
-5.402196
-5.360770
-5.347948
-5.312441
-5.282851
-5.276604
-5.245699
-5.235837
-5.203288
-5.200329
-5.170082
-5.175013
-5.165479
-5.158904
-5.154301
-5.151013
-5.150684
-5.148383
-5.151341
-5.163177
-5.175342
-5.169424
-5.199671
-5.210192
-5.230247
-5.238795
-5.265755
-5.293701
-5.317043
-5.340386
-5.362085
-5.393648
-5.413703
-5.440005
-5.474526
-5.500170
-5.525157
-5.550473
-5.560665
-5.585323
-5.621817
-5.636611
-5.656995
-5.669489
-5.676393
-5.706969
-5.716504
-5.708613
-5.732614
-5.736559
-5.742148
-5.744121
-5.742148
-5.735901
-5.730312
-5.720449
-5.711243
-5.698092
-5.668502
-5.667187
-5.644502
-5.627077
-5.605049
-5.582693
-5.555733
-5.531733
-5.508390
-5.481759
-5.454471
-5.423566
-5.407127
-5.381483
-5.354195
-5.311126
-5.295344
-5.280221
-5.258193
-5.238467
-5.216767
-5.202959
-5.184548
-5.169096
-5.164821
-5.160547
-5.154958
-5.151013
-5.142136
-5.151341
-5.156273
-5.151999
-5.158904
-5.178958
-5.192110
-5.210521
-5.229261
-5.232549
-5.268056
-5.274303
-5.309153
-5.321318
-5.362085
-5.383784
-5.416004
-5.442306
-5.462033
-5.495239
-5.521212
-5.529431
-5.556719
-5.592227
-5.616885
-5.636940
-5.645488
-5.667516
-5.691188
-5.703681
-5.715517
-5.723079
-5.727682
-5.734257
-5.735244
-5.742148
-5.741490
-5.736887
-5.721435
-5.723079
-5.713873
-5.701051
-5.671462
-5.669160
-5.650091
-5.631680
-5.609981
-5.578090
-5.563624
-5.537322
-5.512006
-5.486691
-5.462033
-5.434087
-5.411073
-5.371949
-5.358469
-5.332167
-5.307838
-5.286139
-5.262467
-5.241755
-5.221370
-5.200986
-5.191452
-5.178630
-5.164493
-5.157259
-5.154629
-5.143122
-5.143122
-5.152657
-5.152657
-5.147396
-5.156602
-5.175671
-5.176000
-5.208877
-5.219398
-5.240768
-5.245699
-5.279234
-5.308167
-5.331838
-5.357811
-5.382798
-5.400881
-5.429813
-5.456772
-5.490965
-5.517267
-5.543897
-5.566583
-5.586638
-5.603734
-5.632666
-5.648448
-5.655352
-5.686914
-5.701380
-5.705983
-5.719462
-5.731627
-5.724723
-5.727682
-5.742805
-5.737545
-5.736230
-5.717161
-5.726696
-5.713544
-5.703024
-5.680667
-5.663900
-5.650420
-5.631351
-5.606036
-5.576775
-5.558363
-5.540281
-5.516938
-5.476828
-5.452498
-5.439676
-5.414361
-5.389045
-5.358798
-5.336112
-5.314085
-5.288440
-5.266084
-5.244384
-5.209535
-5.208548
-5.193753
-5.181918
-5.171068
-5.157259
-5.147725
-5.143122
-5.133259
-5.150684
-5.155287
-5.144109
-5.165808
-5.163177
-5.190465
-5.188822
-5.209206
-5.238138
-5.259179
-5.281865
-5.305536
-5.329865
-5.355181
-5.364716
-5.389045
-5.432114
-5.458745
-5.487348
-5.507403
-5.537980
-5.559350
-5.571514
-5.609652
-5.624118
-5.644502
-5.662913
-5.682640
-5.698750
-5.704339
-5.722093
-5.718805
-5.732614
-5.739189
-5.740504
-5.724065
-5.731627
-5.734915
-5.709599
-5.700722
-5.704668
-5.690859
-5.674420
-5.657324
-5.629707
-5.599789
-5.590254
-5.570857
-5.529102
-5.519897
-5.497540
-5.469923
-5.445594
-5.416662
-5.389702
-5.367675
-5.342359
-5.306194
-5.278577
-5.269372
-5.247344
-5.224329
-5.212165
-5.197041
-5.182246
-5.171397
-5.163177
-5.156273
-5.153643
-5.151670
-5.150355
-5.145424
-5.156602
-5.166794
-5.166794
-5.185863
-5.200329
-5.215124
-5.236823
-5.241097
-5.269372
-5.291070
-5.323290
-5.333153
-5.371949
-5.390689
-5.428169
-5.453156
-5.482745
-5.503458
-5.532390
-5.544884
-5.575788
-5.605707
-5.612282
-5.633981
-5.657982
-5.674420
-5.692832
-5.702037
-5.719791
-5.727682
-5.716832
-5.738203
-5.738531
-5.742805
-5.740504
-5.736887
-5.724723
-5.718805
-5.690859
-5.693490
-5.678695
-5.651735
-5.625762
-5.619844
-5.599460
-5.560665
-5.545541
-5.518910
-5.493595
-5.473540
-5.448882
-5.418306
-5.395620
-5.368661
-5.344332
-5.307838
-5.296331
-5.272001
-5.252604
-5.233206
-5.204932
-5.194082
-5.182575
-5.174027
-5.163506
-5.155287
-5.152986
-5.147725
-5.150026
-5.137204
-5.141807
-5.152328
-5.168438
-5.188493
-5.195397
-5.216439
-5.232877
-5.253919
-5.273645
-5.283837
-5.300933
-5.344003
-5.365702
-5.392990
-5.423237
-5.450197
-5.463348
-5.501485
-5.527459
-5.554747
-5.572501
-5.601104
-5.623460
-5.644173
-5.662913
-5.668502
-5.682969
-5.708284
-5.705654
-5.718805
-5.733600
-5.737216
-5.742805
-5.742805
-5.726038
-5.734915
-5.724394
-5.718805
-5.707955
-5.694476
-5.667516
-5.660612
-5.626748
-5.623460
-5.601761
-5.574144
-5.545541
-5.518582
-5.502143
-5.480115
-5.439676
-5.416004
-5.402524
-5.374907
-5.350907
-5.323948
-5.299947
-5.272659
-5.253919
-5.236823
-5.218082
-5.186849
-5.183890
-5.175671
-5.167780
-5.160547
-5.145424
-5.149040
-5.134574
-5.152328
-5.155944
-5.156931
-5.172383
-5.176000
-5.197370
-5.199671
-5.230905
-5.232549
-5.253919
-5.283509
-5.315400
-5.339071
-5.362414
-5.393319
-5.419621
-5.429813
-5.463676
-5.493924
-5.513650
-5.551788
-5.565268
-5.580062
-5.613597
-5.637269
-5.652392
-5.673434
-5.690202
-5.701380
-5.713216
-5.715846
-5.725051
-5.736559
-5.738531
-5.742148
-5.736559
-5.737216
-5.731298
-5.724723
-5.712229
-5.682311
-5.682640
-5.662585
-5.644502
-5.627406
-5.606693
-5.583021
-5.559350
-5.516609
-5.508390
-5.485375
-5.455786
-5.427511
-5.404826
-5.380497
-5.353866
-5.329865
-5.304879
-5.280550
-5.259837
-5.237809
-5.218740
-5.204603
-5.190794
-5.173041
-5.167780
-5.158246
-5.153643
-5.143122
-5.145424
-5.152986
-5.155944
-5.162848
-5.171068
-5.182575
-5.193425
-5.203617
-5.228275
-5.227617
-5.261481
-5.287125
-5.310797
-5.332825
-5.360113
-5.384442
-5.395949
-5.438361
-5.451183
-5.495896
-5.521212
-5.528445
-5.569541
-5.578090
-5.609652
-5.630693
-5.657982
-5.675078
-5.689215
-5.695133
-5.714531
-5.724394
-5.733271
-5.731298
-5.740504
-5.739846
-5.741490
-5.729654
-5.733600
-5.723408
-5.714202
-5.693161
-5.679681
-5.666530
-5.651735
-5.631022
-5.608994
-5.586967
-5.552774
-5.538637
-5.514637
-5.488006
-5.462361
-5.421265
-5.409429
-5.384442
-5.344332
-5.320003
-5.309153
-5.284495
-5.247015
-5.224329
-5.224000
-5.205589
-5.185863
-5.176657
-5.161862
-5.157588
-5.140492
-5.151013
-5.151341
-5.151999
-5.154301
-5.159890
-5.166136
-5.181589
-5.194411
-5.208220
-5.224329
-5.242083
-5.245699
-5.280550
-5.298961
-5.314742
-5.353866
-5.375237
-5.409758
-5.436388
-5.459403
-5.489978
-5.513321
-5.522856
-5.565597
-5.583350
-5.605049
-5.633981
-5.651735
-5.655023
-5.670475
-5.700722
-5.698092
-5.723736
-5.730641
-5.721435
-5.739846
-5.741490
-5.742805
-5.738203
-5.734586
-5.725709
-5.714531
-5.702695
-5.690202
-5.675078
-5.656338
-5.635954
-5.614255
-5.580391
-5.568226
-5.543240
-5.509376
-5.484389
-5.467950
-5.433758
-5.409429
-5.383456
-5.366031
-5.339400
-5.307509
-5.289098
-5.265097
-5.246686
-5.227946
-5.202630
-5.181260
-5.181589
-5.170411
-5.163177
-5.156931
-5.145424
-5.140163
-5.150026
-5.136876
-5.157259
-5.166136
-5.170739
-5.184548
-5.186192
-5.221042
-5.238467
-5.260166
-5.278248
-5.288111
-5.311126
-5.349921
-5.362414
-5.396278
-5.431128
-5.441648
-5.481102
-5.510034
-5.527130
-5.562309
-5.586309
-5.601761
-5.630693
-5.643845
-5.668502
-5.683297
-5.698750
-5.711572
-5.717161
-5.723736
-5.734915
-5.723079
-5.728011
-5.741161
-5.731956
-5.733929
-5.727024
-5.702366
-5.706640
-5.691845
-5.661927
-5.643187
-5.634639
-5.618200
-5.578747
-5.569213
-5.548172
-5.522856
-5.488992
-5.469923
-5.433429
-5.414689
-5.380168
-5.368989
-5.331838
-5.302906
-5.293372
-5.267399
-5.233864
-5.229918
-5.205918
-5.197370
-5.180603
-5.165479
-5.161862
-5.158246
-5.152328
-5.142794
-5.150684
-5.150026
-5.154629
-5.168109
-5.162520
-5.187835
-5.187507
-5.218740
-5.236823
-5.256878
-5.276604
-5.298632
-5.314085
-5.345318
-5.365045
-5.401209
-5.425539
-5.453156
-5.462033
-5.490965
-5.531404
-5.554089
-5.581378
-5.600118
-5.624447
-5.642529
-5.664228
-5.670146
-5.681324
-5.706312
-5.719134
-5.728011
-5.723408
-5.725380
-5.743463
-5.741490
-5.736887
-5.735572
-5.729326
-5.721107
-5.698092
-5.695133
-5.671133
-5.660941
-5.642529
-5.604721
-5.594200
-5.573816
-5.552445
-5.511349
-5.502143
-5.462361
-5.443950
-5.417319
-5.382141
-5.359127
-5.346962
-5.321975
-5.297317
-5.273316
-5.248987
-5.230905
-5.199343
-5.200000
-5.186521
-5.168438
-5.151013
-5.156931
-5.149698
-5.149040
-5.137204
-5.151999
-5.142794
-5.149698
-5.174027
-5.186192
-5.201315
-5.199343
-5.234850
-5.238467
-5.263453
-5.290741
-5.317043
-5.343345
-5.369976
-5.390689
-5.421265
-5.447896
-5.475513
-5.502800
-5.528774
-5.549487
-5.561651
-5.600775
-5.614913
-5.642858
-5.655352
-5.679681
-5.694147
-5.706312
-5.717819
-5.723079
-5.731627
-5.731627
-5.740175
-5.741161
-5.740833
-5.728997
-5.715846
-5.718476
-5.696448
-5.695133
-5.667187
-5.661270
-5.646803
-5.627077
-5.604392
-5.565597
-5.555733
-5.515952
-5.505760
-5.481759
-5.456443
-5.421265
-5.395620
-5.375237
-5.334468
-5.310468
-5.302248
-5.274632
-5.254577
-5.233864
-5.211836
-5.204274
-5.187507
-5.171726
-5.166136
-5.151999
-5.150026
-5.151999
-5.143780
-5.151999
-5.153972
-5.161205
-5.169096
-5.184219
-5.198028
-5.206247
-5.230247
-5.249645
-5.268714
-5.291728
-5.301920
-5.321975
-5.363729
-5.389702
-5.411073
-5.444608
-5.469923
-5.490307
-5.514965
-5.530417
-5.567240
-5.596501
-5.620831
-5.640885
-5.647461
-5.676064
-5.684941
-5.701380
-5.715517
-5.726038
-5.732285
-5.729983
-5.728011
-5.741819
-5.741490
-5.739189
-5.720449
-5.707955
-5.711901
-5.696119
-5.681653
-5.665215
-5.641214
-5.622146
-5.605378
-5.581378
-5.559350
-5.537322
-5.511349
-5.482745
-5.451512
-5.434087
-5.405812
-5.383456
-5.344332
-5.320331
-5.304221
-5.282522
-5.256549
-5.234192
-5.218411
-5.205260
-5.182575
-5.176328
-5.151013
-5.158575
-5.156273
-5.136876
-5.151341
-5.151670
-5.140492
-5.160547
-5.157259
-5.182904
-5.195068
-5.208877
-5.224987
-5.245371
-5.250302
-5.285810
-5.311126
-5.334140
-5.359455
-5.386744
-5.405812
-5.441648
-5.466964
-5.477156
-5.514307
-5.539294
-5.567898
-5.578090
-5.613926
-5.636611
-5.651406
-5.669489
-5.672777
-5.704010
-5.712887
-5.724065
-5.731956
-5.736559
-5.740175
-5.744121
-5.741819
-5.737545
-5.720449
-5.723408
-5.710586
-5.702695
-5.687900
-5.661927
-5.638913
-5.631680
-5.596172
-5.588939
-5.563952
-5.526801
-5.508061
-5.488992
-5.456115
-5.438690
-5.412059
-5.388059
-5.343674
-5.330523
-5.302248
-5.286468
-5.259179
-5.229589
-5.208220
-5.207233
-5.175342
-5.180603
-5.171068
-5.159232
-5.139177
-5.147068
-5.132273
-5.150355
-5.150684
-5.160876
-5.157259
-5.172054
-5.191123
-5.191781
-5.223343
-5.243070
-5.262796
-5.282851
-5.305865
-5.311783
-5.354524
-5.381483
-5.402524
-5.434416
-5.456772
-5.484389
-5.496225
-5.536993
-5.554418
-5.571843
-5.596501
-5.616885
-5.650420
-5.669489
-5.679681
-5.701380
-5.712558
-5.721764
-5.729654
-5.735244
-5.739518
-5.743463
-5.726367
-5.722093
-5.731298
-5.710257
-5.715517
-5.704997
-5.689873
-5.672448
-5.656338
-5.626091
-5.615899
-5.594200
-5.556719
-5.536335
-5.518910
-5.485704
-5.468937
-5.441320
-5.417977
-5.391346
-5.363400
-5.323619
-5.297646
-5.288440
-5.268056
-5.247344
-5.219069
-5.204274
-5.196055
-5.181918
-5.157917
-5.159232
-5.152657
-5.143780
-5.150355
-5.143451
-5.155616
-5.145095
-5.163506
-5.176986
-5.181589
-5.197370
-5.221042
-5.231891
-5.258522
-5.272001
-5.300276
-5.317372
-5.351565
-5.364058
-5.403840
-5.421594
-5.448553
-5.483403
-5.510034
-5.532719
-5.556391
-5.579734
-5.604392
-5.628721
-5.640885
-5.660612
-5.683626
-5.681653
-5.709270
-5.719462
-5.727024
-5.735901
-5.736887
-5.743134
-5.740833
-5.739189
-5.729326
-5.720778
-5.711243
-5.706969
-5.685270
-5.674092
-5.659626
-5.639242
-5.611953
-5.582693
-5.573158
-5.543240
-5.523842
-5.486691
-5.462690
-5.441648
-5.420607
-5.394963
-5.369647
-5.337428
-5.305865
-5.287783
-5.272659
-5.234850
-5.230247
-5.198685
-5.195068
-5.185863
-5.171726
-5.163835
-5.139834
-5.153643
-5.146410
-5.146739
-5.154958
-5.158246
-5.162520
-5.175671
-5.187507
-5.197370
-5.213151
-5.224658
-5.251617
-5.274303
-5.281536
-5.306851
-5.329865
-5.372277
-5.397593
-5.417319
-5.445265
-5.479786
-5.497869
-5.530417
-5.555076
-5.580391
-5.602748
-5.609652
-5.629378
-5.662585
-5.680338
-5.677380
-5.704339
-5.708284
-5.728668
-5.735572
-5.739518
-5.741490
-5.741819
-5.740175
-5.722093
-5.730312
-5.720449
-5.702366
-5.689873
-5.677708
-5.662913
-5.642529
-5.621817
-5.599789
-5.573816
-5.551130
-5.523842
-5.502472
-5.477485
-5.450526
-5.420607
-5.399894
-5.375237
-5.340058
-5.324934
-5.281865
-5.268714
-5.254577
-5.234521
-5.218082
-5.195068
-5.187178
-5.174027
-5.150355
-5.158904
-5.140492
-5.151670
-5.151013
-5.152328
-5.156931
-5.160876
-5.172712
-5.186849
-5.200000
-5.211178
-5.232877
-5.251289
-5.265426
-5.287783
-5.310468
-5.337756
-5.363072
-5.390360
-5.419292
-5.434087
-5.472882
-5.499842
-5.525815
-5.536664
-5.574473
-5.596172
-5.620502
-5.641872
-5.661270
-5.676722
-5.685270
-5.697434
-5.716175
-5.727024
-5.733271
-5.722750
-5.730969
-5.742805
-5.742148
-5.723736
-5.729983
-5.717819
-5.701051
-5.696448
-5.684284
-5.667187
-5.641872
-5.624118
-5.599460
-5.582035
-5.555076
-5.517924
-5.490307
-5.479786
-5.440005
-5.430470
-5.405812
-5.380168
-5.348935
-5.312112
-5.302906
-5.277591
-5.257535
-5.220713
-5.202302
-5.202959
-5.189150
-5.163177
-5.167780
-5.155944
-5.155287
-5.140163
-5.134574
-5.148054
-5.156602
-5.150026
-5.173698
-5.182904
-5.196712
-5.212165
-5.220713
-5.230576
-5.261481
-5.282851
-5.308167
-5.337428
-5.363072
-5.385428
-5.416991
-5.432443
-5.461375
-5.478471
-5.521870
-5.548172
-5.568226
-5.595515
-5.617871
-5.638584
-5.647461
-5.676064
-5.688558
-5.704339
-5.715846
-5.713544
-5.730969
-5.738203
-5.737216
-5.743134
-5.726367
-5.732614
-5.723736
-5.723408
-5.702037
-5.701709
-5.681653
-5.664557
-5.649763
-5.613268
-5.609652
-5.587296
-5.561651
-5.523513
-5.511349
-5.479458
-5.461046
-5.422909
-5.406799
-5.383784
-5.348935
-5.331510
-5.306851
-5.284824
-5.247344
-5.241755
-5.207233
-5.204274
-5.183561
-5.174685
-5.169753
-5.151999
-5.151341
-5.146739
-5.132601
-5.146410
-5.152328
-5.161205
-5.157917
-5.180931
-5.193096
-5.209535
-5.218082
-5.245371
-5.264440
-5.283509
-5.292057
-5.331181
-5.357482
-5.384113
-5.409758
-5.421594
-5.462361
-5.483403
-5.515952
-5.531075
-5.567240
-5.591241
-5.596172
-5.631022
-5.647461
-5.674092
-5.688558
-5.688229
-5.712887
-5.706969
-5.728011
-5.730641
-5.742148
-5.743134
-5.742148
-5.730312
-5.721435
-5.720120
-5.714531
-5.692832
-5.679681
-5.664557
-5.653708
-5.619844
-5.608008
-5.589268
-5.566254
-5.536993
-5.506088
-5.492280
-5.452169
-5.433429
-5.411073
-5.387730
-5.361428
-5.337099
-5.313098
-5.289098
-5.258522
-5.242741
-5.208877
-5.197699
-5.194082
-5.182575
-5.163506
-5.143780
-5.154629
-5.152657
-5.137533
-5.136218
-5.151999
-5.144766
-5.161533
-5.179616
-5.192110
-5.205918
-5.222357
-5.229589
-5.259508
-5.266412
-5.304221
-5.330194
-5.350250
-5.380168
-5.406141
-5.432772
-5.460389
-5.470252
-5.511677
-5.538308
-5.561322
-5.577104
-5.604392
-5.616885
-5.652392
-5.670146
-5.684284
-5.690859
-5.711901
-5.717819
-5.730969
-5.722093
-5.739846
-5.742805
-5.742148
-5.738860
-5.734915
-5.723736
-5.716832
-5.687572
-5.674092
-5.668502
-5.655680
-5.635954
-5.616885
-5.594529
-5.566583
-5.544555
-5.517595
-5.495239
-5.470581
-5.444279
-5.405155
-5.389045
-5.360442
-5.342030
-5.310468
-5.290741
-5.268714
-5.248001
-5.228932
-5.211507
-5.197041
-5.183233
-5.172383
-5.153972
-5.156931
-5.148711
-5.133588
-5.149698
-5.149040
-5.153972
-5.161533
-5.178630
-5.186521
-5.186521
-5.219398
-5.236494
-5.257864
-5.277591
-5.302248
-5.326578
-5.336112
-5.358469
-5.398579
-5.419950
-5.458087
-5.479458
-5.508718
-5.518253
-5.557706
-5.582364
-5.599789
-5.628392
-5.648448
-5.666201
-5.682969
-5.688887
-5.706312
-5.718147
-5.725709
-5.735572
-5.725051
-5.724723
-5.743134
-5.741161
-5.720778
-5.728668
-5.700722
-5.707298
-5.694147
-5.677380
-5.652392
-5.625762
-5.619515
-5.595843
-5.566911
-5.547185
-5.518253
-5.492609
-5.473211
-5.447896
-5.423566
-5.397264
-5.365045
-5.331510
-5.320660
-5.294358
-5.273316
-5.252604
-5.230576
-5.211178
-5.191781
-5.184876
-5.174027
-5.162848
-5.153643
-5.154301
-5.151999
-5.135231
-5.153314
-5.157259
-5.164493
-5.169424
-5.185863
-5.191452
-5.216767
-5.234192
-5.238467
-5.275618
-5.294358
-5.306194
-5.343017
-5.359127
-5.398251
-5.425539
-5.440333
-5.475841
-5.503129
-5.519897
-5.538966
-5.579734
-5.602748
-5.623132
-5.643845
-5.660941
-5.676722
-5.682311
-5.706312
-5.719462
-5.724065
-5.718147
-5.734586
-5.728011
-5.728668
-5.741490
-5.736559
-5.725709
-5.720778
-5.710914
-5.685927
-5.682640
-5.661927
-5.643187
-5.623460
-5.602419
-5.578747
-5.549158
-5.516938
-5.499842
-5.478143
-5.452827
-5.428826
-5.395949
-5.375565
-5.349592
-5.323948
-5.293701
-5.278248
-5.256549
-5.231891
-5.217425
-5.187178
-5.187835
-5.176657
-5.166136
-5.159232
-5.153643
-5.134574
-5.151341
-5.151670
-5.154301
-5.164493
-5.169753
-5.184548
-5.198356
-5.209863
-5.215781
-5.242741
-5.268385
-5.292386
-5.315728
-5.340715
-5.350578
-5.393319
-5.402853
-5.444279
-5.471896
-5.485047
-5.517924
-5.551130
-5.575459
-5.597487
-5.620173
-5.641872
-5.660941
-5.678695
-5.689215
-5.706640
-5.700722
-5.722093
-5.730969
-5.724065
-5.738203
-5.731298
-5.741161
-5.721435
-5.731298
-5.722750
-5.712887
-5.699079
-5.665873
-5.650749
-5.635296
-5.621159
-5.589268
-5.582035
-5.559021
-5.531733
-5.491622
-5.481431
-5.458745
-5.425868
-5.404497
-5.380168
-5.336770
-5.312112
-5.301591
-5.282522
-5.259508
-5.227288
-5.215453
-5.203945
-5.188822
-5.175671
-5.169096
-5.148054
-5.153643
-5.142794
-5.148711
-5.151670
-5.142136
-5.151013
-5.170739
-5.183561
-5.181918
-5.213151
-5.224658
-5.247672
-5.264440
-5.284495
-5.311454
-5.336770
-5.358469
-5.386415
-5.411401
-5.437046
-5.463676
-5.493266
-5.507075
-5.542582
-5.568226
-5.593542
-5.616556
-5.636940
-5.658639
-5.674749
-5.674420
-5.703024
-5.697106
-5.716175
-5.732614
-5.727682
-5.738203
-5.741490
-5.732285
-5.736230
-5.731298
-5.724065
-5.713544
-5.701051
-5.686585
-5.670804
-5.652392
-5.629707
-5.595186
-5.573158
-5.561322
-5.537980
-5.512006
-5.489650
-5.464005
-5.436717
-5.410744
-5.384771
-5.357482
-5.335126
-5.310468
-5.284495
-5.262138
-5.241755
-5.224000
-5.192438
-5.192110
-5.173041
-5.168438
-5.152657
-5.150684
-5.152657
-5.143122
-5.150684
-5.154301
-5.152986
-5.168766
-5.181918
-5.194411
-5.202630
-5.223014
-5.242741
-5.260166
-5.277262
-5.308824
-5.331838
-5.357154
-5.378853
-5.409100
-5.435402
-5.463676
-5.490965
-5.501157
-5.540938
-5.562637
-5.586967
-5.613268
-5.625433
-5.636283
-5.656338
-5.675407
-5.700394
-5.714202
-5.724065
-5.730641
-5.732285
-5.741490
-5.728339
-5.742805
-5.739846
-5.731956
-5.726038
-5.715189
-5.699079
-5.674420
-5.674420
-5.654694
-5.631680
-5.612282
-5.591569
-5.551459
-5.536664
-5.504116
-5.477485
-5.448882
-5.437046
-5.414361
-5.382798
-5.364058
-5.320989
-5.311126
-5.286796
-5.262138
-5.245699
-5.227946
-5.203617
-5.194082
-5.180931
-5.170411
-5.154958
-5.148383
-5.152657
-5.134574
-5.137862
-5.153972
-5.143122
-5.168438
-5.179616
-5.191781
-5.204274
-5.215781
-5.224658
-5.260823
-5.282194
-5.304879
-5.323290
-5.352551
-5.362743
-5.398908
-5.429484
-5.450854
-5.468279
-5.511020
-5.529431
-5.560665
-5.571186
-5.605707
-5.629050
-5.650091
-5.668174
-5.684284
-5.699407
-5.709599
-5.721435
-5.727353
-5.735244
-5.733271
-5.729326
-5.739846
-5.731627
-5.727682
-5.713216
-5.716832
-5.706312
-5.685599
-5.677051
-5.658310
-5.637598
-5.617543
-5.593214
-5.565597
-5.548500
-5.522856
-5.495239
-5.458745
-5.445265
-5.419292
-5.391675
-5.361099
-5.338743
-5.307838
-5.293372
-5.264440
-5.250302
-5.230247
-5.196712
-5.185205
-5.183233
-5.165150
-5.164821
-5.156602
-5.146410
-5.146081
-5.150684
-5.149040
-5.158575
-5.165808
-5.173698
-5.188164
-5.202630
-5.209535
-5.238795
-5.255892
-5.278248
-5.299290
-5.322961
-5.345318
-5.374907
-5.392662
-5.423895
-5.453156
-5.480773
-5.503458
-5.533705
-5.554747
-5.583021
-5.602090
-5.618200
-5.646146
-5.664886
-5.683955
-5.696448
-5.693818
-5.718805
-5.709928
-5.732614
-5.736887
-5.744449
-5.743134
-5.739518
-5.721107
-5.729326
-5.720778
-5.709928
-5.680996
-5.679023
-5.661270
-5.643187
-5.623460
-5.600775
-5.568884
-5.544884
-5.512992
-5.490636
-5.471567
-5.440333
-5.426525
-5.386086
-5.372606
-5.347291
-5.316386
-5.291070
-5.269700
-5.253919
-5.231234
-5.216110
-5.200986
-5.173698
-5.167780
-5.166465
-5.151341
-5.145424
-5.144109
-5.149698
-5.152657
-5.153972
-5.163177
-5.169424
-5.185205
-5.191452
-5.200329
-5.229589
-5.243727
-5.257207
-5.284824
-5.311783
-5.335783
-5.355839
-5.392662
-5.419621
-5.446580
-5.468279
-5.502143
-5.512992
-5.553432
-5.577104
-5.600446
-5.622803
-5.643187
-5.663571
-5.680010
-5.687900
-5.703681
-5.717161
-5.726696
-5.716832
-5.737216
-5.742148
-5.738860
-5.735572
-5.721764
-5.727024
-5.722422
-5.704997
-5.693490
-5.680667
-5.663571
-5.631022
-5.625433
-5.603076
-5.578747
-5.542582
-5.528116
-5.505760
-5.470910
-5.448224
-5.428498
-5.398579
-5.365373
-5.336441
-5.320003
-5.303235
-5.278906
-5.248987
-5.233535
-5.217754
-5.201972
-5.171068
-5.161862
-5.165808
-5.151341
-5.138519
-5.152328
-5.149040
-5.137533
-5.138519
-5.163506
-5.173041
-5.170082
-5.192110
-5.214466
-5.230905
-5.248330
-5.251617
-5.290084
-5.316386
-5.340058
-5.361099
-5.388387
-5.415018
-5.441978
-5.464663
-5.500170
-5.510034
-5.532719
-5.557377
-5.596830
-5.612611
-5.624447
-5.660283
-5.668174
-5.691188
-5.704668
-5.712558
-5.726696
-5.733271
-5.736559
-5.731956
-5.742476
-5.739518
-5.731956
-5.732285
-5.721435
-5.710914
-5.698750
-5.685270
-5.669489
-5.651078
-5.627077
-5.603734
-5.582364
-5.559350
-5.534692
-5.494910
-5.477485
-5.459074
-5.416662
-5.406470
-5.382141
-5.341702
-5.318030
-5.306194
-5.267070
-5.259837
-5.237480
-5.207562
-5.203945
-5.182904
-5.177315
-5.161533
-5.152328
-5.140492
-5.152657
-5.150026
-5.151341
-5.138191
-5.162848
-5.172383
-5.182904
-5.181260
-5.193425
-5.227288
-5.244056
-5.266741
-5.289098
-5.310797
-5.335455
-5.359127
-5.387072
-5.404169
-5.441648
-5.468937
-5.492938
-5.519568
-5.532062
-5.569541
-5.586309
-5.598474
-5.634639
-5.655680
-5.671462
-5.690202
-5.704010
-5.703024
-5.710586
-5.716175
-5.720778
-5.730312
-5.742476
-5.739189
-5.737545
-5.725051
-5.724723
-5.706640
-5.684941
-5.684941
-5.672448
-5.650749
-5.628392
-5.606364
-5.588611
-5.550473
-5.534692
-5.515623
-5.473868
-5.464663
-5.435402
-5.414361
-5.387730
-5.345975
-5.327235
-5.301591
-5.286139
-5.263124
-5.238795
-5.224658
-5.200000
-5.192438
-5.172383
-5.154629
-5.160218
-5.157259
-5.152328
-5.150684
-5.143451
-5.155616
-5.161205
-5.158904
-5.173369
-5.192110
-5.193425
-5.224658
-5.243398
-5.261481
-5.282851
-5.288111
-5.330523
-5.346633
-5.365373
-5.401867
-5.436388
-5.462361
-5.486691
-5.515294
-5.540938
-5.551130
-5.581378
-5.611953
-5.631680
-5.651406
-5.657653
-5.684612
-5.697434
-5.712229
-5.722750
-5.730312
-5.737216
-5.740175
-5.743792
-5.727353
-5.733929
-5.716175
-5.725051
-5.715189
-5.704668
-5.676722
-5.657982
-5.654694
-5.625762
-5.614913
-5.594200
-5.555404
-5.538308
-5.518253
-5.491293
-5.452498
-5.442964
-5.417319
-5.383127
-5.353209
-5.337428
-5.313756
-5.287454
-5.268385
-5.246028
-5.223343
-5.193096
-5.195397
-5.176328
-5.169753
-5.164493
-5.156931
-5.143122
-5.151013
-5.143780
-5.154958
-5.145095
-5.166794
-5.174685
-5.185534
-5.205260
-5.204603
-5.235837
-5.256220
-5.279234
-5.287454
-5.323619
-5.352551
-5.359784
-5.403840
-5.414361
-5.448224
-5.484060
-5.507403
-5.533377
-5.560007
-5.583021
-5.606364
-5.625104
-5.634968
-5.664557
-5.670146
-5.696448
-5.709599
-5.706312
-5.713873
-5.736559
-5.740175
-5.743134
-5.741490
-5.732285
-5.734586
-5.725380
-5.704668
-5.706969
-5.692503
-5.678037
-5.645817
-5.641543
-5.619515
-5.583021
-5.570857
-5.546856
-5.522856
-5.481431
-5.472225
-5.448882
-5.418634
-5.385757
-5.362085
-5.343345
-5.320331
-5.281865
-5.272330
-5.232877
-5.215781
-5.209535
-5.200329
-5.177643
-5.173698
-5.161862
-5.153643
-5.152986
-5.144437
-5.151341
-5.147396
-5.157917
-5.164493
-5.176000
-5.187507
-5.203617
-5.200986
-5.228932
-5.242741
-5.275618
-5.296002
-5.322633
-5.346962
-5.372935
-5.398251
-5.417648
-5.439347
-5.480115
-5.498527
-5.530089
-5.555076
-5.580391
-5.603405
-5.618200
-5.645160
-5.664886
-5.664886
-5.695133
-5.703352
-5.708613
-5.728011
-5.735901
-5.738860
-5.736559
-5.743134
-5.726038
-5.737545
-5.729983
-5.721107
-5.701380
-5.687243
-5.677051
-5.662913
-5.644831
-5.623460
-5.584994
-5.576446
-5.545541
-5.529102
-5.499842
-5.460389
-5.450854
-5.421265
-5.396607
-5.373264
-5.349263
-5.323948
-5.283837
-5.261481
-5.253262
-5.233864
-5.218082
-5.183233
-5.187507
-5.173041
-5.164493
-5.142465
-5.154629
-5.136876
-5.151670
-5.152986
-5.157917
-5.150355
-5.174685
-5.183233
-5.192767
-5.215124
-5.221370
-5.251617
-5.254248
-5.277919
-5.303235
-5.335783
-5.352222
-5.386744
-5.421265
-5.448882
-5.476170
-5.500828
-5.524171
-5.544226
-5.568226
-5.601104
-5.619186
-5.639242
-5.646475
-5.678695
-5.687900
-5.703024
-5.715846
-5.719462
-5.732614
-5.739189
-5.735244
-5.743792
-5.742476
-5.733271
-5.731627
-5.713544
-5.701051
-5.690530
-5.675407
-5.665873
-5.641872
-5.623460
-5.594200
-5.581378
-5.543240
-5.526144
-5.508061
-5.481759
-5.455128
-5.427183
-5.398251
-5.374907
-5.349921
-5.326578
-5.288111
-5.279234
-5.244056
-5.238795
-5.221042
-5.195397
-5.179945
-5.176657
-5.153314
-5.161533
-5.147396
-5.151670
-5.150355
-5.148711
-5.152986
-5.165479
-5.170411
-5.179616
-5.197041
-5.212822
-5.216767
-5.239453
-5.262138
-5.283180
-5.310797
-5.336112
-5.364058
-5.390689
-5.403182
-5.444608
-5.470910
-5.496554
-5.506088
-5.537322
-5.573158
-5.597158
-5.618529
-5.633653
-5.643187
-5.675735
-5.676722
-5.705654
-5.702037
-5.724723
-5.728668
-5.722093
-5.727682
-5.739846
-5.728011
-5.733600
-5.726038
-5.723408
-5.704668
-5.702037
-5.685599
-5.668502
-5.648776
-5.629707
-5.605049
-5.581378
-5.561651
-5.537980
-5.493924
-5.486033
-5.452498
-5.435731
-5.409429
-5.378195
-5.353209
-5.327893
-5.291399
-5.280550
-5.262796
-5.237480
-5.222685
-5.205260
-5.189479
-5.176000
-5.170739
-5.152328
-5.154958
-5.151670
-5.149040
-5.137204
-5.153314
-5.162848
-5.163506
-5.180274
-5.181589
-5.205918
-5.217096
-5.246686
-5.261481
-5.277591
-5.307509
-5.334140
-5.344660
-5.385428
-5.399894
-5.437375
-5.464005
-5.491622
-5.514637
-5.544884
-5.568884
-5.591241
-5.609652
-5.631351
-5.654694
-5.662913
-5.689873
-5.694147
-5.713544
-5.718476
-5.715189
-5.737216
-5.734257
-5.734586
-5.736887
-5.737874
-5.731627
-5.726367
-5.716832
-5.693490
-5.677708
-5.663571
-5.654365
-5.631680
-5.598803
-5.585980
-5.565925
-5.526801
-5.515952
-5.475841
-5.460060
-5.436059
-5.410415
-5.385099
-5.357154
-5.336770
-5.312441
-5.288440
-5.250302
-5.228603
-5.225316
-5.208877
-5.184548
-5.174685
-5.171726
-5.161533
-5.155287
-5.137533
-5.143451
-5.148383
-5.154629
-5.145752
-5.153314
-5.178958
-5.178630
-5.200000
-5.208877
-5.241755
-5.245042
-5.277591
-5.303235
-5.329208
-5.354853
-5.367675
-5.391017
-5.433101
-5.460718
-5.480115
-5.500499
-5.537980
-5.563295
-5.571186
-5.604063
-5.614583
-5.652064
-5.671462
-5.680996
-5.690859
-5.709928
-5.722750
-5.730969
-5.722750
-5.739846
-5.742476
-5.742148
-5.731627
-5.735572
-5.727353
-5.718147
-5.703352
-5.690530
-5.676064
-5.642858
-5.626420
-5.613926
-5.594529
-5.566254
-5.542911
-5.520555
-5.496225
-5.470910
-5.438361
-5.410744
-5.391675
-5.366688
-5.342688
-5.315400
-5.292057
-5.268056
-5.248330
-5.222685
-5.198028
-5.196383
-5.178301
-5.171397
-5.163177
-5.152986
-5.138848
-5.149040
-5.151013
-5.138848
-5.159561
-5.165479
-5.178301
-5.190137
-5.205589
-5.217425
-5.236165
-5.256878
-5.278906
-5.300605
-5.321975
-5.350250
-5.360442
-5.393977
-5.429484
-5.457430
-5.483074
-5.494253
-5.533377
-5.559679
-5.583679
-5.605378
-5.629050
-5.648448
-5.666530
-5.678695
-5.697434
-5.710914
-5.705325
-5.728668
-5.735244
-5.738203
-5.739518
-5.741161
-5.736559
-5.734586
-5.710914
-5.712887
-5.705325
-5.694147
-5.679352
-5.655680
-5.624775
-5.615570
-5.597816
-5.571514
-5.534034
-5.515952
-5.499184
-5.471567
-5.435073
-5.418963
-5.391017
-5.372606
-5.346962
-5.302248
-5.293043
-5.255234
-5.243727
-5.231562
-5.200000
-5.181589
-5.185534
-5.174685
-5.165808
-5.157259
-5.154958
-5.151999
-5.135889
-5.153972
-5.157917
-5.162848
-5.173041
-5.187835
-5.200329
-5.202302
-5.219069
-5.254577
-5.274961
-5.290413
-5.313427
-5.345318
-5.368989
-5.393977
-5.426196
-5.451841
-5.477814
-5.503787
-5.512992
-5.544555
-5.580720
-5.598145
-5.611953
-5.633981
-5.658968
-5.667845
-5.688558
-5.708284
-5.711901
-5.727353
-5.721107
-5.732285
-5.728339
-5.729983
-5.742148
-5.735244
-5.729983
-5.718476
-5.706640
-5.698092
-5.677051
-5.650420
-5.627735
-5.622474
-5.602748
-5.578747
-5.555733
-5.530417
-5.501814
-5.464334
-5.451512
-5.426854
-5.386744
-5.374579
-5.349592
-5.324276
-5.282522
-5.272988
-5.253590
-5.218082
-5.213809
-5.195726
-5.172383
-5.165479
-5.164493
-5.156931
-5.139834
-5.149369
-5.136547
-5.147725
-5.158904
-5.166465
-5.157259
-5.170739
-5.198356
-5.199671
-5.221699
-5.246028
-5.263782
-5.283180
-5.314742
-5.340715
-5.352880
-5.393319
-5.412059
-5.445923
-5.470252
-5.499842
-5.510691
-5.550473
-5.567569
-5.598474
-5.620502
-5.639570
-5.658968
-5.675407
-5.686256
-5.706312
-5.712229
-5.725380
-5.719791
-5.723079
-5.742805
-5.744449
-5.739518
-5.735244
-5.730969
-5.711572
-5.699079
-5.698421
-5.671462
-5.658639
-5.647461
-5.628721
-5.607679
-5.584008
-5.559350
-5.521212
-5.506417
-5.483403
-5.456443
-5.433758
-5.406470
-5.377867
-5.342030
-5.312441
-5.303235
-5.266412
-5.243398
-5.238138
-5.216767
-5.203288
-5.190465
-5.177643
-5.168438
-5.145424
-5.155287
-5.151341
-5.151341
-5.149369
-5.140821
-5.148711
-5.171726
-5.176986
-5.193753
-5.205589
-5.228932
-5.245699
-5.267070
-5.273974
-5.306523
-5.337099
-5.362743
-5.386744
-5.411730
-5.440662
-5.468608
-5.494581
-5.518253
-5.547514
-5.553761
-5.592885
-5.617214
-5.637598
-5.658310
-5.675735
-5.689215
-5.687572
-5.715517
-5.716175
-5.726038
-5.737216
-5.737216
-5.741161
-5.740504
-5.737545
-5.731627
-5.721435
-5.712887
-5.682969
-5.674092
-5.665873
-5.651735
-5.632666
-5.610310
-5.587296
-5.557048
-5.537322
-5.509705
-5.488992
-5.463348
-5.422909
-5.407127
-5.384771
-5.358469
-5.334468
-5.295344
-5.272001
-5.263124
-5.239782
-5.223014
-5.206575
-5.186849
-5.178958
-5.153972
-5.145752
-5.142794
-5.144437
-5.136218
-5.148383
-5.147396
-5.157588
-5.155616
-5.180603
-5.192438
-5.210192
-5.224000
-5.231234
-5.264440
-5.277591
-5.306851
-5.329208
-5.356825
-5.378524
-5.410087
-5.437046
-5.465321
-5.488006
-5.515952
-5.535349
-5.559350
-5.589926
-5.613268
-5.631680
-5.654694
-5.656338
-5.675407
-5.686256
-5.714202
-5.724723
-5.727682
-5.731298
-5.740833
-5.731956
-5.726367
-5.739846
-5.733600
-5.727024
-5.703024
-5.692832
-5.672119
-5.667516
-5.643187
-5.627406
-5.612611
-5.588939
-5.563952
-5.543569
-5.515294
-5.475841
-5.462690
-5.440662
-5.401867
-5.380497
-5.365045
-5.339071
-5.308824
-5.288440
-5.265097
-5.244384
-5.227617
-5.201972
-5.179945
-5.179616
-5.162191
-5.153972
-5.140821
-5.152328
-5.151013
-5.151013
-5.146081
-5.160876
-5.169096
-5.175013
-5.183890
-5.202630
-5.215781
-5.231891
-5.261152
-5.282194
-5.304879
-5.326578
-5.352222
-5.378853
-5.406141
-5.430799
-5.459074
-5.485047
-5.510691
-5.519239
-5.560994
-5.586638
-5.609323
-5.620502
-5.650420
-5.665873
-5.683955
-5.697106
-5.707298
-5.720120
-5.729983
-5.728011
-5.741161
-5.731627
-5.743463
-5.735901
-5.735572
-5.727682
-5.699736
-5.705654
-5.685599
-5.675078
-5.658310
-5.636283
-5.612282
-5.595843
-5.570199
-5.545541
-5.520226
-5.480115
-5.469923
-5.444936
-5.417977
-5.394305
-5.360770
-5.327564
-5.300933
-5.291070
-5.262796
-5.234192
-5.223343
-5.208220
-5.188164
-5.183890
-5.172054
-5.164164
-5.146410
-5.137862
-5.146081
-5.150026
-5.153314
-5.146739
-5.168109
-5.175671
-5.187507
-5.203288
-5.218082
-5.237809
-5.258193
-5.278906
-5.299618
-5.323948
-5.334468
-5.374579
-5.391675
-5.420607
-5.452498
-5.477814
-5.504773
-5.528445
-5.557048
-5.583021
-5.606036
-5.620831
-5.647790
-5.658968
-5.683955
-5.698092
-5.708613
-5.707298
-5.727353
-5.730969
-5.740833
-5.734257
-5.740175
-5.734586
-5.731627
-5.713873
-5.717819
-5.709599
-5.679352
-5.679023
-5.656995
-5.634310
-5.622146
-5.601433
-5.577432
-5.552117
-5.523185
-5.492280
-5.474855
-5.449868
-5.424224
-5.382798
-5.371949
-5.335455
-5.303235
-5.296659
-5.273316
-5.253919
-5.228603
-5.214138
-5.186849
-5.187507
-5.175013
-5.158904
-5.155287
-5.153314
-5.142465
-5.151999
-5.138848
-5.159232
-5.163835
-5.162191
-5.180603
-5.193425
-5.218411
-5.235507
-5.253919
-5.273645
-5.296002
-5.320003
-5.344989
-5.368661
-5.392662
-5.418634
-5.431786
-5.472553
-5.490307
-5.522198
-5.554747
-5.562966
-5.600775
-5.614583
-5.636283
-5.651078
-5.673105
-5.677708
-5.698421
-5.717819
-5.718805
-5.731298
-5.724065
-5.743134
-5.740504
-5.738203
-5.733600
-5.714202
-5.720120
-5.706312
-5.695133
-5.678037
-5.663571
-5.646475
-5.624775
-5.602748
-5.578747
-5.555404
-5.515294
-5.501485
-5.479129
-5.447238
-5.411073
-5.385099
-5.370962
-5.349592
-5.323290
-5.300933
-5.274961
-5.239782
-5.233535
-5.202959
-5.200986
-5.189479
-5.172383
-5.162520
-5.158904
-5.145752
-5.152328
-5.136218
-5.153314
-5.153643
-5.164493
-5.173698
-5.186849
-5.189150
-5.211507
-5.216767
-5.248987
-5.270029
-5.291728
-5.312112
-5.339071
-5.365045
-5.381812
-5.417319
-5.427511
-5.455457
-5.497869
-5.513650
-5.548829
-5.572829
-5.597816
-5.620173
-5.640228
-5.660612
-5.664228
-5.673105
-5.703024
-5.714859
-5.725380
-5.719462
-5.739518
-5.740833
-5.743463
-5.742148
-5.738860
-5.725380
-5.709599
-5.704997
-5.697106
-5.685599
-5.669489
-5.647461
-5.611953
-5.591898
-5.583350
-5.560336
-5.536007
-5.511349
-5.485375
-5.458416
-5.433429
-5.404497
-5.382470
-5.343345
-5.331510
-5.303564
-5.280550
-5.256878
-5.229918
-5.205918
-5.200329
-5.190794
-5.177643
-5.150355
-5.161533
-5.147725
-5.152328
-5.149040
-5.151999
-5.156273
-5.154629
-5.172383
-5.182904
-5.192767
-5.210850
-5.227288
-5.246028
-5.264111
-5.289755
-5.312112
-5.332167
-5.360770
-5.378853
-5.406141
-5.441320
-5.452827
-5.487348
-5.510691
-5.542582
-5.562309
-5.584994
-5.616885
-5.624118
-5.655680
-5.674092
-5.689873
-5.699079
-5.707955
-5.725380
-5.731627
-5.722093
-5.741819
-5.744121
-5.725709
-5.738531
-5.724394
-5.708613
-5.710257
-5.702037
-5.680667
-5.671790
-5.645160
-5.618200
-5.606364
-5.586967
-5.563952
-5.533048
-5.502143
-5.484718
-5.446909
-5.427183
-5.396278
-5.386415
-5.360770
-5.328550
-5.309811
-5.285810
-5.253262
-5.243398
-5.214466
-5.206904
-5.186521
-5.178958
-5.167451
-5.158246
-5.155616
-5.152328
-5.149369
-5.150684
-5.154958
-5.162520
-5.153972
-5.181589
-5.193425
-5.206247
-5.224000
-5.235507
-5.246686
-5.285152
-5.304879
-5.329537
-5.355839
-5.380168
-5.408442
-5.428169
-5.462361
-5.485047
-5.514965
-5.532390
-5.558363
-5.590254
-5.594529
-5.632666
-5.645160
-5.653708
-5.688558
-5.700394
-5.713216
-5.720778
-5.724394
-5.735901
-5.728339
-5.744121
-5.729654
-5.738531
-5.731627
-5.722422
-5.716504
-5.705983
-5.680667
-5.674092
-5.656009
-5.636611
-5.609323
-5.579405
-5.568226
-5.545212
-5.518910
-5.477814
-5.461046
-5.439347
-5.403182
-5.392004
-5.348606
-5.335126
-5.305208
-5.281207
-5.251289
-5.247344
-5.227288
-5.206575
-5.194411
-5.181260
-5.164821
-5.163835
-5.148383
-5.135561
-5.132930
-5.146739
-5.154958
-5.160547
-5.152986
-5.168438
-5.190794
-5.204932
-5.222685
-5.232877
-5.255563
-5.279563
-5.303564
-5.322304
-5.345647
-5.377538
-5.400223
-5.418306
-5.457758
-5.475183
-5.511677
-5.535020
-5.561980
-5.577761
-5.604063
-5.628063
-5.650091
-5.670146
-5.668174
-5.689873
-5.702037
-5.702695
-5.729326
-5.722422
-5.725709
-5.743463
-5.724065
-5.731627
-5.733600
-5.729326
-5.720449
-5.704668
-5.691517
-5.675735
-5.659626
-5.640885
-5.620831
-5.597487
-5.572172
-5.547843
-5.509705
-5.496882
-5.471896
-5.444279
-5.409100
-5.379182
-5.368989
-5.326249
-5.317701
-5.295016
-5.264440
-5.242083
-5.230576
-5.212493
-5.198685
-5.184219
-5.166794
-5.148383
-5.149040
-5.151341
-5.151341
-5.152657
-5.153972
-5.153972
-5.157917
-5.174027
-5.173698
-5.203617
-5.218740
-5.217754
-5.249974
-5.273645
-5.291070
-5.307509
-5.347291
-5.370962
-5.398579
-5.425210
-5.452498
-5.480773
-5.489650
-5.514307
-5.548500
-5.580720
-5.603076
-5.626748
-5.648118
-5.665215
-5.680338
-5.678695
-5.695791
-5.716832
-5.721435
-5.727024
-5.724065
-5.740504
-5.742148
-5.739846
-5.737874
-5.723736
-5.703352
-5.708284
-5.687900
-5.666859
-5.650749
-5.632995
-5.621817
-5.585651
-5.575131
-5.553103
-5.511020
-5.493924
-5.460060
-5.433429
-5.420936
-5.398251
-5.365702
-5.347620
-5.308167
-5.290741
-5.259837
-5.253262
-5.233206
-5.217754
-5.202302
-5.181589
-5.168766
-5.166794
-5.151999
-5.155287
-5.149698
-5.143451
-5.151670
-5.151013
-5.162191
-5.161862
-5.188493
-5.201315
-5.198356
-5.228603
-5.238138
-5.272659
-5.295344
-5.315071
-5.337756
-5.368332
-5.394963
-5.413374
-5.437046
-5.460389
-5.502143
-5.514637
-5.539623
-5.562637
-5.600775
-5.622474
-5.642200
-5.654694
-5.663571
-5.692832
-5.705654
-5.710914
-5.716832
-5.729326
-5.737545
-5.741161
-5.728339
-5.742805
-5.735901
-5.729326
-5.721107
-5.706640
-5.681324
-5.677708
-5.667516
-5.646803
-5.625762
-5.597158
-5.581378
-5.541267
-5.519239
-5.499513
-5.479458
-5.452827
-5.426196
-5.404169
-5.364716
-5.349263
-5.316715
-5.301920
-5.279234
-5.249316
-5.237809
-5.220055
-5.187178
-5.173369
-5.175342
-5.164493
-5.160218
-5.155287
-5.136547
-5.150684
-5.152328
-5.138848
-5.163835
-5.169424
-5.185534
-5.181260
-5.203945
-5.224987
-5.237480
-5.258851
-5.291070
-5.312769
-5.335783
-5.362414
-5.386086
-5.412716
-5.443621
-5.470252
-5.495568
-5.520555
-5.532062
-5.573816
-5.597487
-5.619515
-5.637927
-5.656009
-5.676064
-5.692832
-5.702037
-5.716504
-5.715189
-5.726367
-5.737545
-5.724394
-5.735244
-5.742805
-5.722422
-5.718147
-5.723079
-5.696777
-5.702695
-5.685270
-5.668174
-5.650091
-5.614913
-5.608008
-5.586638
-5.562966
-5.536335
-5.503458
-5.486033
-5.453813
-5.436388
-5.408772
-5.367346
-5.356825
-5.329208
-5.307509
-5.284495
-5.247015
-5.241426
-5.222028
-5.204274
-5.190794
-5.177972
-5.157588
-5.160876
-5.147068
-5.150684
-5.150355
-5.150355
-5.149698
-5.152328
-5.169424
-5.177315
-5.194411
-5.209206
-5.227946
-5.238138
-5.257864
-5.277919
-5.307509
-5.334140
-5.350250
-5.385428
-5.402853
-5.438361
-5.464334
-5.483403
-5.510691
-5.544884
-5.569541
-5.591569
-5.613597
-5.635296
-5.651406
-5.674092
-5.685927
-5.702695
-5.695791
-5.723408
-5.731627
-5.734586
-5.743134
-5.743792
-5.738203
-5.739189
-5.733271
-5.726038
-5.716504
-5.688558
-5.688229
-5.671462
-5.638584
-5.631022
-5.612282
-5.588939
-5.565597
-5.536664
-5.513979
-5.488006
-5.457430
-5.433101
-5.396278
-5.372606
-5.362085
-5.320989
-5.312769
-5.287125
-5.265097
-5.243070
-5.210850
-5.206247
-5.179287
-5.174356
-5.171397
-5.153972
-5.148383
-5.146410
-5.147396
-5.149040
-5.150355
-5.161533
-5.164821
-5.179287
-5.186521
-5.207891
-5.222685
-5.226631
-5.256878
-5.281865
-5.305208
-5.331181
-5.356167
-5.373592
-5.398579
-5.434087
-5.459731
-5.484718
-5.512006
-5.522198
-5.556062
-5.584665
-5.607022
-5.614913
-5.653379
-5.667516
-5.683297
-5.698750
-5.712558
-5.722093
-5.727024
-5.737545
-5.741490
-5.742805
-5.741490
-5.739518
-5.722093
-5.727682
-5.716832
-5.704668
-5.689873
-5.674420
-5.657982
-5.637598
-5.613268
-5.588611
-5.569213
-5.544226
-5.505102
-5.480444
-5.466636
-5.440662
-5.400881
-5.377209
-5.365045
-5.336770
-5.314085
-5.284495
-5.268714
-5.247344
-5.220384
-5.212822
-5.196055
-5.182246
-5.169424
-5.163506
-5.157588
-5.152986
-5.144437
-5.143780
-5.137862
-5.159890
-5.167780
-5.176657
-5.173369
-5.205260
-5.220055
-5.231891
-5.256878
-5.278248
-5.298304
-5.326249
-5.348277
-5.375894
-5.400881
-5.429484
-5.449211
-5.467622
-5.508061
-5.534363
-5.558692
-5.584336
-5.599789
-5.624118
-5.641214
-5.655352
-5.674420
-5.696448
-5.710586
-5.710586
-5.728668
-5.735901
-5.734257
-5.732614
-5.741819
-5.736887
-5.735244
-5.713216
-5.707627
-5.706969
-5.693490
-5.675735
-5.646146
-5.640885
-5.615899
-5.589597
-5.572172
-5.550144
-5.525486
-5.499513
-5.471238
-5.447238
-5.421922
-5.397264
-5.370305
-5.345975
-5.315071
-5.294687
-5.267070
-5.251289
-5.233535
-5.207891
-5.181589
-5.184548
-5.170082
-5.161533
-5.155616
-5.137204
-5.151670
-5.149040
-5.144109
-5.158246
-5.165808
-5.168766
-5.180274
-5.200986
-5.200329
-5.233864
-5.236494
-5.274961
-5.297646
-5.312441
-5.341372
-5.370962
-5.398251
-5.425868
-5.451512
-5.478143
-5.486033
-5.527459
-5.554089
-5.568226
-5.594529
-5.612940
-5.636611
-5.658968
-5.674092
-5.688558
-5.707955
-5.711572
-5.726038
-5.734586
-5.723079
-5.731956
-5.736230
-5.741161
-5.722422
-5.727682
-5.706640
-5.710257
-5.689544
-5.681982
-5.662256
-5.644173
-5.623132
-5.592227
-5.575131
-5.546856
-5.520555
-5.499513
-5.477156
-5.444279
-5.409429
-5.402196
-5.371620
-5.349263
-5.324605
-5.293701
-5.268714
-5.247344
-5.234521
-5.213151
-5.200000
-5.187835
-5.176000
-5.165808
-5.156602
-5.138191
-5.149040
-5.142794
-5.137862
-5.158575
-5.163177
-5.172712
-5.176000
-5.182575
-5.213151
-5.231891
-5.251289
-5.271344
-5.290741
-5.308496
-5.342030
-5.360442
-5.394305
-5.421265
-5.433101
-5.466636
-5.486691
-5.517924
-5.547185
-5.568555
-5.598474
-5.620502
-5.639570
-5.657324
-5.677708
-5.693818
-5.689544
-5.717161
-5.725709
-5.734257
-5.736559
-5.743463
-5.744121
-5.740833
-5.719134
-5.715189
-5.719134
-5.712558
-5.685270
-5.683955
-5.662913
-5.640557
-5.627735
-5.604392
-5.571186
-5.550802
-5.532390
-5.491951
-5.482745
-5.455128
-5.429484
-5.405484
-5.379182
-5.352880
-5.328550
-5.301262
-5.273645
-5.259508
-5.235179
-5.219398
-5.203617
-5.190465
-5.179287
-5.166465
-5.158904
-5.148711
-5.143122
-5.142794
-5.137204
-5.145424
-5.155287
-5.154629
-5.181918
-5.180274
-5.199014
-5.211507
-5.248001
-5.254905
-5.289098
-5.309482
-5.333153
-5.363729
-5.381483
-5.413703
-5.435073
-5.467950
-5.494581
-5.522198
-5.543569
-5.566911
-5.594200
-5.608337
-5.637927
-5.654694
-5.675407
-5.689873
-5.701051
-5.714859
-5.723079
-5.733600
-5.738860
-5.738203
-5.740504
-5.725380
-5.736559
-5.730641
-5.709599
-5.714202
-5.700065
-5.685927
-5.662585
-5.652064
-5.617214
-5.608666
-5.585651
-5.562309
-5.536007
-5.506417
-5.488992
-5.449211
-5.436388
-5.398579
-5.379839
-5.354524
-5.333811
-5.307838
-5.284495
-5.260823
-5.238795
-5.223343
-5.206575
-5.192110
-5.179287
-5.168109
-5.160547
-5.154958
-5.147725
-5.138848
-5.135889
-5.153643
-5.158575
-5.170411
-5.180931
-5.178301
-5.192767
-5.226960
-5.239124
-5.254905
-5.287125
-5.299290
-5.332496
-5.350578
-5.379839
-5.409100
-5.435402
-5.465321
-5.475841
-5.501814
-5.536664
-5.565925
-5.588939
-5.614583
-5.635296
-5.647461
-5.672119
-5.674092
-5.684284
-5.714202
-5.709270
-5.714531
-5.733271
-5.738860
-5.742805
-5.743134
-5.735572
-5.719791
-5.718805
-5.713216
-5.699736
-5.682311
-5.674092
-5.656338
-5.632995
-5.612940
-5.579734
-5.563952
-5.542911
-5.513321
-5.485704
-5.465321
-5.432114
-5.414361
-5.372277
-5.362414
-5.323290
-5.311126
-5.284495
-5.265097
-5.246028
-5.223672
-5.195068
-5.178958
-5.180603
-5.169096
-5.162520
-5.157259
-5.153314
-5.151341
-5.135561
-5.151013
-5.158246
-5.156602
-5.178958
-5.192767
-5.204603
-5.222685
-5.239124
-5.262138
-5.282194
-5.305865
-5.329208
-5.351893
-5.379839
-5.389374
-5.435073
-5.460718
-5.486362
-5.510034
-5.538308
-5.555076
-5.580720
-5.609652
-5.630036
-5.647461
-5.667845
-5.685927
-5.692832
-5.708942
-5.716175
-5.730312
-5.734915
-5.723736
-5.739189
-5.744121
-5.740175
-5.719791
-5.710586
-5.716832
-5.702366
-5.678037
-5.677051
-5.659297
-5.635954
-5.614913
-5.595515
-5.554418
-5.538308
-5.514965
-5.495896
-5.459731
-5.443950
-5.420279
-5.392333
-5.368332
-5.342030
-5.317043
-5.277262
-5.269372
-5.250302
-5.215124
-5.212822
-5.192438
-5.182575
-5.164821
-5.149040
-5.157259
-5.153643
-5.147396
-5.149698
-5.136218
-5.161205
-5.168109
-5.178630
-5.184876
-5.202630
-5.204932
-5.223672
-5.254248
-5.271015
-5.296002
-5.324605
-5.349263
-5.373921
-5.398579
-5.428826
-5.441978
-5.478143
-5.505760
-5.525486
-5.545212
-5.583679
-5.590912
-5.627077
-5.632009
-5.658639
-5.682969
-5.694805
-5.710586
-5.720120
-5.728997
-5.720120
-5.740175
-5.736230
-5.743792
-5.739518
-5.718476
-5.716504
-5.718476
-5.709928
-5.688229
-5.664228
-5.652721
-5.642200
-5.619844
-5.585323
-5.563295
-5.536335
-5.523513
-5.501157
-5.472225
-5.451841
-5.426196
-5.398579
-5.364716
-5.346962
-5.321646
-5.295016
-5.272330
-5.244713
-5.231562
-5.214138
-5.191123
-5.185863
-5.158246
-5.166465
-5.158246
-5.137862
-5.149040
-5.141150
-5.153314
-5.157917
-5.166794
-5.156931
-5.184548
-5.185534
-5.217425
-5.218082
-5.251617
-5.274303
-5.296988
-5.320331
-5.344003
-5.368989
-5.392990
-5.422580
-5.432443
-5.476499
-5.494581
-5.527787
-5.540609
-5.578747
-5.597487
-5.623789
-5.638255
-5.665215
-5.681324
-5.695133
-5.705654
-5.711243
-5.725380
-5.721435
-5.741490
-5.738860
-5.742805
-5.741490
-5.720449
-5.728339
-5.723079
-5.709928
-5.693490
-5.673763
-5.657653
-5.643845
-5.622803
-5.593542
-5.572172
-5.554418
-5.531075
-5.490307
-5.463019
-5.443621
-5.427511
-5.401209
-5.376880
-5.343345
-5.309482
-5.294358
-5.278906
-5.250960
-5.235837
-5.212493
-5.199671
-5.189479
-5.176328
-5.166465
-5.155287
-5.151013
-5.151013
-5.152986
-5.147068
-5.145095
-5.160547
-5.160876
-5.179616
-5.199343
-5.212165
-5.229918
-5.248987
-5.254905
-5.274632
-5.299290
-5.337428
-5.349592
-5.391017
-5.401538
-5.444936
-5.471896
-5.491951
-5.509376
-5.550144
-5.571843
-5.597487
-5.619844
-5.641872
-5.654037
-5.667187
-5.686256
-5.698092
-5.717161
-5.722093
-5.734257
-5.732285
-5.740833
-5.736230
-5.731298
-5.737874
-5.730312
-5.724065
-5.695462
-5.698750
-5.685270
-5.669160
-5.650420
-5.629707
-5.607351
-5.565597
-5.559021
-5.536007
-5.510691
-5.485375
-5.459074
-5.421922
-5.394305
-5.366360
-5.352880
-5.315071
-5.301262
-5.274632
-5.259508
-5.238138
-5.220384
-5.204932
-5.182246
-5.164164
-5.167123
-5.155616
-5.154958
-5.144437
-5.151013
-5.150684
-5.156273
-5.158246
-5.165479
-5.183890
-5.195726
-5.210850
-5.223672
-5.246357
-5.265097
-5.289426
-5.311126
-5.335455
-5.360442
-5.387730
-5.399237
-5.441648
-5.468608
-5.495239
-5.520555
-5.544884
-5.552445
-5.586309
-5.615570
-5.635954
-5.638584
-5.673763
-5.690202
-5.703681
-5.716504
-5.725709
-5.732614
-5.735572
-5.741490
-5.736230
-5.740833
-5.735572
-5.732614
-5.725051
-5.706969
-5.686914
-5.686914
-5.672119
-5.652392
-5.629050
-5.607022
-5.588282
-5.556391
-5.536007
-5.512992
-5.488335
-5.456443
-5.437046
-5.397593
-5.384442
-5.356825
-5.333153
-5.303564
-5.286139
-5.264111
-5.244384
-5.225316
-5.207891
-5.192110
-5.164164
-5.170082
-5.163506
-5.155616
-5.137204
-5.134903
-5.147725
-5.154629
-5.161533
-5.164493
-5.176657
-5.194082
-5.208548
-5.208220
-5.240768
-5.262796
-5.281865
-5.289426
-5.312112
-5.355181
-5.378524
-5.407785
-5.437375
-5.462690
-5.485047
-5.515294
-5.541267
-5.556391
-5.588282
-5.612611
-5.631680
-5.649105
-5.670146
-5.686256
-5.698092
-5.712229
-5.722422
-5.729326
-5.734915
-5.742476
-5.743463
-5.741819
-5.739846
-5.733600
-5.724723
-5.715189
-5.689873
-5.691517
-5.674420
-5.639570
-5.635625
-5.603734
-5.592556
-5.569541
-5.541924
-5.513979
-5.489321
-5.465649
-5.442964
-5.417319
-5.390360
-5.351236
-5.337428
-5.312769
-5.280879
-5.267399
-5.245042
-5.227288
-5.207562
-5.193425
-5.175013
-5.170411
-5.164821
-5.157588
-5.138519
-5.150026
-5.151013
-5.148383
-5.161533
-5.169096
-5.174685
-5.189808
-5.197370
-5.224329
-5.242412
-5.245699
-5.280879
-5.296331
-5.324605
-5.353866
-5.367346
-5.405484
-5.416662
-5.449539
-5.485047
-5.510034
-5.532719
-5.557377
-5.577761
-5.597158
-5.614255
-5.650420
-5.655680
-5.684612
-5.695791
-5.703024
-5.719134
-5.729654
-5.723079
-5.738531
-5.738203
-5.732285
-5.739189
-5.728339
-5.726696
-5.719134
-5.703024
-5.692174
-5.676393
-5.641543
-5.638913
-5.619515
-5.597158
-5.568884
-5.542582
-5.521541
-5.490636
-5.472225
-5.446580
-5.419292
-5.393977
-5.366688
-5.344660
-5.321646
-5.297317
-5.257535
-5.236823
-5.231891
-5.215781
-5.202959
-5.191123
-5.166465
-5.171068
-5.164164
-5.158575
-5.142136
-5.151670
-5.161205
-5.168766
-5.160876
-5.189150
-5.200658
-5.213809
-5.226302
-5.250960
-5.250960
-5.288440
-5.295016
-5.334468
-5.355839
-5.380497
-5.402196
-5.424552
-5.434416
-5.467950
-5.492280
-5.508718
-5.530746
-5.549815
-5.566583
-5.576446
-5.590254
-5.596830
-5.606364
-5.616228
-5.621159
-5.614255
-5.612940
-5.620502
-5.613268
-5.616228
-5.610638
-5.604721
-5.597158
-5.582693
-5.576446
-5.564610
-5.547514
-5.544226
-5.517595
-5.522198
-5.512006
-5.500170
-5.483732
-5.481102
-5.468608
-5.467622
-5.459731
-5.450854
-5.440991
-5.428826
-5.440005
-5.438361
-5.433429
-5.424881
-5.429813
-5.427840
-5.409758
-5.428498
-5.415676
-5.425210
-5.425868
-5.429155
-5.429155
-5.421594
-5.433429
-5.416004
-5.434744
-5.435073
-5.436388
-5.437375
-5.426196
-5.440662
-5.432772
-5.430141
-5.438032
-5.442964
-5.442306
