4.200608
4.201923
4.201594
4.192718
4.193375
4.197649
4.196005
4.206526
4.201265
4.199622
4.199950
4.204882
4.200937
4.203238
4.200279
4.196662
4.200937
4.204882
4.200608
4.206526
4.200279
4.198635
4.200279
4.200608
4.199950
4.201265
4.196662
4.198635
4.207512
4.198635
4.196991
4.192389
4.200937
4.208169
4.203238
4.199293
4.201265
4.198964
4.205868
4.197978
4.201265
4.196334
4.192718
4.159511
4.099346
4.009262
3.920493
3.777805
3.607500
3.443771
3.281029
3.105135
2.987434
2.864801
2.765512
2.687593
2.622824
2.571864
2.535371
2.508082
2.503480
2.514000
2.548193
2.588961
2.660962
2.759265
2.866774
3.000256
3.162670
3.336591
3.480923
3.680817
3.916876
4.144716
4.402146
4.640507
4.863087
5.091256
5.329288
5.554828
5.754065
5.967768
6.105525
6.265967
6.428710
6.569755
6.684497
6.773266
6.832117
6.876502
6.919242
6.923516
6.927790
6.897214
6.865323
6.798253
6.708169
6.601974
6.476383
6.304762
6.164047
5.973358
5.746832
5.525238
5.291151
5.040625
4.831525
4.566204
4.316994
4.062523
3.829422
3.569363
3.371441
3.119601
2.876966
2.636961
2.404848
2.203967
2.057335
1.894921
1.761439
1.649656
1.552010
1.474091
1.436282
1.405707
1.400446
1.417542
1.455351
1.509599
1.583244
1.683191
1.806481
1.954429
2.127363
2.304243
2.453506
2.670168
2.895049
3.123546
3.380647
3.634460
3.855396
4.111510
4.385707
4.643466
4.925883
5.172134
5.369399
5.593294
5.811929
6.033195
6.215335
6.395175
6.516493
6.648003
6.760773
6.852501
6.923845
6.980394
6.999464
7.009326
7.008340
6.984340
6.931407
6.857761
6.772280
6.652277
6.510575
6.343557
6.170622
5.980262
5.753736
5.576198
5.347700
5.109339
4.849607
4.579684
4.382091
4.128606
3.884985
3.637090
3.388537
3.140642
2.899651
2.699757
2.464356
2.258215
2.073773
1.902811
1.763083
1.667081
1.562860
1.482311
1.430693
1.404720
1.400117
1.411953
1.441543
1.497434
1.583244
1.681876
1.783467
1.916948
2.077390
2.258873
2.447588
2.666551
2.846061
3.071929
3.317522
3.569034
3.841587
4.098688
4.313048
4.579355
4.857498
5.115585
5.354276
5.584746
5.753407
5.975001
6.173581
6.338955
6.502027
6.638468
6.734799
6.828829
6.908064
6.961326
6.991244
7.024121
7.017546
6.997491
6.949161
6.873214
6.776225
6.661154
6.527014
6.404381
6.217637
6.026290
5.801080
5.582116
5.360522
5.165559
4.917664
4.646425
4.402475
4.137155
3.894520
3.695283
3.443114
3.200479
2.954228
2.714223
2.474548
2.303586
2.112240
1.932072
1.786426
1.662807
1.567134
1.494804
1.437926
1.407022
1.400446
1.404063
1.431022
1.481982
1.558915
1.658862
1.771302
1.906428
2.034649
2.209228
2.393669
2.606057
2.839486
3.058449
3.260644
3.510841
3.786682
4.042468
4.313377
4.571794
4.781880
5.045228
5.288849
5.525896
5.750120
5.978289
6.131498
6.304762
6.474739
6.617098
6.728224
6.835076
6.902475
6.967243
7.007683
7.020833
7.030039
6.993217
6.947188
6.891625
6.811404
6.684168
6.553645
6.389586
6.218952
6.066730
5.855656
5.635049
5.413455
5.166217
4.921280
4.707906
4.443572
4.186800
3.953370
3.710078
3.456264
3.265905
3.011106
2.776033
2.530768
2.316408
2.118486
1.973169
1.821604
1.694369
1.589162
1.504996
1.439570
1.413926
1.389597
1.396830
1.426419
1.474091
1.547408
1.624998
1.733493
1.867304
2.027416
2.205282
2.390382
2.550823
2.778334
2.997955
3.245192
3.493416
3.776819
3.990850
4.255842
4.512614
4.778264
5.045886
5.280959
5.478881
5.692584
5.916480
6.108155
6.285365
6.461259
6.583234
6.701593
6.808116
6.881433
6.952120
6.993217
7.011299
7.021820
7.007683
6.980066
6.899845
6.807130
6.717046
6.593426
6.435286
6.258734
6.075606
5.867821
5.690283
5.475265
5.234931
4.983418
4.711522
4.449490
4.248609
4.003015
3.766627
3.513142
3.268535
3.024585
2.826993
2.589618
2.362765
2.168460
1.983032
1.834426
1.731521
1.626313
1.528339
1.459296
1.415570
1.400775
1.395514
1.415241
1.459954
1.526366
1.618751
1.733822
1.832783
1.987306
2.160898
2.338436
2.536357
2.764197
2.938118
3.185355
3.438840
3.701858
3.968494
4.230526
4.446531
4.707248
4.978487
5.222766
5.467374
5.686337
5.863875
6.071661
6.246569
6.414244
6.574028
6.695675
6.778198
6.868282
6.934695
6.982696
7.010642
7.022149
7.018861
6.986312
6.919900
6.838364
6.722306
6.593098
6.446793
6.307064
6.127882
5.931274
5.700803
5.479538
5.241835
5.040954
4.783524
4.514258
4.266034
4.015837
3.778134
3.568705
3.329687
3.086066
2.843431
2.603098
2.373286
2.211858
2.021498
1.859742
1.728562
1.618751
1.520777
1.467516
1.417871
1.399131
1.398474
1.417214
1.448118
1.508612
1.598039
1.707849
1.830810
1.987306
2.120130
2.294380
2.487370
2.711264
2.934501
3.176807
3.371441
3.629857
3.903068
4.157538
4.431407
4.689495
4.913390
5.161614
5.412797
5.638008
5.850725
6.061798
6.197253
6.373476
6.530959
6.668387
6.776554
6.877817
6.943572
6.981709
7.014258
7.021491
7.019847
6.987956
6.924831
6.858419
6.748279
6.623345
6.469478
6.308050
6.124265
5.973029
5.750777
5.534444
5.299370
5.052461
4.791086
4.574095
4.320939
4.077647
3.841258
3.596651
3.355989
3.163656
2.916090
2.670825
2.435095
2.228954
2.037279
1.898537
1.755521
1.636834
1.539846
1.474420
1.424447
1.404063
1.394857
1.404720
1.442200
1.506969
1.575025
1.683520
1.808453
1.951798
2.123747
2.297010
2.444629
2.661291
2.878939
3.106779
3.353030
3.609802
3.841258
4.097373
4.369597
4.632617
4.905170
5.151422
5.347371
5.586061
5.803052
6.022674
6.198568
6.371175
6.501698
6.640112
6.752224
6.848227
6.916283
6.969216
7.004724
7.017546
7.022149
6.995518
6.946202
6.864008
6.761759
6.657537
6.516493
6.358353
6.175225
5.988481
5.763599
5.583760
5.362166
5.116243
4.854210
4.579355
4.338035
4.136826
3.901095
3.649583
3.398072
3.152478
2.902610
2.721785
2.480794
2.269064
2.085609
1.910702
1.766699
1.672341
1.568120
1.484612
1.429707
1.397816
1.393542
1.394857
1.428392
1.484283
1.573709
1.675958
1.793330
1.907743
2.065883
2.240132
2.424245
2.642222
2.861842
3.041024
3.297467
3.553581
3.827121
4.088496
4.370255
4.570807
4.839744
5.088955
5.334878
5.577184
5.791216
5.971714
6.160101
6.331722
6.491506
6.629920
6.742362
6.824555
6.904119
6.969545
7.003080
7.021820
7.023464
7.003408
6.962969
6.886365
6.786746
6.667072
6.531288
6.391559
6.220596
6.038784
5.822779
5.599541
5.370386
5.167861
4.915691
4.645768
4.397543
4.149648
3.911287
3.712379
3.452319
3.211329
2.961461
2.726059
2.488027
2.319038
2.126706
1.943908
1.795960
1.671355
1.563189
1.489872
1.434967
1.399460
1.389597
1.405378
1.427077
1.474420
1.550695
1.650642
1.764727
1.901167
2.062595
2.200680
2.384135
2.594550
2.815157
3.043983
3.298125
3.490457
3.765969
4.031947
4.294637
4.553053
4.818045
5.037995
5.277671
5.509128
5.730393
5.965138
6.146950
6.288323
6.447450
6.596385
6.720005
6.821267
6.906091
6.952448
7.000778
7.021491
7.023464
7.006039
6.963298
6.904776
6.813048
6.697977
6.561864
6.404052
6.217308
6.076921
5.869136
5.643597
5.422003
5.177724
4.929500
4.721057
4.453106
4.203567
3.967179
3.715996
3.469744
3.274453
3.032147
2.787540
2.546549
2.325942
2.129665
1.985333
1.829824
1.702260
1.586860
1.491845
1.436282
1.402748
1.386966
1.394528
1.413597
1.467845
1.538531
1.617765
1.734479
1.865660
2.020841
2.194433
2.369340
2.528138
2.764526
2.992037
3.235658
3.484539
3.762024
3.972439
4.229540
4.494203
4.763140
5.032406
5.271753
5.457182
5.677461
5.901685
6.107497
6.285036
6.438902
6.562850
6.689429
6.795294
6.878803
6.958695
6.999135
7.024450
7.022478
7.021163
6.986970
6.903461
6.813705
6.726909
6.589152
6.433313
6.259062
6.080538
5.877684
5.702447
5.487429
5.239204
4.991638
4.723358
4.469216
4.268335
4.020440
3.780107
3.515773
3.273467
3.021955
2.841459
2.597837
2.374929
2.175364
1.986648
1.828180
1.730205
1.614477
1.526366
1.456995
1.420173
1.402090
1.397487
1.413597
1.455351
1.515517
1.612833
1.726260
1.827522
1.976456
2.153008
2.334162
2.535699
2.759265
2.937460
3.173520
3.422072
3.691338
3.966192
4.230197
4.436996
4.688508
4.960404
5.198437
5.461456
5.676803
5.855985
6.065414
6.236706
6.403395
6.558905
6.686141
6.774910
6.868940
6.941270
6.986312
7.013272
7.030039
7.022478
6.984011
6.924174
6.837049
6.731841
6.600002
6.481643
6.305420
6.128210
5.922069
5.713954
5.498279
5.254328
5.057393
4.799634
4.527409
4.279842
4.027673
3.786353
3.579883
3.339221
3.090340
2.855925
2.611975
2.386108
2.222379
2.031362
1.866317
1.733164
1.616779
1.522421
1.464886
1.418857
1.395186
1.392227
1.411624
1.441214
1.504667
1.598039
1.702588
1.826536
1.982046
2.112240
2.287805
2.477835
2.690552
2.913460
3.157081
3.358619
3.613090
3.892218
4.148991
4.419242
4.680618
4.897608
5.141887
5.388468
5.610062
5.841190
6.055223
6.196595
6.366572
6.523068
6.651948
6.775239
6.860063
6.929434
6.977436
7.008998
7.023793
7.011299
6.986641
6.930420
6.866967
6.763074
6.639126
6.494794
6.322187
6.142347
5.981905
5.760969
5.539047
5.303316
5.056077
4.798318
4.580341
4.332775
4.077975
3.845204
3.587774
3.348098
3.152478
2.907542
2.676414
2.432793
2.226653
2.037937
1.901825
1.760453
1.644396
1.542476
1.468173
1.419186
1.400117
1.394857
1.405378
1.438913
1.501051
1.572394
1.678259
1.798919
1.942593
2.108294
2.282215
2.467315
2.642551
2.868089
3.097902
3.348098
3.599281
3.874793
4.075016
4.355460
4.615191
4.896293
5.138928
5.391756
5.566992
5.785298
6.008207
6.195280
6.359668
6.520438
6.627290
6.738416
6.839350
6.918913
6.958366
6.995518
7.001107
7.016560
6.987298
6.942256
6.854802
6.753869
6.656880
6.526685
6.361969
6.186075
5.997687
5.770504
5.589678
5.367755
5.118545
4.875580
4.595794
4.354474
4.139785
3.903397
3.654844
3.411880
3.169245
2.924638
2.736909
2.489671
2.274654
2.083965
1.900181
1.765384
1.671355
1.567463
1.483954
1.427405
1.397158
1.396172
1.400117
1.426419
1.485598
1.564504
1.664780
1.787412
1.897222
2.058650
2.231256
2.412738
2.622167
2.857240
3.037079
3.286946
3.537143
3.820874
4.079619
4.345926
4.559300
4.828895
5.086982
5.330933
5.562718
5.730393
5.951658
6.142019
6.312324
6.483615
6.618742
6.739731
6.816993
6.892940
6.953106
6.994861
7.017217
7.018861
7.002751
6.960668
6.882091
6.793650
6.674634
6.538850
6.406682
6.230788
6.042071
5.822450
5.603815
5.381564
5.181340
4.937719
4.665823
4.411681
4.160826
3.918849
3.721585
3.466457
3.223822
2.973625
2.733950
2.491315
2.320682
2.129665
1.951141
1.804179
1.682205
1.578970
1.504338
1.438913
1.402419
1.391569
1.396172
1.426748
1.464228
1.535901
1.638478
1.759137
1.895249
2.055691
2.194104
2.370984
2.577125
2.799376
3.029188
3.282672
3.480923
3.747887
4.011234
4.281486
4.550094
4.821333
5.020570
5.257945
5.505512
5.720201
5.940480
6.131169
6.269912
6.445478
6.587837
6.707840
6.810747
6.891296
6.941270
6.984340
7.012943
7.020833
7.004395
6.961983
6.903790
6.806472
6.698963
6.566138
6.409313
6.236377
6.090401
5.886232
5.663981
5.441072
5.193505
4.948568
4.715139
4.464284
4.213759
3.969809
3.730133
3.477964
3.286946
3.040038
2.803978
2.556412
2.325285
2.129665
1.982374
1.828837
1.705547
1.603299
1.515188
1.448118
1.412282
1.394199
1.394528
1.415898
1.459296
1.535901
1.613162
1.728562
1.858098
2.010320
2.179309
2.360463
2.519261
2.747429
2.963104
3.209356
3.457251
3.732105
3.944822
4.203896
4.473819
4.744071
5.008734
5.252684
5.452250
5.673186
5.897082
6.095333
6.269912
6.437587
6.562521
6.680223
6.786746
6.874529
6.947845
6.993546
7.014587
7.024450
7.012286
6.972175
6.910365
6.814363
6.732169
6.606248
6.456985
6.284378
6.100922
5.896753
5.712311
5.489073
5.247095
5.001172
4.727304
4.475463
4.276555
4.029317
3.792929
3.539115
3.298453
3.050230
2.858883
2.615263
2.382491
2.178981
1.989279
1.827522
1.721000
1.614148
1.521106
1.460940
1.423789
1.407679
1.406693
1.410638
1.448447
1.515188
1.611190
1.724945
1.828180
1.973169
2.145117
2.318052
2.518275
2.746114
2.919378
3.158396
3.403661
3.666680
3.936274
4.188772
4.411023
4.663193
4.944623
5.194162
5.443045
5.664310
5.845793
6.049633
6.227500
6.402737
6.551672
6.678908
6.770965
6.852501
6.918256
6.979079
7.010971
7.027409
7.015574
6.982038
6.927790
6.838035
6.735128
6.610851
6.461259
6.313968
6.140375
5.942781
5.721516
5.513402
5.262547
5.065612
4.801606
4.528067
4.282801
4.035892
3.805422
3.591390
3.348427
3.105792
2.863158
2.626770
2.394984
2.237173
2.039252
1.869934
1.734479
1.617436
1.515845
1.462913
1.417542
1.405378
1.393871
1.412611
1.442200
1.492174
1.581929
1.694040
1.821604
1.972511
2.101719
2.272023
2.462712
2.685949
2.907871
3.150505
3.350399
3.601583
3.876766
4.136168
4.416284
4.667795
4.900239
5.137285
5.379591
5.604802
5.822779
6.033852
6.184760
6.351448
6.521096
6.656551
6.756827
6.852172
6.918585
6.980066
7.007683
7.023793
7.019518
6.984011
6.925818
6.853816
6.760444
6.644058
6.499725
6.335667
6.152211
6.006893
5.770504
5.549567
5.310548
5.066927
4.808511
4.590534
4.340994
4.088825
3.861971
3.604542
3.363222
3.166615
2.912802
2.681346
2.445616
2.237502
2.051417
1.913661
1.769001
1.649327
1.545435
1.465872
1.420501
1.404391
1.398145
1.402419
1.432337
1.488886
1.556942
1.661492
1.786426
1.934702
2.099417
2.273010
2.415369
2.639263
2.855267
3.085737
3.335605
3.591062
3.816929
4.076660
4.349214
4.605000
4.878211
5.131695
5.327316
5.548910
5.774778
5.997029
6.176869
6.348160
6.506958
6.623016
6.738416
6.834090
6.912667
6.972504
7.006039
7.018861
7.030039
6.996504
6.935352
6.860392
6.768334
6.677921
6.537863
6.373476
6.195280
6.009522
5.787271
5.615322
5.389454
5.132353
4.884129
4.620781
4.362036
4.158854
3.919835
3.673913
3.411223
3.168259
2.924967
2.734607
2.494274
2.283859
2.092842
1.918592
1.771960
1.682533
1.576997
1.493160
1.440228
1.404063
1.395843
1.400446
1.428721
1.482639
1.562860
1.668396
1.786097
1.894592
2.049773
2.225009
2.402875
2.616578
2.843760
3.034448
3.275768
3.523335
3.804436
4.056934
4.331460
4.544505
4.818703
5.068900
5.321727
5.556472
5.770175
5.950343
6.139718
6.308707
6.471780
6.611509
6.727895
6.811075
6.890310
6.957051
6.999464
7.020833
7.020176
7.006368
6.961983
6.886365
6.791020
6.673647
6.534904
6.412271
6.239665
6.051606
5.831656
5.618939
5.388468
5.197450
4.948568
4.676672
4.421873
4.167073
3.925424
3.729804
3.481909
3.245521
2.996311
2.756635
2.517288
2.340408
2.147747
1.965278
1.806152
1.682205
1.576011
1.504338
1.437598
1.401761
1.390583
1.396172
1.424118
1.461598
1.536887
1.635519
1.754206
1.891633
2.050759
2.190488
2.365724
2.569892
2.785896
3.010119
3.260644
3.459881
3.738024
3.991837
4.258143
4.525436
4.795689
5.002487
5.256958
5.494991
5.711653
5.935877
6.125251
6.270570
6.438902
6.583892
6.702579
6.804500
6.878474
6.940613
6.996833
7.014258
7.012943
7.001107
6.958366
6.903790
6.825212
6.708498
6.583892
6.420491
6.242952
6.101251
5.913520
5.682064
5.451921
5.219149
4.961390
4.744729
4.481052
4.229540
3.979343
3.733421
3.478950
3.248151
3.045627
2.814499
2.568248
2.338436
2.144131
1.956072
1.829166
1.710808
1.598367
1.506640
1.439570
1.405049
1.393871
1.396501
1.424118
1.469489
1.539188
1.612505
1.723959
1.849879
1.999470
2.176022
2.348628
2.504795
2.733621
2.952255
3.198178
3.456922
3.720270
3.939233
4.193704
4.459024
4.721057
4.991966
5.230985
5.432852
5.658063
5.887876
6.084483
6.268597
6.426738
6.550685
6.676278
6.785759
6.874857
6.945544
6.990915
7.012943
7.010971
7.014587
6.977436
6.911680
6.832117
6.736772
6.611180
6.459944
6.285036
6.106183
5.904315
5.678776
5.513073
5.270109
5.029447
4.756893
4.493874
4.293322
4.033920
3.800162
3.538458
3.300097
3.049901
2.817129
2.619537
2.392354
2.190488
2.006046
1.846591
1.715082
1.621710
1.523736
1.448118
1.408665
1.400775
1.395514
1.409652
1.450748
1.518147
1.608231
1.719685
1.821276
1.963305
2.136569
2.311147
2.495918
2.726059
2.902939
3.145903
3.401031
3.654844
3.926411
4.186142
4.398859
4.660891
4.939034
5.180354
5.423647
5.639323
5.822779
6.038126
6.217637
6.387285
6.543781
6.669702
6.758142
6.855460
6.934037
6.987628
7.020833
7.011299
7.013929
6.981709
6.926147
6.843295
6.738416
6.608221
6.468163
6.331393
6.158786
5.964809
5.744202
5.517019
5.283918
5.083037
4.829223
4.552396
4.297925
4.046084
3.805422
3.603555
3.365852
3.119930
2.882555
2.644195
2.415369
2.244735
2.052403
1.879468
1.742699
1.630587
1.528010
1.473434
1.429049
1.400446
1.396501
1.403405
1.425104
1.481653
1.575025
1.690753
1.818317
1.958374
2.090541
2.259530
2.453506
2.675099
2.902282
3.138998
3.341523
3.586459
3.866574
4.112496
4.392283
4.644781
4.918979
5.117229
5.360522
5.589020
5.823436
6.034838
6.211061
6.346517
6.507945
6.635839
6.756499
6.848556
6.922201
6.968230
7.002422
7.020833
7.018204
6.984668
6.928119
6.860720
6.767677
6.634852
6.504657
6.338955
6.164704
6.011167
5.792531
5.572910
5.340796
5.097503
4.841717
4.614863
4.365652
4.117428
3.870848
3.612432
3.371770
3.174177
2.932200
2.698442
2.463369
2.257886
2.059636
1.923195
1.776891
1.658533
1.556613
1.476393
1.422145
1.400117
1.394199
1.403405
1.437598
1.497763
1.587189
1.665108
1.787083
1.923524
2.085609
2.264133
2.447588
2.620523
2.848691
3.068969
3.322454
3.571335
3.854080
4.061865
4.321925
4.579355
4.855525
5.106051
5.358878
5.546937
5.762284
5.980919
6.169307
6.341585
6.506630
6.614797
6.731512
6.834090
6.913324
6.982367
7.004395
7.027409
7.021491
6.990586
6.941928
6.868282
6.774581
6.677921
6.547727
6.396490
6.218623
6.020043
5.801080
5.616966
5.400304
5.145175
4.899252
4.620123
4.371899
4.166087
3.927726
3.679502
3.428977
3.197191
2.944693
2.758936
2.515973
2.294380
2.096459
1.927469
1.779193
1.684177
1.579627
1.498092
1.435625
1.404720
1.395514
1.396830
1.426748
1.477050
1.556613
1.657218
1.778206
1.885386
2.050430
2.221392
2.400245
2.614605
2.827321
3.011106
3.260644
3.503279
3.784380
4.037208
4.317651
4.510642
4.789113
5.052132
5.295425
5.525238
5.750120
5.929302
6.128539
6.306735
6.465204
6.609208
6.727895
6.811404
6.903461
6.963627
7.008669
7.021491
7.022806
7.007025
6.962969
6.890967
6.811404
6.681867
6.554631
6.427724
6.251830
6.072319
5.853355
5.635377
5.403263
5.169505
4.965993
4.693440
4.439298
4.190745
3.942849
3.697913
3.491772
3.252425
3.005516
2.768142
2.518275
2.295038
2.145775
1.962977
1.812399
1.688451
1.581929
1.508941
1.446803
1.410638
1.398145
1.396501
1.420173
1.456338
1.529654
1.630587
1.749274
1.881441
2.031362
2.164186
2.340079
2.539316
2.774060
3.002557
3.254069
3.450675
3.721585
3.980330
4.250910
4.513929
4.788784
4.995583
5.237889
5.480854
5.702118
5.927329
6.122293
6.260049
6.428710
6.574358
6.700278
6.806801
6.891954
6.940613
6.992559
7.018204
7.018204
7.009326
6.969545
6.911352
6.825212
6.715731
6.586522
6.432655
6.256761
6.082510
5.908589
5.681735
5.459483
5.218163
4.975857
4.764455
4.494860
4.244006
3.984932
3.747229
3.495060
3.304371
3.060421
2.823376
2.584687
2.357504
2.164186
2.012621
1.850865
1.715082
1.603299
1.506311
1.441872
1.409652
1.392556
1.389597
1.411296
1.457653
1.532942
1.612176
1.723959
1.854153
2.004731
2.177665
2.345340
2.494931
2.724744
2.946666
3.189629
3.440155
3.711393
3.927726
4.183512
4.450476
4.718098
4.980788
5.231314
5.421345
5.645241
5.872753
6.088100
6.252816
6.418847
6.538850
6.668716
6.782801
6.872227
6.939955
6.988943
7.008340
7.017875
7.010313
6.972175
6.906091
6.825212
6.739402
6.613482
6.475396
6.296872
6.114073
5.917466
5.694886
5.517347
5.279973
5.033392
4.770373
4.503080
4.298911
4.047400
3.805422
3.551280
3.317194
3.067655
2.826006
2.632688
2.396300
2.194762
2.007690
1.851851
1.719685
1.628286
1.528996
1.456009
1.415241
1.402419
1.402748
1.419515
1.444831
1.508941
1.600011
1.712780
1.812727
1.957716
2.124075
2.300627
2.486055
2.704689
2.885514
3.124532
3.374071
3.632159
3.910630
4.171018
4.383406
4.644453
4.921280
5.168518
5.412468
5.635049
5.811272
6.030893
6.204815
6.378407
6.536877
6.665428
6.754197
6.849871
6.923845
6.978751
7.010313
7.018204
7.019518
6.984011
6.924831
6.841651
6.743019
6.620715
6.471780
6.338955
6.162403
5.975659
5.742558
5.519320
5.283589
5.076790
4.828237
4.563245
4.322254
4.066797
3.828107
3.623281
3.376044
3.133409
2.887158
2.652414
2.411423
2.251639
2.060622
1.895907
1.760781
1.648998
1.549052
1.483297
1.430693
1.407679
1.400446
1.405378
1.440228
1.488557
1.580285
1.682533
1.806481
1.954429
2.123089
2.257886
2.441670
2.657346
2.876966
3.109080
3.363222
3.567719
3.850135
4.103949
4.370913
4.629658
4.919965
5.106709
5.355919
5.578828
5.797134
6.018728
6.198568
6.339612
6.498410
6.637154
6.752553
6.848556
6.923516
6.978422
7.004066
7.020833
7.018204
6.988614
6.928119
6.866967
6.768663
6.649976
6.515835
6.353421
6.174567
6.025304
5.805354
5.583760
5.354604
5.101777
4.850594
4.631301
4.371570
4.119401
3.882355
3.620651
3.379989
3.187328
2.944036
2.714552
2.474548
2.267421
2.068842
1.932730
1.784124
1.669711
1.564833
1.485270
1.430364
1.409323
1.393542
1.400117
1.426419
1.481324
1.564833
1.652615
1.773932
1.920565
2.077390
2.247365
2.429177
2.611317
2.830938
3.058778
3.311604
3.558842
3.842902
4.042139
4.308774
4.572780
4.846320
5.098160
5.346056
5.535430
5.759983
5.973029
6.159444
6.338297
6.493808
6.604605
6.724279
6.825541
6.910365
6.970202
7.006368
7.018861
7.019847
7.003408
6.947517
6.876173
6.782801
6.688771
6.557590
6.395833
6.219281
6.032866
5.815875
5.642611
5.413784
5.170162
4.922595
4.648398
4.393598
4.188772
3.945151
3.698571
3.443442
3.199164
2.951597
2.776361
2.529782
2.310490
2.114870
1.938648
1.793659
1.686150
1.580285
1.489872
1.428721
1.396172
1.392227
1.398145
1.421488
1.474420
1.543134
1.643081
1.767686
1.876838
2.031362
2.207584
2.387423
2.599481
2.821732
2.998283
3.256699
3.499991
3.776161
4.030303
4.296610
4.502422
4.771359
5.028789
5.278329
5.518991
5.740256
5.922726
6.117361
6.284378
6.456985
6.596714
6.707511
6.800226
6.896557
6.965600
7.001436
7.017217
7.026094
7.015902
6.964613
6.893598
6.797925
6.691401
6.563179
6.400764
6.267611
6.081853
5.872753
5.640966
5.424633
5.175422
4.983418
4.709221
4.452777
4.201923
3.957315
3.709091
3.501964
3.270836
3.015380
2.784909
2.541946
2.322326
2.164515
1.974484
1.818974
1.693383
1.590806
1.504996
1.452721
1.411296
1.395514
1.398474
1.425104
1.464557
1.530969
1.624012
1.738425
1.867961
2.032348
2.179309
2.341723
2.543919
2.771759
2.986448
3.248151
3.430620
3.703502
3.968494
4.231513
4.497490
4.768729
4.979473
5.220464
5.463100
5.680091
5.903328
6.103881
6.259062
6.420820
6.575015
6.688114
6.800883
6.884721
6.945873
6.993217
7.004066
7.015574
7.002751
6.962969
6.894584
6.815678
6.719018
6.595728
6.443834
6.265967
6.080867
5.921082
5.692584
5.473292
5.235259
4.981446
4.717440
4.517875
4.259459
4.008604
3.766627
3.508211
3.269192
3.067655
2.834225
2.597180
2.372628
2.179967
1.990265
1.864345
1.726589
1.615135
1.516174
1.447132
1.410309
1.396501
1.398802
1.414912
1.454694
1.522750
1.600669
1.717054
1.841002
1.984676
2.152350
2.327586
2.487699
2.713895
2.934830
3.169574
3.420099
3.689365
3.907999
4.167073
4.437325
4.705605
4.967309
5.216519
5.404578
5.630774
5.853683
6.065743
6.252816
6.414573
6.538850
6.658524
6.762088
6.858090
6.928119
6.982696
7.020176
7.018204
7.015574
6.980723
6.913324
6.827843
6.727895
6.621372
6.481643
6.304762
6.124922
5.928973
5.704749
5.532471
5.300028
5.053776
4.794702
4.522149
4.268335
4.069098
3.836656
3.575938
3.334290
3.084751
2.843431
2.652743
2.417341
2.212187
2.019526
1.860399
1.730534
1.640122
1.543791
1.464886
1.417542
1.395186
1.393542
1.409652
1.448776
1.506969
1.592121
1.703904
1.825878
1.943250
2.115527
2.288791
2.476849
2.695483
2.919707
3.110066
3.371441
3.631830
3.903068
4.159840
4.424503
4.626698
4.901882
5.150107
5.397345
5.627816
5.843492
6.025632
6.196267
6.372490
6.528658
6.655565
6.769650
6.846254
6.920557
6.984997
7.018204
7.020833
7.012943
6.992888
6.938640
6.860063
6.754855
6.631564
6.493479
6.357038
6.188376
5.993742
5.763599
5.541348
5.297398
5.095201
4.843360
4.573109
4.320282
4.067783
3.829422
3.621638
3.393140
3.147547
2.905569
2.673127
2.435752
2.260845
2.070157
1.896565
1.761110
1.643081
1.541490
1.473105
1.420173
1.395514
1.392227
1.402748
1.435296
1.485927
1.570093
1.684835
1.803851
1.947196
2.111582
2.256242
2.434437
2.652743
2.873678
3.112368
3.369797
3.561143
3.840272
4.097044
4.369269
4.624726
4.898266
5.097832
5.341782
5.573239
5.786613
6.012482
6.191664
6.333694
6.496767
6.631564
6.748937
6.845597
6.917927
6.966257
7.003737
7.020833
7.021820
6.990915
6.937654
6.877817
6.782801
6.660825
6.521425
6.363613
6.184760
6.036153
5.819162
5.599212
5.367098
5.124463
4.856512
4.639521
4.385707
4.130579
3.890246
3.641035
3.392154
3.204424
2.959159
2.723758
2.475863
2.269064
2.082321
1.938319
1.792672
1.669711
1.561874
1.477708
1.422474
1.406035
1.397816
1.402748
1.431022
1.487242
1.570093
1.656889
1.771302
1.907085
2.064568
2.240461
2.422601
2.592577
2.817458
3.042996
3.286618
3.540431
3.828107
4.036221
4.305158
4.562259
4.828237
5.070872
5.323371
5.519320
5.739928
5.959220
6.148923
6.318242
6.485588
6.598029
6.723950
6.820610
6.899187
6.964284
7.000450
7.029382
7.021820
7.000121
6.954093
6.884721
6.790034
6.695675
6.564823
6.406025
6.225527
6.040099
5.825738
5.645569
5.419044
5.177724
4.926212
4.649055
4.393269
4.192389
3.948767
3.704817
3.454621
3.213630
2.967050
2.780635
2.538987
2.320682
2.125062
1.939634
1.791357
1.692725
1.585217
1.502366
1.446146
1.408337
1.394528
1.397816
1.422474
1.467516
1.545764
1.646039
1.761110
1.867633
2.018868
2.195748
2.380190
2.582057
2.805951
2.983817
3.235658
3.479936
3.753805
4.015508
4.289377
4.492230
4.760839
5.027474
5.270109
5.513731
5.731380
5.914835
6.111443
6.278460
6.461588
6.607235
6.713758
6.797596
6.884392
6.963627
6.993874
7.020505
7.028724
7.008011
6.970202
6.901488
6.813377
6.705210
6.565481
6.448437
6.264323
6.087442
5.883602
5.665296
5.433510
5.241835
4.991966
4.722372
4.458695
4.211457
3.962247
3.767613
3.506238
3.269192
3.022613
2.789184
2.553124
2.381176
2.177008
1.986977
1.827522
1.697328
1.587518
1.516832
1.452721
1.413926
1.396172
1.401104
1.418857
1.457653
1.531298
1.620067
1.737438
1.866646
2.024128
2.154651
2.333833
2.527809
2.757950
2.982502
3.225466
3.421743
3.689694
3.956329
4.216060
4.484011
4.746044
4.959089
5.202382
5.452908
5.671871
5.903657
6.098949
6.246569
6.414244
6.558905
6.682853
6.794965
6.884063
6.946202
6.988285
7.015244
7.018204
7.008998
6.971846
6.918913
6.843295
6.727895
6.600988
6.455012
6.274515
6.089744
5.936863
5.712311
5.482169
5.257616
5.004460
4.737824
4.524779
4.272281
4.018138
3.775504
3.514786
3.276426
3.074559
2.843431
2.600139
2.372299
2.179638
1.992237
1.862043
1.730863
1.614806
1.517818
1.454694
1.413268
1.395186
1.396172
1.412940
1.452721
1.520120
1.618423
1.706534
1.837385
1.989279
2.155638
2.329230
2.481452
2.698113
2.922994
3.161355
3.408921
3.670954
3.890903
4.146360
4.424174
4.673056
4.952514
5.195807
5.392085
5.614994
5.835930
6.045359
6.229802
6.401422
6.553316
6.654250
6.770636
6.865652
6.940613
6.991244
7.017546
7.023793
7.025436
6.984997
6.933708
6.840994
6.733813
6.631893
6.489533
6.325804
6.146622
5.951987
5.721188
5.546279
5.310548
5.063639
4.808182
4.541875
4.289048
4.093099
3.846848
3.579226
3.334619
3.088696
2.848363
2.661291
2.426547
2.221064
2.029060
1.860728
1.731521
1.638807
1.538531
1.459296
1.409323
1.390254
1.389268
1.399131
1.436940
1.497763
1.593107
1.697328
1.801549
1.940949
2.107966
2.279914
2.468301
2.692853
2.914446
3.100861
3.347769
3.603555
3.883341
4.152278
4.416941
4.622425
4.898266
5.140244
5.388139
5.616637
5.789573
6.005249
6.188376
6.354736
6.519452
6.651291
6.762088
6.834747
6.917270
6.966915
7.008011
7.033985
7.021491
6.995189
6.936338
6.855131
6.767677
6.641756
6.500054
6.368216
6.180157
5.989796
5.768860
5.553184
5.309891
5.110654
4.856841
4.588232
4.350200
4.092770
3.855396
3.643666
3.395770
3.150177
2.911487
2.667209
2.437725
2.268407
2.081664
1.903798
1.762754
1.648998
1.549052
1.486256
1.428721
1.405378
1.396172
1.400446
1.434967
1.478037
1.562531
1.666423
1.793001
1.932072
2.098431
2.238817
2.418327
2.639592
2.861185
3.082120
3.339221
3.542403
3.823176
4.075345
4.351186
4.604013
4.878540
5.079421
5.328302
5.562389
5.781682
6.006235
6.180814
6.324818
6.492164
6.626304
6.746306
6.837706
6.917270
6.963627
7.004066
7.021163
7.020833
6.983353
6.947845
6.882420
6.781814
6.678579
6.536548
6.368216
6.188047
6.040428
5.820806
5.598884
5.383865
5.126435
4.873937
4.654973
4.398530
4.142744
3.905698
3.643994
3.403661
3.209685
2.966392
2.732635
2.496247
2.280243
2.086924
1.947853
1.791028
1.669711
1.568449
1.484941
1.430693
1.405378
1.393213
1.394857
1.425762
1.487571
1.570093
1.643409
1.757165
1.892619
2.050430
2.237502
2.416355
2.585015
2.806937
3.029517
3.282015
3.534513
3.816929
4.020440
4.283459
4.546149
4.811799
5.065612
5.312192
5.508471
5.732366
5.955604
6.135115
6.315940
6.488547
6.593426
6.718689
6.816336
6.901817
6.965271
7.002751
7.020176
7.022149
6.993217
6.956723
6.886693
6.795294
6.701922
6.571070
6.423779
6.236048
6.061798
5.840533
5.658063
5.431538
5.182655
4.933444
4.655631
4.404777
4.204882
3.958631
3.721585
3.471388
3.231712
2.982502
2.796417
2.548850
2.327915
2.137555
1.949497
1.804837
1.699630
1.597052
1.504010
1.439570
1.408665
1.395843
1.395186
1.416556
1.472776
1.546093
1.643081
1.760781
1.863358
2.014923
2.187529
2.367368
2.563645
2.782608
2.963762
3.211657
3.460210
3.740983
4.004988
4.272938
4.471846
4.740126
5.001830
5.255972
5.497292
5.716256
5.895109
6.099936
6.264323
6.441533
6.589152
6.706854
6.791677
6.874857
6.945544
6.993217
7.016231
7.019518
7.000778
6.967243
6.896557
6.810747
6.703566
6.577974
6.429368
6.289310
6.097963
5.888205
5.671543
5.444688
5.205669
5.002159
4.731249
4.469873
4.220335
3.979014
3.728160
3.525964
3.279056
3.035106
2.802335
2.566275
2.343367
2.189173
2.004073
1.843632
1.715739
1.609217
1.510256
1.455022
1.407350
1.392556
1.391240
1.413268
1.442200
1.515188
1.615135
1.728233
1.858427
2.011964
2.147090
2.322983
2.512028
2.744470
2.964420
3.212972
3.410565
3.675885
3.945151
4.205540
4.474805
4.745386
4.956788
5.197122
5.441401
5.662008
5.886890
6.090730
6.234076
6.404052
6.556932
6.678579
6.787404
6.888995
6.939298
6.996833
7.015902
7.019518
7.008011
6.967901
6.910037
6.844610
6.730525
6.609208
6.458629
6.286022
6.101580
5.940151
5.720859
5.498936
5.262877
5.020570
4.746372
4.543190
4.280500
4.031947
3.790956
3.532211
3.291220
3.093956
2.858883
2.625783
2.400903
2.196406
2.011635
1.874537
1.741384
1.619738
1.522092
1.458968
1.418200
1.403734
1.402748
1.415241
1.453379
1.521435
1.591134
1.705547
1.828837
1.977443
2.146432
2.324298
2.508082
2.689894
2.912145
3.156752
3.405305
3.670296
3.933644
4.135839
4.412009
4.674700
4.945938
5.185286
5.436140
5.603487
5.812258
6.033523
6.216980
6.394189
6.547727
6.644058
6.761102
6.845925
6.929434
6.986641
7.017217
7.018532
7.012943
6.983682
6.920886
6.834090
6.733484
6.635839
6.495780
6.332379
6.151225
5.961193
5.736640
5.561732
5.322713
5.072516
4.812127
4.549437
4.294308
4.101318
3.858355
3.603226
3.350399
3.108751
2.866117
2.677072
2.438054
2.229940
2.043526
1.878482
1.743028
1.651957
1.554312
1.474091
1.424118
1.402748
1.400117
1.408665
1.440556
1.501379
1.587518
1.693054
1.816015
1.931086
2.094815
2.269393
2.453177
2.675428
2.893076
3.091655
3.331988
3.592705
3.873149
4.129264
4.408393
4.604671
4.875909
5.124463
5.357563
5.592966
5.826724
6.000975
6.183773
6.351448
6.511233
6.645701
6.757156
6.846583
6.917598
6.977436
7.003737
7.023793
7.017546
6.993217
6.946202
6.868611
6.764718
6.646030
6.505315
6.372490
6.194623
6.007550
5.785956
5.565349
5.332576
5.134326
4.891362
4.616178
4.358090
4.104935
3.861971
3.667008
3.410565
3.175163
2.930227
2.692195
2.456465
2.282873
2.084294
1.910702
1.771631
1.655245
1.559243
1.473105
1.428721
1.400117
1.393542
1.400775
1.435625
1.479680
1.566148
1.666752
1.785110
1.920894
2.090541
2.224023
2.409122
2.621181
2.846061
3.073572
3.326728
3.530239
3.806080
4.068441
4.335405
4.588890
4.863416
5.063968
5.310220
5.542334
5.761627
5.986180
6.172595
6.312324
6.475396
6.613482
6.738745
6.837377
6.916941
6.971846
7.002422
7.027738
7.018861
6.997162
6.948503
6.871899
6.788390
6.670031
6.541480
6.389257
6.202842
6.020043
5.844807
5.620254
5.399318
5.153066
4.904184
4.631959
4.428777
4.167730
3.923452
3.663721
3.417798
3.178122
2.982831
2.751375
2.507754
2.289448
2.102048
1.927798
1.810426
1.688451
1.588504
1.500722
1.432008
1.399789
1.390583
1.399131
1.425104
1.475406
1.559901
1.638149
1.750918
1.888674
2.045828
2.221064
2.398930
2.560686
2.784581
3.014393
3.259658
3.514457
3.792271
3.996439
4.258801
4.523464
4.794702
5.052461
5.288521
5.489073
5.710667
5.938508
6.131827
6.304433
6.477698
6.616441
6.704224
6.810747
6.900502
6.957051
7.006696
7.017546
7.021491
7.006368
6.964284
6.897214
6.809103
6.694031
6.575673
6.419505
6.240651
6.062127
5.863218
5.629788
5.445346
5.209615
4.963363
4.693769
4.437983
4.177265
3.982302
3.736051
3.489142
3.247822
3.000585
2.766498
2.570221
2.342710
2.146432
1.965278
1.812070
1.690753
1.606587
1.517161
1.457653
1.415241
1.400446
1.397816
1.415898
1.453707
1.531627
1.632889
1.745986
1.876181
1.997827
2.169446
2.350600
2.559042
2.787868
3.007160
3.215602
3.458237
3.740325
3.998741
4.261760
4.518203
4.728290
4.995254
5.225725
5.486772
5.707379
5.927329
6.083168
6.256433
6.427066
6.576659
6.697977
6.802856
6.871241
6.942585
6.990586
7.016560
7.015574
7.007683
6.977764
6.912338
6.822254
6.714416
6.587837
6.440546
6.285036
6.108155
5.908260
5.682064
5.462113
5.217834
5.023529
4.758208
4.496504
4.239403
3.994138
3.751832
3.545362
3.308974
3.058778
2.823047
2.578440
2.358491
2.195091
2.012950
1.857441
1.725274
1.607244
1.510914
1.455022
1.413597
1.394857
1.397487
1.419186
1.458310
1.510914
1.607573
1.719685
1.847906
2.003416
2.173063
2.310490
2.500192
2.724415
2.946666
3.191931
3.443114
3.660762
3.935616
4.185813
4.453435
4.718755
4.991638
5.190546
5.429236
5.640966
5.862232
6.068045
6.245254
6.387285
6.546412
6.673319
6.782472
6.877488
6.963627
6.999464
7.020176
7.023793
7.011628
6.972504
6.912009
6.842967
6.741046
6.614797
6.479342
6.299173
6.122621
5.971056
5.754065
5.525567
5.282274
5.031419
4.756236
4.546149
4.301213
4.040166
3.808381
3.559171
3.315221
3.119601
2.884528
2.641564
2.416026
2.212515
2.017224
1.888345
1.747959
1.629930
1.535572
1.461269
1.418857
1.406693
1.396501
1.405707
1.443187
1.504667
1.601984
1.696013
1.824563
1.962977
2.126706
2.306873
2.492301
2.673127
2.898665
3.138669
3.389195
3.650898
3.919835
4.130250
4.395242
4.656288
4.932129
5.177395
5.419702
5.589349
5.812915
6.027605
6.204486
6.375778
6.539836
6.640770
6.752882
6.849213
6.920557
6.974805
7.014916
7.026094
7.023793
6.993217
6.936338
6.855131
6.756499
6.630578
6.521753
6.343557
6.174239
5.965467
5.753078
5.524909
5.330604
5.088626
4.834813
4.560615
4.311076
4.055290
3.864601
3.608487
3.372427
3.132423
2.892747
2.647482
2.455479
2.243749
2.055033
1.884729
1.753219
1.631574
1.550367
1.476064
1.428392
1.404391
1.401433
1.405707
1.435296
1.488557
1.575682
1.685492
1.809768
1.924510
2.085609
2.259859
2.442657
2.666551
2.891432
3.076203
3.328701
3.579555
3.862300
4.116442
4.389982
4.594479
4.861115
5.115914
5.368742
5.591979
5.812587
5.985851
6.164047
6.335667
6.502685
6.634194
6.758800
6.837049
6.919242
6.972504
7.014258
7.020833
7.023464
6.991244
6.945544
6.859076
6.771294
6.652935
6.520438
6.354736
6.213034
6.024317
5.806011
5.585075
5.349673
5.108681
4.905828
4.622425
4.370584
4.107894
3.873807
3.623939
3.433250
3.192917
2.947324
2.715867
2.474548
2.269393
2.113226
1.932730
1.784124
1.660506
1.552668
1.469817
1.432666
1.401104
1.395186
1.400446
1.426419
1.484612
1.548065
1.651300
1.774919
1.924510
2.083965
2.257557
2.401231
2.605399
2.826993
3.064696
3.306015
3.559828
3.788655
4.042797
4.317980
4.568506
4.843689
5.099804
5.296740
5.531156
5.744859
5.970398
6.161745
6.335338
6.467834
6.607235
6.728224
6.825212
6.909379
6.970860
7.003737
7.022149
7.024121
7.007025
6.950147
6.873542
6.797925
6.694031
6.561864
6.399449
6.221582
6.033195
5.863547
5.637021
5.415756
5.172463
4.927527
4.649055
4.446531
4.184827
3.938575
3.685749
3.443114
3.203767
3.008804
2.772416
2.526494
2.310161
2.117500
1.936346
1.813385
1.693383
1.583244
1.492503
1.434967
1.402748
1.395514
1.395843
1.422145
1.471790
1.549709
1.658204
1.754535
1.883742
2.041225
2.206598
2.384464
2.591262
2.781293
3.004530
3.253740
3.498348
3.775504
4.031947
4.238746
4.505053
4.780565
5.045886
5.296411
5.520964
5.697845
5.916808
6.116374
6.283392
6.459286
6.602632
6.700278
6.799568
6.890639
6.950805
7.002751
7.027081
7.023464
7.011299
6.969216
6.902475
6.810418
6.693703
6.564494
6.441861
6.262350
6.081195
5.877684
5.652145
5.421017
5.217505
4.977829
4.709550
4.452777
4.193046
3.948767
3.755777
3.507225
3.271494
3.018010
2.785238
2.550494
2.368025
2.170761
1.982703
1.826536
1.698314
1.587189
1.510585
1.445159
1.411624
1.396172
1.396501
1.420173
1.455680
1.526695
1.617108
1.735466
1.873550
1.994210
2.166158
2.336134
2.533727
2.761895
2.985461
3.182725
3.434566
3.705804
3.968822
4.234143
4.499463
4.713166
4.984734
5.224410
5.467374
5.683379
5.905630
6.067058
6.246898
6.419833
6.577316
6.695018
6.797925
6.873214
6.941599
7.000121
7.024121
7.021491
7.008011
6.973819
6.920557
6.836062
6.728881
6.600002
6.447779
6.269583
6.129854
5.929302
5.696858
5.481511
5.233944
4.991309
4.773989
4.518861
4.261760
4.009919
3.767613
3.512485
3.319824
3.073244
2.836198
2.596851
2.369340
2.172734
2.024128
1.857769
1.735137
1.617108
1.521106
1.454365
1.419844
1.405707
1.398145
1.414255
1.449105
1.505325
1.595080
1.713767
1.837385
1.986977
2.157939
2.294380
2.483096
2.706661
2.926611
3.172862
3.420757
3.633473
3.904054
4.168717
4.442256
4.704618
4.969939
5.168190
5.404578
5.631432
5.849410
6.063113
6.231117
6.376435
6.534575
6.666086
6.786746
6.872556
6.945215
6.995847
7.011628
7.023793
7.015574
6.981709
6.920557
6.832775
6.755841
6.622687
6.479342
6.313639
6.138402
5.937521
5.755380
5.534115
5.294767
5.050488
4.795689
4.520833
4.326857
4.066797
3.821203
3.556869
3.323440
3.076531
2.888473
2.657017
2.425889
2.222708
2.040896
1.879468
1.769658
1.646697
1.548065
1.466201
1.416227
1.404063
1.397158
1.406693
1.438913
1.501379
1.588833
1.711137
1.805823
1.952785
2.118815
2.290435
2.479151
2.700744
2.876966
3.112368
3.363222
3.618350
3.894520
4.152607
4.368940
4.627685
4.905499
5.163258
5.405893
5.629459
5.800422
6.022345
6.193307
6.364270
6.528329
6.657866
6.747951
6.843295
6.924503
6.978093
7.015574
7.028067
7.025436
6.994532
6.938311
6.861049
6.754526
6.630907
6.519123
6.356709
6.178513
5.997687
5.765901
5.553842
5.359865
5.111969
4.857827
4.583301
4.330145
4.086195
3.888602
3.635117
3.391825
3.148204
2.904912
2.666222
2.479151
2.268078
2.075088
1.908400
1.766699
1.651957
1.573381
1.483954
1.428392
1.409323
1.402090
1.410967
1.437926
1.489872
1.565819
1.672999
1.797933
1.936675
2.070486
2.243749
2.428848
2.649126
2.872692
3.107436
3.307330
3.558513
3.835669
4.099017
4.365981
4.618808
4.837771
5.095859
5.334220
5.568965
5.788586
6.002947
6.157471
6.333037
6.497096
6.632879
6.750581
6.843295
6.912995
6.976120
7.015244
7.028067
7.025765
6.997819
6.956723
6.879789
6.780170
6.659181
6.526356
6.365914
6.191664
6.037797
5.819162
5.603158
5.371043
5.125449
4.873608
4.649055
4.388009
4.133538
3.896492
3.641035
3.395770
3.202123
2.955543
2.722771
2.470602
2.267421
2.077718
1.941935
1.799577
1.679903
1.575353
1.491187
1.431022
1.404391
1.391898
1.396172
1.426748
1.480338
1.540503
1.642423
1.760781
1.904455
2.063910
2.237173
2.378546
2.581070
2.808910
3.038394
3.298125
3.552266
3.766956
4.021426
4.289706
4.551409
4.832182
5.076790
5.272411
5.513073
5.737955
5.955604
6.146950
6.318571
6.454683
6.610523
6.723621
6.826199
6.906091
6.967572
6.996504
7.015244
7.024121
6.999792
6.961983
6.886365
6.785431
6.695675
6.565152
6.406353
6.228815
6.047332
5.832313
5.655104
5.430880
5.192519
4.948897
4.671412
4.461654
4.201265
3.957973
3.700215
3.443442
3.207054
3.008804
2.778663
2.531754
2.318052
2.123089
1.945552
1.824234
1.700287
1.590148
1.502694
1.439241
1.403076
1.391569
1.392227
1.417542
1.467845
1.546093
1.646039
1.744014
1.875523
2.027745
2.203310
2.387094
2.581728
2.767484
2.988091
3.237959
3.483224
3.760709
4.019125
4.228882
4.489600
4.759194
5.031748
5.269123
5.508800
5.684036
5.909904
6.104210
6.278131
6.455341
6.597701
6.691730
6.792335
6.887022
6.958038
7.003080
7.029382
7.024450
7.007683
6.967243
6.899845
6.811404
6.693703
6.592440
6.441861
6.266295
6.094675
5.875054
5.653789
5.480196
5.239533
4.996241
4.725002
4.465271
4.208498
4.010248
3.769257
3.507225
3.274453
3.024585
2.785567
2.599810
2.367039
2.170433
1.985005
1.829824
1.700945
1.609546
1.514202
1.447461
1.411296
1.395514
1.396172
1.408994
1.454365
1.524394
1.622368
1.737438
1.864345
1.980073
2.150377
2.329559
2.534055
2.759594
2.989078
3.180753
3.431278
3.691009
3.961590
4.219677
4.487956
4.689495
4.962048
5.205998
5.457510
5.679433
5.907274
6.068045
6.235720
6.408655
6.556275
6.680552
6.790034
6.864008
6.937983
6.999792
7.009326
7.017217
7.000121
6.971518
6.916283
6.843953
6.730854
6.602961
6.457314
6.279118
6.136430
5.933576
5.707050
5.493347
5.250054
5.010378
4.790099
4.518532
4.265705
4.012220
3.776490
3.516759
3.325742
3.078175
2.842774
2.607372
2.381834
2.182926
2.032019
1.859742
1.728233
1.614806
1.515517
1.453050
1.413926
1.396172
1.393871
1.410638
1.452721
1.502694
1.597381
1.706863
1.828180
1.981717
2.148733
2.287476
2.476849
2.695483
2.919707
3.167602
3.411223
3.618350
3.898794
4.148991
4.417599
4.678974
4.956459
5.152737
5.400961
5.629788
5.851053
6.062784
6.234733
6.370517
6.528658
6.652277
6.769650
6.859405
6.936338
6.980066
7.015244
7.020833
7.015902
6.988285
6.926147
6.835404
6.762745
6.639455
6.494465
6.332379
6.144320
5.946727
5.764585
5.540362
5.318110
5.066598
4.800620
4.525765
4.323898
4.073701
3.831395
3.570349
3.335933
3.096586
2.898994
2.663263
2.428519
2.223036
2.033334
1.872235
1.762754
1.651300
1.549380
1.472447
1.418857
1.398802
1.398145
1.409323
1.437926
1.500393
1.589491
1.701602
1.795631
1.940291
2.108623
2.279256
2.468630
2.694168
2.866445
3.103491
3.351386
3.607500
3.886300
4.082907
4.360063
4.612890
4.888402
5.138928
5.384851
5.565349
5.782997
6.005906
6.193965
6.363942
6.528986
6.658853
6.752882
6.841322
6.913653
6.969873
7.003737
7.019847
7.013272
6.991901
6.942585
6.862693
6.763403
6.641428
6.532603
6.363284
6.185417
5.994728
5.769517
5.548581
5.366440
5.117887
4.868019
4.592177
4.344282
4.082249
3.890903
3.636432
3.391167
3.143930
2.908528
2.672469
2.480466
2.275969
2.089883
1.917606
1.776234
1.654588
1.573052
1.485270
1.428392
1.401104
1.397487
1.404720
1.433323
1.488557
1.574367
1.682533
1.808453
1.942593
2.066540
2.239146
2.425889
2.638934
2.860527
3.096258
3.293193
3.553581
3.838957
4.091784
4.362036
4.612233
4.839744
5.089283
5.334220
5.562389
5.786942
5.962508
6.143991
6.323174
6.490191
6.628276
6.745978
6.851186
6.905763
6.964613
7.001107
7.020833
7.020833
6.997819
6.960339
6.891296
6.793322
6.676606
6.537535
6.374134
6.230788
6.041414
5.826724
5.600856
5.375975
5.134655
4.944294
4.666809
4.412338
4.148333
3.899451
3.647282
3.457580
3.213301
2.968036
2.739868
2.491644
2.282215
2.130980
1.950812
1.802536
1.672341
1.576997
1.482311
1.437598
1.403405
1.396172
1.400446
1.428063
1.481982
1.550367
1.649656
1.772288
1.912674
2.069170
2.238817
2.379861
2.585673
2.813842
3.039380
3.291549
3.535828
3.766298
4.021098
4.288719
4.550423
4.823306
5.075146
5.269123
5.506169
5.732037
5.957905
6.142676
6.312653
6.443834
6.592769
6.715402
6.817651
6.898201
6.959024
6.989929
7.014587
7.019518
7.003737
6.959682
6.886036
6.813048
6.702909
6.576330
6.413915
6.241637
6.052921
5.883602
5.654775
5.436469
5.190217
4.946924
4.672070
4.467243
4.209814
3.964548
3.722571
3.462511
3.219219
3.022284
2.789512
2.551481
2.332189
2.145117
1.958703
1.836070
1.702260
1.587518
1.504667
1.441214
1.403076
1.393213
1.393542
1.416227
1.461598
1.539517
1.643738
1.735466
1.865002
2.019526
2.193118
2.364409
2.571536
2.758279
2.985461
3.231055
3.483224
3.752818
4.011892
4.219677
4.481380
4.747030
5.020570
5.257945
5.490388
5.672858
5.896424
6.089086
6.268597
6.440546
6.577645
6.688771
6.804829
6.874529
6.949818
6.994861
7.019518
7.027409
7.012943
6.974148
6.903790
6.814034
6.703566
6.602632
6.449094
6.280433
6.100922
5.901027
5.668912
5.492032
5.251040
5.003474
4.737167
4.478750
4.209814
4.011892
3.773202
3.513142
3.280700
3.032147
2.797403
2.606714
2.380518
2.185885
1.999799
1.839687
1.710150
1.620395
1.527681
1.456995
1.416227
1.397487
1.403405
1.410309
1.451077
1.516503
1.614806
1.729877
1.867961
1.983361
2.156295
2.331203
2.523206
2.742169
2.967050
3.163656
3.415497
3.685420
3.951397
4.206197
4.470531
4.672727
4.954486
5.200080
5.446332
5.667269
5.884260
6.060483
6.230788
6.395833
6.554302
6.680552
6.784444
6.861049
6.938969
6.993546
7.022478
7.030039
7.010642
6.968558
6.913653
6.843295
6.733484
6.606577
6.461259
6.291283
6.145635
5.951658
5.727106
5.510115
5.277342
5.022213
4.816401
4.550423
4.296938
4.039509
3.792600
3.525307
3.334619
3.082778
2.850993
2.615920
2.385779
2.186213
2.033334
1.866975
1.739082
1.625327
1.528010
1.457324
1.424447
1.396172
1.394857
1.408665
1.444173
1.499407
1.592121
1.707520
1.831796
1.978429
2.145775
2.315750
2.466657
2.688250
2.915104
3.139327
3.392483
3.651885
3.881369
4.134853
4.410037
4.674700
4.945281
5.184957
5.384851
5.607431
5.830669
6.044044
6.230130
6.396162
6.522411
6.653264
6.764718
6.854145
6.939626
6.982696
7.013929
7.026094
7.018204
6.993546
6.930092
6.845597
6.769650
6.641098
6.502685
6.330407
6.156485
5.964480
5.781024
5.564034
5.325343
5.080407
4.824621
4.560944
4.357762
4.105264
3.856711
3.596980
3.353687
3.109409
2.918063
2.682990
2.443643
2.242434
2.054047
1.891304
1.774590
1.657218
1.552010
1.472447
1.424118
1.404720
1.405378
1.412282
1.441543
1.500064
1.583901
1.696342
1.790042
1.927798
2.093828
2.273010
2.465013
2.685949
2.858883
3.093299
3.349742
3.599610
3.882026
4.148004
4.359077
4.612561
4.879197
5.123147
5.373344
5.553184
5.773134
5.997358
6.177197
6.354736
6.510246
6.653921
6.733484
6.825212
6.911352
6.972833
7.008340
7.029711
7.027409
7.001765
6.944229
6.879460
6.773595
6.655565
6.541480
6.375449
6.197910
6.010180
5.786613
5.566664
5.390440
5.130052
4.878540
4.611246
4.356447
4.104606
3.919835
3.660433
3.412867
3.168259
2.927926
2.700744
2.504466
2.296024
2.108294
1.935031
1.783138
1.667081
1.579956
1.487571
1.431351
1.400117
1.394199
1.398474
1.424447
1.474749
1.557271
1.661492
1.791357
1.932730
2.058321
2.235858
2.411423
2.628085
2.856253
3.081792
3.284974
3.533198
3.815943
4.073372
4.340337
4.597109
4.819689
5.069557
5.322384
5.551540
5.765243
5.989468
6.137416
6.307064
6.476054
6.614797
6.729539
6.832775
6.897214
6.961983
7.006368
7.023464
7.034642
6.993546
6.964942
6.887022
6.797267
6.682524
6.544439
6.385970
6.250185
6.059496
5.844478
5.616309
5.403920
5.145504
4.950541
4.665494
4.411352
4.154580
3.917205
3.667337
3.462183
3.230726
2.984146
2.754005
2.514329
2.303257
2.142487
1.958374
1.808125
1.680232
1.580943
1.490530
1.435954
1.401761
1.391569
1.393542
1.424447
1.478365
1.539517
1.645711
1.762425
1.896565
2.058321
2.230598
2.371313
2.569563
2.806608
3.026229
3.282343
3.533855
3.759722
4.015837
4.283459
4.537601
4.811799
5.067255
5.258274
5.504854
5.712311
5.938179
6.133142
6.308707
6.446793
6.590467
6.712443
6.815678
6.900502
6.971189
6.999792
7.025765
7.027081
7.010971
6.963298
6.893269
6.818308
6.714744
6.582248
6.426409
6.243281
6.059825
5.892479
5.667269
5.448962
5.209944
4.970925
4.697714
4.488285
4.233814
3.981645
3.735722
3.473361
3.241904
3.039051
2.804965
2.571207
2.344353
2.150048
1.965278
1.845605
1.705876
1.603299
1.514530
1.448447
1.411296
1.398145
1.396172
1.417871
1.459954
1.532284
1.633546
1.732507
1.854153
2.004731
2.180624
2.358162
2.557070
2.739868
2.965406
3.210013
3.460867
3.738024
4.000385
4.214417
4.466257
4.725659
5.000844
5.237561
5.487758
5.662666
5.889849
6.089744
6.265967
6.443505
6.581262
6.684497
6.792006
6.879789
6.947188
6.997162
7.023793
7.028067
7.025436
6.978422
6.907735
6.816993
6.709484
6.582906
6.463889
6.291283
6.110456
5.910890
5.686337
5.464744
5.270109
5.021885
4.752619
4.487956
4.238417
3.989535
3.797860
3.540759
3.299440
3.051545
2.816472
2.579098
2.392354
2.199693
2.012950
1.851194
1.718698
1.601655
1.523736
1.452063
1.416227
1.393213
1.388610
1.408994
1.448118
1.517818
1.611847
1.724288
1.852509
1.973826
2.142487
2.314106
2.504795
2.728689
2.952255
3.146560
3.399716
3.671611
3.941206
4.200937
4.467243
4.668124
4.937719
5.181998
5.432524
5.654775
5.874396
6.041742
6.218623
6.388271
6.545425
6.674634
6.786746
6.853487
6.928448
6.984011
7.011628
7.024450
7.017217
6.984340
6.924503
6.849213
6.744991
6.619071
6.480985
6.300159
6.152868
5.957248
5.731380
5.512416
5.272739
5.024515
4.821661
4.549437
4.305158
4.045427
3.801805
3.537143
3.342509
3.105792
2.870062
2.628413
2.395971
2.203310
2.049444
1.885386
1.747302
1.634204
1.536887
1.463571
1.423460
1.398145
1.393871
1.408665
1.447789
1.497434
1.583901
1.688780
1.812727
1.960018
2.126377
2.266763
2.457123
2.675757
2.905241
3.142286
3.397085
3.594021
3.877095
4.133538
4.409050
4.669768
4.935089
5.130052
5.369728
5.594609
5.814888
6.038455
6.210404
6.351448
6.517150
6.642743
6.756827
6.853158
6.935352
6.988285
7.011299
7.025108
7.020833
6.991901
6.936010
6.856117
6.767677
6.653592
6.510575
6.342243
6.168650
5.974344
5.794176
5.563047
5.344412
5.086982
4.832511
4.563574
4.362693
4.101976
3.864601
3.608487
3.359277
3.117957
2.919378
2.695483
2.459424
2.253283
2.061609
1.887359
1.778535
1.653930
1.554969
1.473105
1.422474
1.392227
1.389597
1.394199
1.433323
1.497763
1.585874
1.691081
1.789713
1.929771
2.095472
2.268736
2.450876
2.669510
2.849349
3.080148
3.334947
3.589747
3.866903
4.118743
4.342309
4.587246
4.860785
5.112955
5.362166
5.592966
5.776751
5.998015
6.175225
6.346188
6.506958
6.641428
6.736772
6.837049
6.906420
6.975791
7.008669
7.027738
7.026094
6.999464
6.950476
6.868940
6.768992
6.654250
6.543124
6.386956
6.212377
6.024646
5.800751
5.582116
5.401947
5.152080
4.909115
4.629000
4.374200
4.115784
3.927726
3.666351
3.416154
3.178451
2.933844
2.699757
2.508740
2.299312
2.110924
1.925168
1.791357
1.669054
1.582258
1.494475
1.432995
1.406035
1.398474
1.406693
1.431022
1.478365
1.555956
1.654916
1.775905
1.913332
2.046485
2.222379
2.404190
2.607043
2.831267
3.057462
3.265247
3.509855
3.795230
4.062523
4.328501
4.581328
4.801278
5.058050
5.299370
5.532800
5.746503
5.971385
6.117361
6.297529
6.457971
6.608550
6.737430
6.826199
6.897543
6.965600
7.009326
7.027409
7.026094
6.998806
6.958038
6.890639
6.806472
6.685812
6.555288
6.394189
6.211390
6.065743
5.853683
5.638008
5.410496
5.167203
4.922595
4.691796
4.432722
4.179566
3.936931
3.690351
3.468758
3.246836
2.997626
2.762882
2.524521
2.312463
2.125719
1.972840
1.821276
1.695356
1.589491
1.492174
1.436611
1.415241
1.396830
1.398474
1.418529
1.462584
1.519462
1.625327
1.742699
1.880126
2.037937
2.208241
2.354874
2.552796
2.782937
3.016037
3.264919
3.512814
3.737037
3.992823
4.272938
4.520833
4.794044
5.042926
5.231314
5.482826
5.697845
5.931274
6.125251
6.295885
6.432327
6.581591
6.700278
6.805486
6.890310
6.958366
6.988285
7.020176
7.025765
7.008998
6.961326
6.892612
6.805486
6.730854
6.590796
6.435286
6.250185
6.069031
5.874725
5.687653
5.468031
5.222766
4.972240
4.699029
4.431407
4.235786
3.984604
3.743613
3.489142
3.253740
3.011106
2.826006
2.585673
2.361450
2.166158
1.982703
1.835084
1.727246
1.610532
1.515517
1.448776
1.404391
1.397816
1.398145
1.417542
1.455351
1.531627
1.627628
1.744014
1.849221
1.995196
2.166487
2.335477
2.530768
2.768142
2.944036
3.189301
3.445744
3.713037
3.977042
4.240389
4.454750
4.713824
4.995583
5.224410
5.472963
5.692584
5.868150
6.076592
6.257419
6.416545
6.572385
6.695346
6.783787
6.875186
6.949818
6.997162
7.030039
7.026094
7.022478
6.985983
6.920557
6.825212
6.720991
6.595399
6.477369
6.305091
6.126895
5.922398
5.694557
5.470004
5.279644
5.035036
4.779250
4.507682
4.257486
4.006303
3.811011
3.554239
3.314234
3.060421
2.827650
2.589289
2.403861
2.203310
2.014265
1.859084
1.728233
1.614806
1.539188
1.461269
1.413926
1.391240
1.391898
1.409323
1.444502
1.506969
1.599354
1.718698
1.844618
1.984347
2.122432
2.298654
2.492630
2.725073
2.946666
3.188643
3.382619
3.637090
3.923123
4.176608
4.448832
4.706591
4.933774
5.163587
5.415099
5.636364
5.859273
6.067058
6.203500
6.380380
6.537535
6.676278
6.785102
6.862364
6.918913
6.974148
7.011628
7.017875
7.021491
6.984011
6.934037
6.850200
6.747951
6.624989
6.485260
6.308707
6.168650
5.972043
5.748805
5.531485
5.291151
5.050488
4.837443
4.562917
4.312720
4.066468
3.831724
3.565417
3.371770
3.128149
2.891761
2.659318
2.424903
2.224351
2.076075
1.897222
1.754206
1.638807
1.534585
1.461927
1.425762
1.395843
1.391569
1.401761
1.441543
1.502037
1.571737
1.684177
1.809440
1.949826
2.120459
2.291092
2.447259
2.663592
2.887815
3.124203
3.376701
3.641364
3.860656
4.111510
4.382749
4.642480
4.914376
5.161285
5.358221
5.582116
5.796805
6.015440
6.201856
6.372818
6.499725
6.633537
6.755184
6.837049
6.911352
6.969873
7.000778
7.019847
7.019518
6.995189
6.934366
6.853487
6.778198
6.661154
6.525370
6.361640
6.175554
5.981248
5.808970
5.588034
5.360851
5.110654
4.858484
4.576725
4.386365
4.128278
3.885643
3.623281
3.376044
3.127491
2.931871
2.699100
2.467972
2.254270
2.064568
1.897880
1.786426
1.668396
1.566148
1.478694
1.426748
1.398145
1.394199
1.398802
1.434639
1.489872
1.579299
1.684835
1.782809
1.916291
2.080349
2.252954
2.440027
2.654387
2.833568
3.064696
3.316536
3.571335
3.856711
4.109866
4.326528
4.581328
4.852566
5.106051
5.355919
5.580472
5.755380
5.976645
6.170622
6.332050
6.501369
6.634852
6.728881
6.830144
6.911023
6.969216
7.005710
7.019518
7.020176
6.994861
6.951462
6.884721
6.780828
6.662140
6.558248
6.404381
6.223226
6.038784
5.813902
5.591979
5.362166
5.159641
4.917335
4.644124
4.402804
4.135511
3.940219
3.679831
3.429963
3.191602
2.949954
2.718497
2.524521
2.310161
2.117171
1.938976
1.796289
1.674314
1.572066
1.502037
1.437926
1.395843
1.385323
1.393213
1.422474
1.467845
1.550367
1.652615
1.765713
1.903798
2.032019
2.198378
2.386436
2.591920
2.821732
3.050558
3.249466
3.496704
3.779449
4.040166
4.311733
4.568506
4.783853
5.042926
5.289178
5.520307
5.737955
5.962508
6.108484
6.287666
6.461259
6.602304
6.726909
6.830802
6.899516
6.964613
7.001436
7.025765
7.027738
7.003737
6.965600
6.898530
6.805486
6.691401
6.561864
6.401751
6.224541
6.072976
5.869136
5.642282
5.420688
5.180025
4.928185
4.705276
4.450147
4.193375
3.951397
3.699557
3.443442
3.252425
3.004530
2.760909
2.525507
2.312134
2.127034
1.977443
1.825878
1.696671
1.593107
1.497763
1.438255
1.407022
1.398474
1.392227
1.419515
1.473434
1.526366
1.619409
1.743356
1.872893
2.027416
2.205282
2.344025
2.540960
2.768142
3.001571
3.250124
3.495718
3.715338
3.977371
4.239732
4.497490
4.769386
5.033063
5.227369
5.472305
5.687324
5.915822
6.113415
6.284707
6.433642
6.568439
6.700936
6.792006
6.885050
6.948174
6.993217
7.017546
7.024121
7.009984
6.969545
6.896228
6.807787
6.718361
6.591783
6.437587
6.273858
6.085470
5.880972
5.700803
5.487429
5.239204
4.995583
4.718755
4.454750
4.250581
3.999727
3.756763
3.499663
3.263603
3.020311
2.827650
2.588303
2.363751
2.172076
1.987963
1.831468
1.726918
1.619738
1.519462
1.451735
1.413926
1.398474
1.395514
1.411296
1.448447
1.519462
1.620724
1.714753
1.834426
1.987306
2.150706
2.323312
2.526823
2.713237
2.939762
3.177794
3.427333
3.694954
3.966521
4.172991
4.437983
4.696727
4.970267
5.211259
5.461127
5.642939
5.864533
6.068702
6.240323
6.413587
6.565152
6.696333
6.778198
6.876173
6.944887
6.997162
7.023464
7.027081
7.026094
6.982696
6.917270
6.832117
6.728224
6.603290
6.483287
6.308707
6.126895
5.929630
5.703105
5.488415
5.294767
5.049502
4.785825
4.524450
4.272281
4.017810
3.826463
3.567390
3.321796
3.082778
2.841130
2.607043
2.421615
2.219091
2.027416
1.862372
1.729877
1.620724
1.541161
1.469160
1.426419
1.403405
1.401104
1.415898
1.440556
1.506969
1.595408
1.703904
1.827193
1.976128
2.112568
2.284846
2.477835
2.706004
2.923652
3.167602
3.369468
3.635446
3.907013
4.159183
4.428448
4.692125
4.907472
5.157340
5.407537
5.627158
5.855656
6.065085
6.209417
6.379065
6.535562
6.661154
6.775239
6.856446
6.919242
6.987298
7.012943
7.025436
7.017546
6.983025
6.927133
6.858090
6.758800
6.634852
6.493479
6.330407
6.178184
5.987166
5.758010
5.542663
5.304302
5.064626
4.856841
4.586588
4.334748
4.078962
3.837970
3.575609
3.379332
3.139327
2.898665
2.668524
2.432136
2.227310
2.077061
1.905113
1.763740
1.655245
1.545106
1.471790
1.436611
1.406035
1.394528
1.405049
1.437269
1.503352
1.565819
1.671684
1.796289
1.939634
2.107637
2.275640
2.422930
2.644195
2.869404
3.106779
3.367496
3.612432
3.842245
4.096715
4.369926
4.622753
4.899581
5.147805
5.343097
5.575541
5.793518
6.015769
6.193965
6.361640
6.491178
6.635509
6.745649
6.841980
6.921544
6.977764
7.017217
7.023793
7.023464
6.995847
6.937654
6.858419
6.756827
6.670031
6.526356
6.363284
6.185746
5.994399
5.770833
5.596582
5.368413
5.116243
4.865717
4.596451
4.341652
4.137812
3.898794
3.648268
3.408592
3.176478
2.934173
2.751704
2.510055
2.303914
2.107637
1.947524
1.805494
1.721000
1.622039
1.556942
1.500064
1.474420
1.475078
1.484283
1.524065
1.585217
1.673656
1.778535
1.910373
2.028403
2.195091
2.361450
2.549179
2.761238
2.972310
3.158396
3.381633
3.620322
3.876108
4.101318
4.337378
4.510970
4.724016
4.944952
5.123147
5.284575
5.438770
5.538389
5.640309
5.734996
5.818833
5.876698
5.920425
5.945412
5.951001
5.943768
5.912863
5.848752
5.771161
5.701132
5.610391
5.524580
5.414770
5.298384
5.171148
5.087311
4.977500
4.856841
4.743413
4.635247
4.535957
4.470202
4.383735
4.320939
4.255842
4.196334
4.146689
4.116771
4.080277
4.053646
4.031947
4.018467
4.003344
3.997097
3.992494
3.993480
3.992823
4.004988
4.007618
4.025372
4.036550
4.052331
4.061208
4.074030
4.090140
4.107236
4.120716
4.132552
4.140771
4.156223
4.157867
4.167730
4.171347
4.180882
4.183840
4.195347
4.196334
4.205211
