0.00152491
0.00138074
0.00099654
0.00046362
-0.00011648
-0.00062497
-0.00095425
-0.00103423
-0.00085043
-0.00044906
0.00007221
0.00058604
0.00096500
0.00111200
0.00098442
0.00060592
0.00006279
-0.00051493
-0.00098347
-0.00121994
-0.00115326
-0.00078403
-0.00018800
0.00049844
0.00110828
0.00148306
0.00151244
0.00116498
0.00050198
-0.00032972
-0.00112624
-0.00167142
-0.00178911
-0.00139205
-0.00051634
0.00066722
0.00186881
0.00272159
0.00284307
0.00190526
-0.00029948
-0.00380976
-0.00847328
-0.01395695
-0.01978803
-0.02541953
-0.03030862
-0.03399431
-0.03616099
-0.03667696
-0.03560215
-0.03316459
-0.02971126
-0.02564308
-0.02134641
-0.01713338
-0.01320097
-0.00961482
-0.00631857
-0.00316479
0.00004016
0.00348712
0.00732066
0.01160883
0.01633052
0.02138096
0.02659219
0.03176258
0.03668848
0.04119127
0.04513516
0.04843339
0.05104381
0.05295670
0.05417960
0.05472383
0.05459633
0.05379886
0.05233399
0.05021565
0.04748041
0.04419544
0.04046011
0.03639942
0.03214995
0.02784081
0.02357361
0.01940604
0.01534311
0.01133848
0.00730634
0.00314193
-0.00125329
-0.00594663
-0.01095460
-0.01623264
-0.02167653
-0.02713518
-0.03243234
-0.03739282
-0.04186819
-0.04575673
-0.04901399
-0.05165205
-0.05372804
-0.05532466
-0.05652699
-0.05740041
-0.05797442
-0.05823546
-0.05813010
-0.05757774
-0.05648993
-0.05479231
-0.05244433
-0.04945290
-0.04587690
-0.04182194
-0.03742600
-0.03283919
-0.02820119
-0.02362087
-0.01916187
-0.01483654
-0.01060938
-0.00640891
-0.00214568
0.00226711
0.00689408
0.01176279
0.01685563
0.02210977
0.02742451
0.03267421
0.03772424
0.04244673
0.04673345
0.05050387
0.05370745
0.05632050
0.05833906
0.05976991
0.06062197
0.06090035
0.06060428
0.05972945
0.05827398
0.05624660
0.05367474
0.05061034
0.04713140
0.04333822
0.03934423
0.03526270
0.03119133
0.02719771
0.02330843
0.01950446
0.01572420
0.01187444
0.00784785
0.00354438
-0.00110699
-0.00613006
-0.01149027
-0.01709286
-0.02279132
-0.02840489
-0.03374251
-0.03862906
-0.04292928
-0.04656515
-0.04952327
-0.05185089
-0.05364122
-0.05501059
-0.05607184
-0.05690900
-0.05755817
-0.05799851
-0.05815515
-0.05791379
-0.05714421
-0.05572813
-0.05358615
-0.05069807
-0.04711276
-0.04294503
-0.03836008
-0.03354817
-0.02869435
-0.02394896
-0.01940469
-0.01508462
-0.01094356
-0.00688248
-0.00277309
0.00151214
0.00607050
0.01094575
0.01611552
0.02149156
0.02693258
0.03226673
0.03731900
0.04193792
0.04601613
0.04950097
0.05239329
0.05473529
0.05659055
0.05802094
0.05906592
0.05972880
0.05997332
0.05973130
0.05891974
0.05746361
0.05531919
0.05249253
0.04904865
0.04510888
0.04083624
0.03641139
0.03200362
0.02774262
0.02369678
0.01986243
0.01616665
0.01248322
0.00865913
0.00454659
0.00003469
-0.00492537
-0.01030605
-0.01600303
-0.02184836
-0.02763473
-0.03314621
-0.03818973
-0.04262153
-0.04636395
-0.04940987
-0.05181446
-0.05367634
-0.05511219
-0.05622978
-0.05710469
-0.05776488
-0.05818585
-0.05829676
-0.05799604
-0.05717312
-0.05573208
-0.05361262
-0.05080458
-0.04735348
-0.04335636
-0.03894889
-0.03428625
-0.02952133
-0.02478401
-0.02016501
-0.01570677
-0.01140259
-0.00720366
-0.00303264
0.00119895
0.00557238
0.01014521
0.01493939
0.01993506
0.02507094
0.03025054
0.03535288
0.04024582
0.04479970
0.04889940
0.05245322
0.05539769
0.05769811
0.05934547
0.06035080
0.06073835
0.06053902
0.05978534
0.05850870
0.05673896
0.05450630
0.05184417
0.04879238
0.04539916
0.04172113
0.03782083
0.03376183
0.02960221
0.02538761
0.02114539
0.01688126
0.01257971
0.00820838
0.00372641
-0.00090471
-0.00570938
-0.01068744
-0.01580716
-0.02100315
-0.02618013
-0.03122213
-0.03600573
-0.04041526
-0.04435711
-0.04777056
-0.05063300
-0.05295844
-0.05478954
-0.05618455
-0.05720172
-0.05788415
-0.05824832
-0.05827856
-0.05792879
-0.05713141
-0.05581176
-0.05390539
-0.05137473
-0.04822185
-0.04449459
-0.04028462
-0.03571753
-0.03093664
-0.02608328
-0.02127725
-0.01660096
-0.01209013
-0.00773273
-0.00347630
0.00075794
0.00505662
0.00949500
0.01412026
0.01894018
0.02391891
0.02897997
0.03401570
0.03890068
0.04350666
0.04771603
0.05143189
0.05458320
0.05712509
0.05903526
0.06030791
0.06094755
0.06096407
0.06037060
0.05918423
0.05742917
0.05514091
0.05236986
0.04918272
0.04566053
0.04189313
0.03797043
0.03397214
0.02995781
0.02595919
0.02197689
0.01798208
0.01392362
0.00973924
0.00536933
0.00077062
-0.00407244
-0.00914071
-0.01437902
-0.01970071
-0.02499699
-0.03014967
-0.03504467
-0.03958415
-0.04369514
-0.04733333
-0.05048177
-0.05314498
-0.05533995
-0.05708605
-0.05839585
-0.05926873
-0.05968854
-0.05962559
-0.05904274
-0.05790416
-0.05618513
-0.05388100
-0.05101348
-0.04763301
-0.04381666
-0.03966167
-0.03527559
-0.03076462
-0.02622174
-0.02171677
-0.01728973
-0.01294853
-0.00867151
-0.00441432
-0.00012010
0.00426845
0.00879702
0.01348942
0.01834044
0.02331300
0.02833962
0.03332813
0.03817032
0.04275229
0.04696487
0.05071247
0.05391936
0.05653263
0.05852191
0.05987644
0.06060052
0.06070858
0.06022123
0.05916285
0.05756135
0.05544976
0.05286869
0.04986877
0.04651164
0.04286857
0.03901626
0.03503007
0.03097548
0.02689966
0.02282461
0.01874393
0.01462429
0.01041212
0.00604490
0.00146536
-0.00336366
-0.00844650
-0.01374663
-0.01918516
-0.02464654
-0.02999091
-0.03507116
-0.03975166
-0.04392545
-0.04752657
-0.05053515
-0.05297436
-0.05489951
-0.05638170
-0.05748891
-0.05826863
-0.05873530
-0.05886541
-0.05860137
-0.05786346
-0.05656773
-0.05464622
-0.05206543
-0.04883930
-0.04503369
-0.04076133
-0.03616786
-0.03141134
-0.02663920
-0.02196668
-0.01746116
-0.01313506
-0.00894894
-0.00482390
-0.00066106
0.00363570
0.00813801
0.01287638
0.01783153
0.02293511
0.02807916
0.03313220
0.03795837
0.04243582
0.04647072
0.05000440
0.05301266
0.05549811
0.05747767
0.05896866
0.05997677
0.06048910
0.06047389
0.05988722
0.05868530
0.05683948
0.05435063
0.05125917
0.04764822
0.04363834
0.03937430
0.03500588
0.03066617
0.02645136
0.02240605
0.01851719
0.01471804
0.01090205
0.00694421
0.00272644
-0.00183753
-0.00678233
-0.01207956
-0.01763708
-0.02330913
-0.02891546
-0.03426605
-0.03918724
-0.04354442
-0.04725759
-0.05030709
-0.05272882
-0.05460005
-0.05601861
-0.05707964
-0.05785411
-0.05837319
-0.05862130
-0.05853908
-0.05803559
-0.05700751
-0.05536149
-0.05303573
-0.05001640
-0.04634614
-0.04212263
-0.03748764
-0.03260826
-0.02765364
-0.02277127
-0.01806703
-0.01359230
-0.00934047
-0.00525316
-0.00123515
0.00282493
0.00703168
0.01146182
0.01614847
0.02107319
0.02616684
0.03131868
0.03639152
0.04123987
0.04572773
0.04974277
0.05320459
0.05606642
0.05831037
0.05993839
0.06096142
0.06138962
0.06122626
0.06046678
0.05910316
0.05713267
0.05456848
0.05144941
0.04784586
0.04385970
0.03961715
0.03525526
0.03090399
0.02666713
0.02260586
0.01872835
0.01498819
0.01129243
0.00751855
0.00353768
-0.00075988
-0.00544138
-0.01051482
-0.01592197
-0.02154253
-0.02720888
-0.03272879
-0.03791201
-0.04259591
-0.04666553
-0.05006455
-0.05279545
-0.05490920
-0.05648686
-0.05761706
-0.05837404
-0.05880052
-0.05889902
-0.05863296
-0.05793726
-0.05673592
-0.05496277
-0.05258093
-0.04959681
-0.04606553
-0.04208672
-0.03779110
-0.03332079
-0.02880706
-0.02434990
-0.02000362
-0.01577113
-0.01160808
-0.00743595
-0.00316159
0.00130082
0.00600931
0.01097929
0.01617662
0.02151992
0.02689101
0.03215128
0.03716050
0.04179441
0.04595775
0.04959072
0.05266809
0.05519193
0.05718014
0.05865376
0.05962622
0.06009691
0.06005058
0.05946256
0.05830854
0.05657629
0.05427666
0.05145090
0.04817220
0.04454068
0.04067223
0.03668316
0.03267332
0.02871107
0.02482299
0.02099064
0.01715518
0.01322951
0.00911583
0.00472587
0.00000014
-0.00507691
-0.01046876
-0.01608682
-0.02179890
-0.02744451
-0.03285459
-0.03787225
-0.04237117
-0.04626865
-0.04953144
-0.05217334
-0.05424560
-0.05582174
-0.05697971
-0.05778464
-0.05827525
-0.05845614
-0.05829753
-0.05774214
-0.05671810
-0.05515541
-0.05300296
-0.05024289
-0.04689966
-0.04304184
-0.03877633
-0.03423553
-0.02955978
-0.02487780
-0.02028880
-0.01584913
-0.01156612
-0.00740031
-0.00327570
0.00090343
0.00523216
0.00978436
0.01459549
0.01965182
0.02488777
0.03019182
0.03541985
0.04041335
0.04501925
0.04910794
0.05258616
0.05540307
0.05754867
0.05904551
0.05993599
0.06026820
0.06008341
0.05940815
0.05825217
0.05661274
0.05448387
0.05186796
0.04878696
0.04528966
0.04145319
0.03737736
0.03317272
0.02894422
0.02477398
0.02070665
0.01674091
0.01282950
0.00888828
0.00481338
0.00050339
-0.00411737
-0.00907902
-0.01435369
-0.01985311
-0.02543708
-0.03093134
-0.03615168
-0.04092989
-0.04513648
-0.04869619
-0.05159312
-0.05386496
-0.05558757
-0.05685322
-0.05774704
-0.05832655
-0.05860846
-0.05856532
-0.05813266
-0.05722501
-0.05575732
-0.05366728
-0.05093373
-0.04758735
-0.04371115
-0.03943062
-0.03489549
-0.03025651
-0.02564205
-0.02113898
-0.01678165
-0.01255093
-0.00838347
-0.00418915
0.00012692
0.00464197
0.00939719
0.01438674
0.01955567
0.02480704
0.03001599
0.03504778
0.03977595
0.04409704
0.04793928
0.05126403
0.05406052
0.05633571
0.05810229
0.05936773
0.06012727
0.06036247
0.06004549
0.05914808
0.05765294
0.05556457
0.05291687
0.04977523
0.04623237
0.04239818
0.03838548
0.03429433
0.03019804
0.02613360
0.02209870
0.01805576
0.01394262
0.00968769
0.00522690
0.00051932
-0.00444136
-0.00962151
-0.01494905
-0.02032140
-0.02561814
-0.03071599
-0.03550329
-0.03989157
-0.04382241
-0.04726853
-0.05022977
-0.05272469
-0.05478015
-0.05642070
-0.05766009
-0.05849615
-0.05891016
-0.05887037
-0.05833890
-0.05728068
-0.05567255
-0.05351095
-0.05081674
-0.04763628
-0.04403857
-0.04010893
-0.03594001
-0.03162179
-0.02723171
-0.02282675
-0.01843840
-0.01407142
-0.00970654
-0.00530681
-0.00082674
0.00377702
0.00853503
0.01345589
0.01851998
0.02367709
0.02884826
0.03393180
0.03881242
0.04337236
0.04750266
0.05111294
0.05413831
0.05654228
0.05831561
0.05947142
0.06003787
0.06004989
0.05954168
0.05854169
0.05707075
0.05514388
0.05277487
0.04998260
0.04679709
0.04326362
0.03944337
0.03540993
0.03124178
0.02701214
0.02277790
0.01857027
0.01438930
0.01020396
0.00595851
0.00158454
-0.00298315
-0.00778963
-0.01284491
-0.01811424
-0.02351568
-0.02892583
-0.03419320
-0.03915695
-0.04366783
-0.04760742
-0.05090227
-0.05353019
-0.05551749
-0.05692790
-0.05784519
-0.05835319
-0.05851690
-0.05836885
-0.05790307
-0.05707818
-0.05582869
-0.05408235
-0.05177980
-0.04889243
-0.04543480
-0.04146864
-0.03709773
-0.03245424
-0.02767932
-0.02290154
-0.01821760
-0.01367889
-0.00928682
-0.00499750
-0.00073518
0.00358846
0.00805286
0.01270910
0.01756600
0.02258443
0.02768048
0.03273667
0.03761848
0.04219294
0.04634545
0.04999159
0.05308221
0.05560108
0.05755651
0.05896936
0.05986059
0.06024143
0.06010867
0.05944608
0.05823159
0.05644839
0.05409716
0.05120606
0.04783587
0.04407826
0.04004705
0.03586352
0.03163871
0.02745598
0.02335767
0.01933881
0.01534965
0.01130691
0.00711212
0.00267381
-0.00207069
-0.00713782
-0.01248824
-0.01802715
-0.02361450
-0.02908342
-0.03426342
-0.03900421
-0.04319560
-0.04677995
-0.04975484
-0.05216578
-0.05409034
-0.05561703
-0.05682313
-0.05775574
-0.05841986
-0.05877570
-0.05874593
-0.05823119
-0.05713112
-0.05536666
-0.05289939
-0.04974406
-0.04597200
-0.04170443
-0.03709699
-0.03231816
-0.02752535
-0.02284305
-0.01834673
-0.01405540
-0.00993372
-0.00590343
-0.00186152
0.00229787
0.00666193
0.01128148
0.01616010
0.02125142
0.02646452
0.03167607
0.03674645
0.04153689
0.04592448
0.04981275
0.05313642
0.05586027
0.05797333
0.05948022
0.06039217
0.06071996
0.06047025
0.05964626
0.05825223
0.05630020
0.05381742
0.05085184
0.04747404
0.04377434
0.03985515
0.03581944
0.03175741
0.02773379
0.02377845
0.01988234
0.01600007
0.01205894
0.00797337
0.00366232
-0.00093337
-0.00583646
-0.01102457
-0.01642849
-0.02193813
-0.02741494
-0.03270871
-0.03767576
-0.04219545
-0.04618208
-0.04959055
-0.05241481
-0.05468006
-0.05643034
-0.05771420
-0.05857137
-0.05902303
-0.05906743
-0.05868163
-0.05782873
-0.05646895
-0.05457217
-0.05212926
-0.04915978
-0.04571452
-0.04187209
-0.03773041
-0.03339442
-0.02896249
-0.02451401
-0.02010032
-0.01574079
-0.01142437
-0.00711636
-0.00276904
0.00166609
0.00622636
0.01092861
0.01576365
0.02069528
0.02566356
0.03059116
0.03539144
0.03997646
0.04426346
0.04817902
0.05166049
0.05465519
0.05711833
0.05901082
0.06029818
0.06095129
0.06094920
0.06028363
0.05896410
0.05702237
0.05451479
0.05152134
0.04814096
0.04448305
0.04065645
0.03675711
0.03285672
0.02899416
0.02517148
0.02135534
0.01748421
0.01348019
0.00926411
0.00477127
-0.00003426
-0.00514940
-0.01052738
-0.01607953
-0.02168329
-0.02719536
-0.03246778
-0.03736472
-0.04177709
-0.04563300
-0.04890228
-0.05159458
-0.05375143
-0.05543375
-0.05670689
-0.05762583
-0.05822312
-0.05850155
-0.05843305
-0.05796386
-0.05702532
-0.05554836
-0.05347921
-0.05079358
-0.04750661
-0.04367665
-0.03940200
-0.03481062
-0.03004453
-0.02524116
-0.02051478
-0.01594126
-0.01154868
-0.00731587
-0.00317909
0.00095386
0.00518444
0.00960218
0.01426507
0.01918488
0.02431997
0.02957679
0.03481993
0.03988869
0.04461760
0.04885701
0.05249033
0.05544506
0.05769586
0.05925969
0.06018427
0.06053262
0.06036698
0.05973552
0.05866449
0.05715734
0.05520066
0.05277550
0.04987114
0.04649806
0.04269675
0.03854008
0.03412805
0.02957567
0.02499610
0.02048247
0.01609218
0.01183728
0.00768333
0.00355749
-0.00063513
-0.00498981
-0.00957917
-0.01443337
-0.01952738
-0.02477817
-0.03005273
-0.03518540
-0.04000166
-0.04434369
-0.04809297
-0.05118546
-0.05361647
-0.05543441
-0.05672456
-0.05758639
-0.05810899
-0.05834963
-0.05831999
-0.05798286
-0.05726021
-0.05605101
-0.05425518
-0.05179900
-0.04865652
-0.04486255
-0.04051435
-0.03576125
-0.03078396
-0.02576732
-0.02087163
-0.01620787
-0.01182170
-0.00768925
-0.00372550
0.00019618
0.00421707
0.00846357
0.01302054
0.01791233
0.02309461
0.02845815
0.03384361
0.03906406
0.04393106
0.04827931
0.05198581
0.05498031
0.05724611
0.05881179
0.05973648
0.06009204
0.05994629
0.05935025
0.05833209
0.05689809
0.05503986
0.05274564
0.05001246
0.04685623
0.04331719
0.03945929
0.03536353
0.03111674
0.02679810
0.02246646
0.01815130
0.01384935
0.00952791
0.00513436
0.00061011
-0.00409346
-0.00900042
-0.01409964
-0.01934025
-0.02463407
-0.02986459
-0.03490074
-0.03961306
-0.04388913
-0.04764565
-0.05083511
-0.05344607
-0.05549733
-0.05702749
-0.05808212
-0.05870117
-0.05890921
-0.05871031
-0.05808843
-0.05701328
-0.05545004
-0.05337116
-0.05076753
-0.04765677
-0.04408681
-0.04013378
-0.03589458
-0.03147520
-0.02697682
-0.02248243
-0.01804613
-0.01368734
-0.00939092
-0.00511334
-0.00079385
0.00363114
0.00821307
0.01297813
0.01791823
0.02298764
0.02810568
0.03316486
0.03804304
0.04261733
0.04677722
0.05043496
0.05353135
0.05603647
0.05794565
0.05927190
0.06003679
0.06026192
0.05996288
0.05914705
0.05781563
0.05596922
0.05361557
0.05077735
0.04749787
0.04384276
0.03989678
0.03575569
0.03151439
0.02725350
0.02302695
0.01885344
0.01471385
0.01055561
0.00630403
0.00187876
-0.00278724
-0.00772980
-0.01293993
-0.01835755
-0.02387390
-0.02934263
-0.03459795
-0.03947663
-0.04383991
-0.04759149
-0.05068801
-0.05314023
-0.05500458
-0.05636676
-0.05732054
-0.05794584
-0.05829062
-0.05835988
-0.05811434
-0.05747889
-0.05635941
-0.05466458
-0.05232846
-0.04932924
-0.04570040
-0.04153176
-0.03696008
-0.03215061
-0.02727295
-0.02247570
-0.01786443
-0.01348724
-0.00933043
-0.00532514
-0.00136372
0.00267721
0.00691123
0.01141862
0.01622904
0.02131309
0.02658408
0.03190899
0.03712639
0.04206777
0.04657825
0.05053332
0.05384892
0.05648388
0.05843523
0.05972815
0.06040341
0.06050514
0.06007165
0.05913091
0.05770113
0.05579574
0.05343086
0.05063297
0.04744445
0.04392517
0.04014931
0.03619773
0.03214740
0.02805993
0.02397192
0.01988931
0.01578725
0.01161608
0.00731259
0.00281476
-0.00192273
-0.00691483
-0.01213719
-0.01752348
-0.02296975
-0.02834516
-0.03350730
-0.03831951
-0.04266717
-0.04647021
-0.04968973
-0.05232770
-0.05441997
-0.05602396
-0.05720343
-0.05801304
-0.05848578
-0.05862525
-0.05840452
-0.05777156
-0.05666034
-0.05500560
-0.05275859
-0.04990086
-0.04645355
-0.04248031
-0.03808314
-0.03339158
-0.02854694
-0.02368408
-0.01891374
-0.01430837
-0.00989404
-0.00564963
-0.00151384
0.00260130
0.00679227
0.01114447
0.01571421
0.02051525
0.02551205
0.03062076
0.03571773
0.04065386
0.04527243
0.04942742
0.05299920
0.05590532
0.05810495
0.05959662
0.06041049
0.06059690
0.06021393
0.05931641
0.05794856
0.05614134
0.05391473
0.05128364
0.04826581
0.04488921
0.04119678
0.03724701
0.03310978
0.02885801
0.02455692
0.02025330
0.01596726
0.01168889
0.00738098
0.00298801
-0.00155012
-0.00628181
-0.01122831
-0.01637205
-0.02165160
-0.02696434
-0.03217701
-0.03714217
-0.04171773
-0.04578592
-0.04926792
-0.05213143
-0.05438967
-0.05609198
-0.05730810
-0.05810929
-0.05855025
-0.05865570
-0.05841437
-0.05778184
-0.05669166
-0.05507247
-0.05286757
-0.05005277
-0.04664861
-0.04272418
-0.03839147
-0.03379102
-0.02907159
-0.02436760
-0.01977897
-0.01535707
-0.01109973
-0.00695630
-0.00284162
0.00134361
0.00569020
0.01025979
0.01507002
0.02008815
0.02523399
0.03039106
0.03542348
0.04019487
0.04458546
0.04850420
0.05189376
0.05472828
0.05700504
0.05873268
0.05991929
0.06056362
0.06065148
0.06015870
0.05905959
0.05733908
0.05500530
0.05209927
0.04869871
0.04491448
0.04087933
0.03673074
0.03259086
0.02854753
0.02464016
0.02085375
0.01712265
0.01334383
0.00939764
0.00517240
0.00058841
-0.00438307
-0.00970940
-0.01529675
-0.02100069
-0.02664560
-0.03204892
-0.03704618
-0.04151202
-0.04537367
-0.04861464
-0.05126832
-0.05340302
-0.05510178
-0.05644087
-0.05747125
-0.05820666
-0.05862025
-0.05865051
-0.05821492
-0.05722860
-0.05562430
-0.05336957
-0.05047804
-0.04701233
-0.04307817
-0.03881077
-0.03435583
-0.02984866
-0.02539528
-0.02105861
-0.01685236
-0.01274339
-0.00866219
-0.00451935
-0.00022512
0.00429129
0.00906604
0.01409113
0.01931236
0.02463487
0.02993486
0.03507539
0.03992306
0.04436290
0.04830882
0.05170818
0.05454016
0.05680868
0.05853186
0.05973046
0.06041789
0.06059404
0.06024434
0.05934426
0.05786828
0.05580151
0.05315118
0.04995539
0.04628666
0.04224904
0.03796844
0.03357753
0.02919766
0.02492082
0.02079541
0.01681848
0.01293671
0.00905641
0.00506138
0.00083596
-0.00371065
-0.00862308
-0.01388538
-0.01941639
-0.02507618
-0.03068257
-0.03603532
-0.04094370
-0.04525267
-0.04886309
-0.05174212
-0.05392210
-0.05548807
-0.05655622
-0.05724757
-0.05766165
-0.05785552
-0.05783199
-0.05753950
-0.05688371
-0.05574858
-0.05402285
-0.05162677
-0.04853362
-0.04478182
-0.04047481
-0.03576864
-0.03084921
-0.02590348
-0.02108988
-0.01651363
-0.01221159
-0.00814966
-0.00423309
-0.00032811
0.00370948
0.00800381
0.01263226
0.01760750
0.02287120
0.02830041
0.03372510
0.03895305
0.04379748
0.04810201
0.05175856
0.05471521
0.05697337
0.05857545
0.05958648
0.06007386
0.06008985
0.05966055
0.05878350
0.05743406
0.05557882
0.05319268
0.05027520
0.04686235
0.04303033
0.03889015
0.03457366
0.03021346
0.02592072
0.02176565
0.01776475
0.01387794
0.01001673
0.00606224
0.00189015
-0.00260209
-0.00747091
-0.01270977
-0.01824317
-0.02393294
-0.02959560
-0.03502793
-0.04003590
-0.04446166
-0.04820387
-0.05122740
-0.05356122
-0.05528490
-0.05650666
-0.05733751
-0.05786653
-0.05814204
-0.05816243
-0.05787809
-0.05720398
-0.05604006
-0.05429549
-0.05191143
-0.04887811
-0.04524248
-0.04110497
-0.03660596
-0.03190458
-0.02715380
-0.02247693
-0.01794970
-0.01359157
-0.00936766
-0.00520095
-0.00099218
0.00335652
0.00791862
0.01272542
0.01775652
0.02294016
0.02816292
0.03328667
0.03816881
0.04268207
0.04672966
0.05025314
0.05323185
0.05567465
0.05760623
0.05905163
0.06002262
0.06050950
0.06048026
0.05988757
0.05868212
0.05682948
0.05432634
0.05121230
0.04757387
0.04353914
0.03926306
0.03490589
0.03060845
0.02646902
0.02252660
0.01875417
0.01506398
0.01132438
0.00738576
0.00311107
-0.00159461
-0.00676084
-0.01233941
-0.01820529
-0.02417106
-0.03001240
-0.03550011
-0.04043316
-0.04466658
-0.04812946
-0.05082988
-0.05284591
-0.05430487
-0.05535459
-0.05613229
-0.05673690
-0.05720980
-0.05752754
-0.05760756
-0.05732555
-0.05654112
-0.05512659
-0.05299364
-0.05011284
-0.04652255
-0.04232577
-0.03767590
-0.03275402
-0.02774221
-0.02279760
-0.01803171
-0.01349846
-0.00919249
-0.00505738
-0.00100202
0.00307855
0.00728141
0.01167702
0.01629629
0.02112502
0.02610579
0.03114613
0.03613060
0.04093435
0.04543561
0.04952512
0.05311184
0.05612474
0.05851175
0.06023721
0.06127921
0.06162823
0.06128745
0.06027462
0.05862471
0.05639207
0.05365075
0.05049193
0.04701807
0.04333400
0.03953624
0.03570200
0.03188009
0.02808529
0.02429785
0.02046827
0.01652723
0.01239912
0.00801718
0.00333778
-0.00164839
-0.00691022
-0.01237609
-0.01793994
-0.02347244
-0.02883551
-0.03389785
-0.03854906
-0.04271007
-0.04633850
-0.04942810
-0.05200275
-0.05410602
-0.05578842
-0.05709440
-0.05805138
-0.05866281
-0.05890624
-0.05873684
-0.05809587
-0.05692243
-0.05516679
-0.05280277
-0.04983709
-0.04631404
-0.04231423
-0.03794762
-0.03334156
-0.02862563
-0.02391558
-0.01929896
-0.01482480
-0.01049906
-0.00628690
-0.00212141
0.00208230
0.00640989
0.01093011
0.01567946
0.02065171
0.02579397
0.03100985
0.03616919
0.04112280
0.04571950
0.04982296
0.05332541
0.05615634
0.05828498
0.05971680
0.06048507
0.06063964
0.06023529
0.05932201
0.05793910
0.05611389
0.05386485
0.05120795
0.04816421
0.04476640
0.04106262
0.03711570
0.03299803
0.02878259
0.02453213
0.02028872
0.01606638
0.01184864
0.00759231
0.00323712
-0.00127995
-0.00600842
-0.01096888
-0.01614178
-0.02146259
-0.02682482
-0.03209057
-0.03710702
-0.04172601
-0.04582317
-0.04931316
-0.05215812
-0.05436790
-0.05599207
-0.05710526
-0.05778888
-0.05811269
-0.05811989
-0.05781868
-0.05718182
-0.05615434
-0.05466763
-0.05265719
-0.05008036
-0.04693034
-0.04324385
-0.03910052
-0.03461417
-0.02991754
-0.02514331
-0.02040491
-0.01578083
-0.01130533
-0.00696705
-0.00271595
0.00152298
0.00583188
0.01028118
0.01491335
0.01973189
0.02469727
0.02973024
0.03472132
0.03954451
0.04407229
0.04818936
0.05180260
0.05484613
0.05728115
0.05909149
0.06027670
0.06084466
0.06080589
0.06017081
0.05895067
0.05716154
0.05483011
0.05199930
0.04873179
0.04510980
0.04123029
0.03719587
0.03310262
0.02902713
0.02501514
0.02107438
0.01717352
0.01324792
0.00921186
0.00497547
0.00046359
-0.00436666
-0.00951271
-0.01492044
-0.02048634
-0.02606784
-0.03150029
-0.03661765
-0.04127349
-0.04535854
-0.04881190
-0.05162399
-0.05383081
-0.05550077
-0.05671669
-0.05755627
-0.05807497
-0.05829428
-0.05819772
-0.05773523
-0.05683501
-0.05542047
-0.05342898
-0.05082872
-0.04763023
-0.04389040
-0.03970793
-0.03521103
-0.03053949
-0.02582454
-0.02117010
-0.01663893
-0.01224633
-0.00796239
-0.00372242
0.00055642
0.00495542
0.00953520
0.01432058
0.01929214
0.02438575
0.02949991
0.03450917
0.03928093
0.04369227
0.04764376
0.05106771
0.05392995
0.05622508
0.05796702
0.05917729
0.05987386
0.06006336
0.05973839
0.05888057
0.05746860
0.05548934
0.05294928
0.04988329
0.04635846
0.04247133
0.03833859
0.03408246
0.02981352
0.02561399
0.02152511
0.01754118
0.01361186
0.00965275
0.00556270
0.00124493
-0.00337188
-0.00831608
-0.01356259
-0.01903132
-0.02459475
-0.03009353
-0.03535712
-0.04022595
-0.04457104
-0.04830792
-0.05140232
-0.05386723
-0.05575206
-0.05712636
-0.05806148
-0.05861369
-0.05881208
-0.05865341
-0.05810465
-0.05711266
-0.05561862
-0.05357450
-0.05095794
-0.04778277
-0.04410276
-0.04000803
-0.03561458
-0.03104889
-0.02643032
-0.02185470
-0.01738195
-0.01302988
-0.00877543
-0.00456289
-0.00031764
0.00403705
0.00856305
0.01329317
0.01822195
0.02330274
0.02845135
0.03355521
0.03848620
0.04311496
0.04732402
0.05101789
0.05412884
0.05661787
0.05847151
0.05969581
0.06030908
0.06033526
0.05979939
0.05872586
0.05713947
0.05506871
0.05254981
0.04963010
0.04636913
0.04283678
0.03910799
0.03525467
0.03133641
0.02739155
0.02343088
0.01943566
0.01536086
0.01114389
0.00671771
0.00202628
-0.00296017
-0.00823286
-0.01373784
-0.01937637
-0.02501292
-0.03048973
-0.03564575
-0.04033679
-0.04445345
-0.04793361
-0.05076718
-0.05299210
-0.05468246
-0.05593053
-0.05682635
-0.05743844
-0.05779946
-0.05789941
-0.05768786
-0.05708473
-0.05599755
-0.05434206
-0.05206192
-0.04914377
-0.04562475
-0.04159071
-0.03716561
-0.03249387
-0.02771911
-0.02296335
-0.01831047
-0.01379709
-0.00941238
-0.00510672
-0.00080723
0.00356304
0.00806597
0.01273307
0.01755678
0.02248967
0.02745120
0.03234017
0.03704980
0.04148213
0.04555849
0.04922414
0.05244651
0.05520795
0.05749533
0.05928967
0.06055891
0.06125612
0.06132440
0.06070783
0.05936628
0.05729089
0.05451633
0.05112649
0.04725142
0.04305492
0.03871439
0.03439604
0.03023008
0.02629040
0.02258315
0.01904670
0.01556355
0.01198255
0.00814780
0.00392893
-0.00075234
-0.00590438
-0.01145967
-0.01728171
-0.02318359
-0.02895453
-0.03438984
-0.03931858
-0.04362430
-0.04725535
-0.05022333
-0.05259072
-0.05445039
-0.05590137
-0.05702568
-0.05787061
-0.05843948
-0.05869246
-0.05855667
-0.05794311
-0.05676710
-0.05496772
-0.05252287
-0.04945702
-0.04584043
-0.04178043
-0.03740649
-0.03285213
-0.02823700
-0.02365222
-0.01915138
-0.01474827
-0.01042119
-0.00612279
-0.00179304
0.00262685
0.00718188
0.01189407
0.01675734
0.02173691
0.02677240
0.03178371
0.03667820
0.04135800
0.04572645
0.04969300
0.05317673
0.05610840
0.05843174
0.06010436
0.06109864
0.06140284
0.06102218
0.05997978
0.05831692
0.05609213
0.05337896
0.05026209
0.04683205
0.04317880
0.03938494
0.03551901
0.03163003
0.02774371
0.02386127
0.01996093
0.01600246
0.01193424
0.00770233
0.00326048
-0.00142013
-0.00634273
-0.01147971
-0.01677114
-0.02212765
-0.02743750
-0.03257702
-0.03742309
-0.04186582
-0.04581938
-0.04922925
-0.05207466
-0.05436563
-0.05613518
-0.05742811
-0.05828842
-0.05874779
-0.05881753
-0.05848563
-0.05771975
-0.05647564
-0.05470952
-0.05239183
-0.04951953
-0.04612422
-0.04227396
-0.03806811
-0.03362572
-0.02906931
-0.02450722
-0.02001776
-0.01563852
-0.01136290
-0.00714506
-0.00291225
0.00141749
0.00591572
0.01062573
0.01555002
0.02064524
0.02582575
0.03097465
0.03596007
0.04065327
0.04494476
0.04875535
0.05204006
0.05478458
0.05699559
0.05868768
0.05987030
0.06053832
0.06066870
0.06022443
0.05916509
0.05746170
0.05511214
0.05215344
0.04866713
0.04477565
0.04062942
0.03638649
0.03218817
0.02813558
0.02427190
0.02057439
0.01695848
0.01329390
0.00943038
0.00522845
0.00058979
-0.00451891
-0.01005289
-0.01589014
-0.02184600
-0.02769903
-0.03322363
-0.03822324
-0.04255802
-0.04616212
-0.04904723
-0.05129231
-0.05302143
-0.05437443
-0.05547596
-0.05640903
-0.05719786
-0.05780326
-0.05813103
-0.05805149
-0.05742615
-0.05613624
-0.05410765
-0.05132750
-0.04784969
-0.04378832
-0.03930089
-0.03456430
-0.02974858
-0.02499284
-0.02038783
-0.01596765
-0.01171173
-0.00755599
-0.00341053
0.00081941
0.00521338
0.00981975
0.01464609
0.01965711
0.02477944
0.02991171
0.03493760
0.03973909
0.04420772
0.04825230
0.05180231
0.05480751
0.05723464
0.05906285
0.06027938
0.06087672
0.06085204
0.06020877
0.05895980
0.05713123
0.05476537
0.05192185
0.04867601
0.04511438
0.04132764
0.03740186
0.03340954
0.02940181
0.02540322
0.02141021
0.01739377
0.01330609
0.00909045
0.00469301
0.00007472
-0.00477830
-0.00984780
-0.01508087
-0.02039247
-0.02567284
-0.03079877
-0.03564702
-0.04010792
-0.04409698
-0.04756247
-0.05048780
-0.05288819
-0.05480214
-0.05627924
-0.05736652
-0.05809579
-0.05847467
-0.05848297
-0.05807550
-0.05719106
-0.05576602
-0.05375014
-0.05112148
-0.04789740
-0.04413912
-0.03994854
-0.03545728
-0.03080963
-0.02614223
-0.02156398
-0.01714021
-0.01288390
-0.00875618
-0.00467616
-0.00053863
0.00376340
0.00831520
0.01316036
0.01828775
0.02362798
0.02905981
0.03442544
0.03955162
0.04427270
0.04845146
0.05199378
0.05485511
0.05703761
0.05857955
0.05953933
0.05997803
0.05994415
0.05946395
0.05853913
0.05715215
0.05527759
0.05289667
0.05001137
0.04665445
0.04289287
0.03882322
0.03455988
0.03021799
0.02589484
0.02165355
0.01751262
0.01344404
0.00938056
0.00523117
0.00090204
-0.00368111
-0.00855347
-0.01369830
-0.01904336
-0.02446748
-0.02981591
-0.03492180
-0.03962955
-0.04381586
-0.04740438
-0.05037165
-0.05274319
-0.05458111
-0.05596575
-0.05697527
-0.05766723
-0.05806579
-0.05815689
-0.05789218
-0.05720058
-0.05600508
-0.05424116
-0.05187312
-0.04890517
-0.04538495
-0.04139913
-0.03706180
-0.03249820
-0.02782678
-0.02314309
-0.01850837
-0.01394492
-0.00943860
-0.00494806
-0.00041835
0.00420347
0.00895391
0.01384211
0.01884445
0.02390501
0.02894158
0.03385568
0.03854430
0.04291128
0.04687608
0.05037876
0.05338057
0.05586071
0.05781046
0.05922644
0.06010473
0.06043747
0.06021261
0.05941720
0.05804318
0.05609442
0.05359337
0.05058530
0.04713906
0.04334339
0.03929916
0.03510844
0.03086220
0.02662879
0.02244532
0.01831383
0.01420313
0.01005660
0.00580465
0.00138022
-0.00326546
-0.00814932
-0.01324780
-0.01849460
-0.02378550
-0.02898974
-0.03396598
-0.03858035
-0.04272344
-0.04632314
-0.04935119
-0.05182209
-0.05378455
-0.05530709
-0.05646041
-0.05729990
-0.05785170
-0.05810501
-0.05801254
-0.05749896
-0.05647621
-0.05486266
-0.05260268
-0.04968256
-0.04613972
-0.04206291
-0.03758309
-0.03285620
-0.02804087
-0.02327490
-0.01865494
-0.01422318
-0.00996369
-0.00580924
-0.00165762
0.00260547
0.00708105
0.01183358
0.01687407
0.02215255
0.02756139
0.03294853
0.03813829
0.04295568
0.04724981
0.05091212
0.05388631
0.05616850
0.05779819
0.05884225
0.05937564
0.05946289
0.05914434
0.05842975
0.05730060
0.05572001
0.05364811
0.05105917
0.04795643
0.04438112
0.04041339
0.03616448
0.03176148
0.02732743
0.02296100
0.01871970
0.01461050
0.01058988
0.00657394
0.00245683
-0.00186572
-0.00647208
-0.01139433
-0.01660563
-0.02201791
-0.02749053
-0.03284836
-0.03790607
-0.04249419
-0.04648228
-0.04979490
-0.05241775
-0.05439292
-0.05580447
-0.05675727
-0.05735319
-0.05766937
-0.05774249
-0.05756212
-0.05707412
-0.05619336
-0.05482308
-0.05287709
-0.05030040
-0.04708445
-0.04327381
-0.03896322
-0.03428563
-0.02939323
-0.02443530
-0.01953684
-0.01478178
-0.01020391
-0.00578683
-0.00147287
0.00282097
0.00718307
0.01168681
0.01637360
0.02124191
0.02624413
0.03129130
0.03626442
0.04102990
0.04545610
0.04942797
0.05285731
0.05568738
0.05789153
0.05946723
0.06042717
0.06079016
0.06057383
0.05979116
0.05845125
0.05656402
0.05414743
0.05123496
0.04788113
0.04416303
0.04017672
0.03602853
0.03182231
0.02764513
0.02355389
0.01956605
0.01565654
0.01176209
0.00779301
0.00365048
-0.00075310
-0.00547444
-0.01052392
-0.01585717
-0.02137557
-0.02693581
-0.03236701
-0.03749252
-0.04215272
-0.04622482
-0.04963620
-0.05236918
-0.05445643
-0.05596828
-0.05699426
-0.05762280
-0.05792257
-0.05792935
-0.05764051
-0.05701804
-0.05599933
-0.05451339
-0.05249903
-0.04992154
-0.04678426
-0.04313305
-0.03905255
-0.03465510
-0.03006443
-0.02539741
-0.02074716
-0.01617088
-0.01168454
-0.00726536
-0.00286139
0.00159360
0.00616295
0.01089081
0.01578958
0.02083333
0.02595790
0.03106757
0.03604642
0.04077227
0.04513035
0.04902449
0.05238389
0.05516509
0.05734916
0.05893568
0.05993522
0.06036228
0.06023045
0.05955073
0.05833312
0.05659081
0.05434555
0.05163250
0.04850295
0.04502375
0.04127309
0.03733300
0.03327993
0.02917511
0.02505664
0.02093512
0.01679393
0.01259432
0.00828492
0.00381399
-0.00085759
-0.00574475
-0.01083024
-0.01606158
-0.02135362
-0.02659633
-0.03166659
-0.03644202
-0.04081467
-0.04470219
-0.04805499
-0.05085802
-0.05312727
-0.05490164
-0.05623169
-0.05716737
-0.05774676
-0.05798786
-0.05788482
-0.05740914
-0.05651572
-0.05515258
-0.05327261
-0.05084519
-0.04786579
-0.04436156
-0.04039205
-0.03604469
-0.03142558
-0.02664716
-0.02181454
-0.01701291
-0.01229794
-0.00769094
-0.00317956
0.00127594
0.00573193
0.01024773
0.01487136
0.01962700
0.02450606
0.02946346
0.03441949
0.03926684
0.04388162
0.04813635
0.05191288
0.05511318
0.05766651
0.05953229
0.06069871
0.06117798
0.06099977
0.06020437
0.05883710
0.05694501
0.05457608
0.05178054
0.04861317
0.04513521
0.04141458
0.03752344
0.03353278
0.02950488
0.02548479
0.02149293
0.01752060
0.01353025
0.00946120
0.00524066
0.00079852
-0.00391619
-0.00892043
-0.01418658
-0.01963858
-0.02515617
-0.03058678
-0.03576361
-0.04052687
-0.04474441
-0.04832824
-0.05124360
-0.05350909
-0.05518751
-0.05636938
-0.05715191
-0.05761772
-0.05781727
-0.05775848
-0.05740560
-0.05668753
-0.05551407
-0.05379687
-0.05147085
-0.04851198
-0.04494767
-0.04085760
-0.03636481
-0.03161847
-0.02677164
-0.02195824
-0.01727348
-0.01276157
-0.00841292
-0.00417119
0.00005103
0.00435123
0.00881449
0.01349369
0.01839610
0.02347841
0.02865083
0.03378902
0.03875116
0.04339671
0.04760322
0.05127813
0.05436394
0.05683632
0.05869647
0.05996021
0.06064659
0.06076912
0.06033157
0.05932945
0.05775655
0.05561469
0.05292428
0.04973238
0.04611603
0.04217909
0.03804251
0.03382942
0.02964750
0.02557226
0.02163442
0.01781457
0.01404642
0.01022900
0.00624575
0.00198774
-0.00262326
-0.00761582
-0.01295753
-0.01855369
-0.02425622
-0.02988162
-0.03523489
-0.04013538
-0.04444005
-0.04806034
-0.05096965
-0.05320054
-0.05483218
-0.05597073
-0.05672612
-0.05718978
-0.05741706
-0.05741766
-0.05715553
-0.05655795
-0.05553212
-0.05398573
-0.05184776
-0.04908553
-0.04571481
-0.04180114
-0.03745226
-0.03280306
-0.02799579
-0.02315946
-0.01839186
-0.01374775
-0.00923497
-0.00481923
-0.00043643
0.00398990
0.00852938
0.01322722
0.01809158
0.02308786
0.02814076
0.03314340
0.03797141
0.04249922
0.04661537
0.05023398
0.05330068
0.05579209
0.05770978
0.05907040
0.05989463
0.06019768
0.05998357
0.05924461
0.05796622
0.05613574
0.05375327
0.05084163
0.04745271
0.04366824
0.03959405
0.03534828
0.03104551
0.02677966
0.02260919
0.01854768
0.01456223
0.01058052
0.00650576
0.00223720
-0.00230742
-0.00717158
-0.01234563
-0.01776149
-0.02329736
-0.02879211
-0.03406672
-0.03894909
-0.04329768
-0.04701964
-0.05008021
-0.05250168
-0.05435222
-0.05572691
-0.05672470
-0.05742569
-0.05787343
-0.05806536
-0.05795348
-0.05745489
-0.05647013
-0.05490568
-0.05269613
-0.04982160
-0.04631694
-0.04227090
-0.03781517
-0.03310560
-0.02829886
-0.02352913
-0.01888899
-0.01441822
-0.01010227
-0.00588071
-0.00166370
0.00264656
0.00713350
0.01184718
0.01679177
0.02192158
0.02714588
0.03234117
0.03736812
0.04208976
0.04638748
0.05017204
0.05338801
0.05601156
0.05804281
0.05949518
0.06038459
0.06072109
0.06050512
0.05972893
0.05838292
0.05646498
0.05399047
0.05099994
0.04756246
0.04377289
0.03974315
0.03558869
0.03141248
0.02728971
0.02325626
0.01930365
0.01538179
0.01140966
0.00729215
0.00294052
-0.00170748
-0.00667113
-0.01191737
-0.01736022
-0.02286921
-0.02828573
-0.03344417
-0.03819420
-0.04242038
-0.04605529
-0.04908421
-0.05154038
-0.05349205
-0.05502376
-0.05621562
-0.05712439
-0.05777024
-0.05813149
-0.05814844
-0.05773553
-0.05679940
-0.05525934
-0.05306626
-0.05021627
-0.04675641
-0.04278111
-0.03842013
-0.03382010
-0.02912306
-0.02444608
-0.01986561
-0.01540958
-0.01105846
-0.00675510
-0.00242124
0.00202246
0.00663674
0.01144811
0.01644006
0.02155261
0.02668988
0.03173390
0.03656163
0.04106178
0.04514779
0.04876482
0.05188940
0.05452249
0.05667767
0.05836776
0.05959309
0.06033444
0.06055266
0.06019541
0.05920971
0.05755778
0.05523255
0.05226911
0.04874906
0.04479610
0.04056272
0.03621013
0.03188465
0.02769514
0.02369581
0.01987789
0.01617258
0.01246477
0.00861590
0.00449174
-0.00000969
-0.00493508
-0.01026211
-0.01589736
-0.02168663
-0.02743550
-0.03293677
-0.03799956
-0.04247500
-0.04627402
-0.04937424
-0.05181508
-0.05368241
-0.05508601
-0.05613432
-0.05691127
-0.05745957
-0.05777334
-0.05780114
-0.05745835
-0.05664632
-0.05527414
-0.05327898
-0.05064096
-0.04738989
-0.04360306
-0.03939450
-0.03489826
-0.03024881
-0.02556246
-0.02092281
-0.01637291
-0.01191488
-0.00751660
-0.00312391
0.00132443
0.00588173
0.01058089
0.01542643
0.02039164
0.02542088
0.03043583
0.03534399
0.04004765
0.04445177
0.04846971
0.05202634
0.05505900
0.05751695
0.05936034
0.06055968
0.06109639
0.06096450
0.06017325
0.05874959
0.05673991
0.05420973
0.05124103
0.04792684
0.04436365
0.04064244
0.03683966
0.03300957
0.02917919
0.02534685
0.02148477
0.01754539
0.01347084
0.00920411
0.00470051
-0.00006220
-0.00507656
-0.01030191
-0.01566541
-0.02106730
-0.02638987
-0.03150898
-0.03630644
-0.04068168
-0.04456097
-0.04790290
-0.05069921
-0.05297094
-0.05476027
-0.05611946
-0.05709859
-0.05773411
-0.05804033
-0.05800532
-0.05759226
-0.05674621
-0.05540531
-0.05351466
-0.05104022
-0.04798040
-0.04437271
-0.04029397
-0.03585365
-0.03118097
-0.02640785
-0.02165058
-0.01699346
-0.01247757
-0.00809694
-0.00380308
0.00048252
0.00485018
0.00938105
0.01412732
0.01909720
0.02424755
0.02948546
0.03467870
0.03967281
0.04431186
0.04845876
0.05201146
0.05491199
0.05714718
0.05874109
0.05974142
0.06020307
0.06017269
0.05967764
0.05872205
0.05729046
0.05535840
0.05290702
0.04993828
0.04648663
0.04262396
0.03845597
0.03410990
0.02971573
0.02538445
0.02118803
0.01714548
0.01321864
0.00931925
0.00532671
0.00111364
-0.00342546
-0.00834785
-0.01364390
-0.01923010
-0.02495542
-0.03062050
-0.03600608
-0.04090569
-0.04515638
-0.04866174
-0.05140275
-0.05343445
-0.05486921
-0.05584978
-0.05651754
-0.05698224
-0.05729903
-0.05745740
-0.05738398
-0.05695871
-0.05604087
-0.05449995
-0.05224505
-0.04924701
-0.04554896
-0.04126322
-0.03655512
-0.03161710
-0.02663786
-0.02177272
-0.01712066
-0.01271222
-0.00851040
-0.00442399
-0.00033051
0.00389574
0.00835599
0.01310459
0.01813604
0.02338303
0.02872558
0.03400870
0.03906494
0.04373717
0.04789761
0.05145966
0.05438127
0.05665995
0.05832156
0.05940587
0.05995243
0.05998996
0.05953145
0.05857559
0.05711381
0.05514086
0.05266592
0.04972137
0.04636668
0.04268606
0.03877988
0.03475138
0.03069110
0.02666238
0.02269080
0.01876024
0.01481657
0.01077885
0.00655626
0.00206796
-0.00273766
-0.00786787
-0.01327738
-0.01886867
-0.02450110
-0.03000730
-0.03521417
-0.03996497
-0.04413886
-0.04766443
-0.05052516
-0.05275589
-0.05443101
-0.05564671
-0.05650026
-0.05707021
-0.05740088
-0.05749403
-0.05730901
-0.05677135
-0.05578834
-0.05426854
-0.05214186
-0.04937640
-0.04598899
-0.04204735
-0.03766343
-0.03297888
-0.02814515
-0.02330180
-0.01855666
-0.01397148
-0.00955573
-0.00526947
-0.00103506
0.00324449
0.00766373
0.01229329
0.01716268
0.02225012
0.02748121
0.03273648
0.03786627
0.04271013
0.04711709
0.05096336
0.05416435
0.05667929
0.05850817
0.05968231
0.06025096
0.06026713
0.05977569
0.05880634
0.05737264
0.05547695
0.05311975
0.05031066
0.04707827
0.04347580
0.03958074
0.03548800
0.03129746
0.02709836
0.02295381
0.01888891
0.01488559
0.01088565
0.00680250
0.00253950
-0.00198796
-0.00683094
-0.01199026
-0.01740793
-0.02296902
-0.02851385
-0.03385859
-0.03882080
-0.04324505
-0.04702407
-0.05011129
-0.05252251
-0.05432640
-0.05562578
-0.05653322
-0.05714590
-0.05752459
-0.05768085
-0.05757502
-0.05712518
-0.05622552
-0.05477014
-0.05267772
-0.04991211
-0.04649454
-0.04250523
-0.03807378
-0.03336022
-0.02853037
-0.02373010
-0.01906348
-0.01457881
-0.01026523
-0.00606026
-0.00186687
0.00242338
0.00690544
0.01163879
0.01663231
0.02183852
0.02715790
0.03245211
0.03756324
0.04233524
0.04663359
0.05035971
0.05345782
0.05591369
0.05774634
0.05899494
0.05970425
0.05991176
0.05963941
0.05889130
0.05765768
0.05592396
0.05368231
0.05094291
0.04774208
0.04414489
0.04024140
0.03613686
0.03193741
0.02773431
0.02358950
0.01952591
0.01552433
0.01152820
0.00745556
0.00321641
-0.00126760
-0.00604445
-0.01111766
-0.01643921
-0.02191097
-0.02739457
-0.03272792
-0.03774576
-0.04230054
-0.04628017
-0.04961966
-0.05230470
-0.05436689
-0.05587161
-0.05690113
-0.05753594
-0.05783800
-0.05783889
-0.05753494
-0.05689012
-0.05584596
-0.05433638
-0.05230455
-0.04971840
-0.04658165
-0.04293829
-0.03886951
-0.03448364
-0.02990093
-0.02523607
-0.02058174
-0.01599630
-0.01149789
-0.00706618
-0.00265122
0.00181211
0.00638688
0.01111740
0.01601596
0.02105562
0.02617009
0.03126063
0.03620835
0.04088951
0.04519069
0.04902101
0.05231925
0.05505479
0.05722269
0.05883453
0.05990740
0.06045377
0.06047492
0.05995945
0.05888743
0.05723928
0.05500721
0.05220658
0.04888403
0.04512004
0.04102456
0.03672580
0.03235382
0.02802180
0.02380853
0.01974579
0.01581352
0.01194408
0.00803564
0.00397247
-0.00035108
-0.00500741
-0.01001735
-0.01534034
-0.02087493
-0.02646984
-0.03194354
-0.03710908
-0.04179950
-0.04588948
-0.04930922
-0.05204846
-0.05414992
-0.05569396
-0.05677749
-0.05749140
-0.05790092
-0.05803263
-0.05787042
-0.05736103
-0.05642773
-0.05498932
-0.05298033
-0.05036860
-0.04716652
-0.04343380
-0.03927142
-0.03480770
-0.03017958
-0.02551242
-0.02090233
-0.01640417
-0.01202736
-0.00773990
-0.00347982
0.00082861
0.00525688
0.00985572
0.01464311
0.01959850
0.02466384
0.02975057
0.03475086
0.03955054
0.04404114
0.04812901
0.05174023
0.05482106
0.05733488
0.05925696
0.06056916
0.06125625
0.06130503
0.06070675
0.05946215
0.05758792
0.05512260
0.05213012
0.04869934
0.04493889
0.04096751
0.03690106
0.03283831
0.02884788
0.02495900
0.02115789
0.01739096
0.01357465
0.00961078
0.00540497
0.00088537
-0.00398147
-0.00918021
-0.01464359
-0.02025731
-0.02587206
-0.03132103
-0.03644000
-0.04108678
-0.04515702
-0.04859383
-0.05138976
-0.05358113
-0.05523568
-0.05643592
-0.05726110
-0.05777098
-0.05799418
-0.05792315
-0.05751656
-0.05670856
-0.05542332
-0.05359200
-0.05116926
-0.04814607
-0.04455661
-0.04047765
-0.03602072
-0.03131796
-0.02650441
-0.02169944
-0.01699096
-0.01242481
-0.00800150
-0.00368072
0.00060708
0.00494417
0.00940677
0.01404762
0.01888246
0.02388308
0.02897760
0.03405791
0.03899265
0.04364312
0.04787944
0.05159386
0.05470943
0.05718273
0.05900100
0.06017485
0.06072883
0.06069210
0.06009153
0.05894874
0.05728141
0.05510826
0.05245601
0.04936606
0.04589867
0.04213276
0.03816067
0.03407815
0.02997136
0.02590331
0.02190281
0.01795857
0.01402045
0.01000835
0.00582777
0.00138966
-0.00336886
-0.00846682
-0.01386830
-0.01948013
-0.02515953
-0.03073046
-0.03600611
-0.04081371
-0.04501717
-0.04853355
-0.05134049
-0.05347325
-0.05501222
-0.05606319
-0.05673441
-0.05711468
-0.05725664
-0.05716824
-0.05681389
-0.05612452
-0.05501458
-0.05340219
-0.05122847
-0.04847217
-0.04515686
-0.04134940
-0.03715025
-0.03267784
-0.02805010
-0.02336712
-0.01869802
-0.01407473
-0.00949333
-0.00492253
-0.00031703
0.00436694
0.00915744
0.01405647
0.01903554
0.02403747
0.02898368
0.03378493
0.03835292
0.04261017
0.04649613
0.04996844
0.05299961
0.05557035
0.05766179
0.05924888
0.06029711
0.06076392
0.06060482
0.05978332
0.05828237
0.05611488
0.05333044
0.05001642
0.04629214
0.04229677
0.03817246
0.03404558
0.03000925
0.02611055
0.02234482
0.01865835
0.01495935
0.01113555
0.00707552
0.00269017
-0.00206900
-0.00719805
-0.01263695
-0.01827464
-0.02396172
-0.02952870
-0.03480647
-0.03964599
-0.04393383
-0.04760161
-0.05062809
-0.05303419
-0.05487217
-0.05621131
-0.05712250
-0.05766460
-0.05787450
-0.05776233
-0.05731228
-0.05648844
-0.05524433
-0.05353441
-0.05132525
-0.04860481
-0.04538807
-0.04171833
-0.03766402
-0.03331165
-0.02875599
-0.02408914
-0.01939012
-0.01471660
-0.01009991
-0.00554425
-0.00103003
0.00347906
0.00802632
0.01265107
0.01737813
0.02220918
0.02711745
0.03204627
0.03691195
0.04161030
0.04602587
0.05004258
0.05355408
0.05647247
0.05873434
0.06030339
0.06116985
0.06134717
0.06086694
0.05977335
0.05811809
0.05595665
0.05334624
0.05034517
0.04701309
0.04341113
0.03960124
0.03564385
0.03159407
0.02749654
0.02338020
0.01925409
0.01510568
0.01090277
0.00659937
0.00214525
-0.00250208
-0.00736500
-0.01243509
-0.01766673
-0.02297628
-0.02824792
-0.03334540
-0.03812813
-0.04246896
-0.04627042
-0.04947639
-0.05207683
-0.05410446
-0.05562389
-0.05671495
-0.05745349
-0.05789339
-0.05805335
-0.05791134
-0.05740807
-0.05645902
-0.05497297
-0.05287338
-0.05011848
-0.04671594
-0.04272883
-0.03827147
-0.03349547
-0.02856838
-0.02364870
-0.01886205
-0.01428289
-0.00992544
-0.00574547
-0.00165286
0.00246747
0.00673013
0.01122402
0.01599191
0.02101861
0.02622944
0.03149929
0.03666989
0.04157206
0.04604839
0.04997222
0.05325983
0.05587383
0.05781823
0.05912692
0.05984864
0.06003226
0.05971550
0.05891959
0.05765051
0.05590612
0.05368685
0.05100679
0.04790215
0.04443429
0.04068627
0.03675293
0.03272672
0.02868193
0.02466128
0.02066785
0.01666475
0.01258323
0.00833811
0.00384779
-0.00094488
-0.00605512
-0.01144563
-0.01702533
-0.02265796
-0.02817903
-0.03341834
-0.03822350
-0.04248047
-0.04612694
-0.04915625
-0.05161126
-0.05356945
-0.05512233
-0.05635328
-0.05731803
-0.05803177
-0.05846509
-0.05854948
-0.05819120
-0.05729067
-0.05576356
-0.05355957
-0.05067527
-0.04715890
-0.04310615
-0.03864804
-0.03393318
-0.02910780
-0.02429697
-0.01959025
-0.01503384
-0.01063022
-0.00634473
-0.00211734
0.00212253
0.00644108
0.01088729
0.01548396
0.02022350
0.02506829
0.02995481
0.03480016
0.03950959
0.04398366
0.04812423
0.05183901
0.05504473
0.05766939
0.05965424
0.06095579
0.06154816
0.06142542
0.06060362
0.05912164
0.05704032
0.05443939
0.05141214
0.04805808
0.04447445
0.04074756
0.03694520
0.03311118
0.02926278
0.02539167
0.02146795
0.01744714
0.01327888
0.00891647
0.00432592
-0.00050638
-0.00556855
-0.01082089
-0.01619678
-0.02160666
-0.02694452
-0.03209644
-0.03695000
-0.04140379
-0.04537566
-0.04880887
-0.05167531
-0.05397509
-0.05573268
-0.05698983
-0.05779628
-0.05819959
-0.05823573
-0.05792205
-0.05725396
-0.05620611
-0.05473828
-0.05280494
-0.05036714
-0.04740455
-0.04392526
-0.03997135
-0.03561876
-0.03097106
-0.02614766
-0.02126844
-0.01643734
-0.01172784
-0.00717315
-0.00276326
0.00155043
0.00584322
0.01020002
0.01469581
0.01937722
0.02424847
0.02926427
0.03433106
0.03931627
0.04406408
0.04841466
0.05222369
0.05537851
0.05780858
0.05948860
0.06043447
0.06069346
0.06033115
0.05941805
0.05801869
0.05618520
0.05395617
0.05136029
0.04842312
0.04517457
0.04165461
0.03791517
0.03401727
0.03002362
0.02598833
0.02194617
0.01790424
0.01383865
0.00969772
0.00541199
0.00090964
-0.00386534
-0.00893574
-0.01427825
-0.01981785
-0.02543140
-0.03096011
-0.03622905
-0.04107031
-0.04534552
-0.04896346
-0.05188949
-0.05414488
-0.05579622
-0.05693708
-0.05766567
-0.05806279
-0.05817477
-0.05800455
-0.05751289
-0.05662914
-0.05526943
-0.05335840
-0.05084986
-0.04774205
-0.04408433
-0.03997368
-0.03554164
-0.03093433
-0.02628932
-0.02171404
-0.01727004
-0.01296598
-0.00876093
-0.00457703
-0.00031909
0.00410281
0.00875199
0.01364929
0.01876524
0.02402155
0.02930128
0.03446505
0.03937014
0.04388844
0.04792006
0.05140020
0.05429875
0.05661339
0.05835859
0.05955338
0.06021111
0.06033363
0.05991125
0.05892833
0.05737296
0.05524826
0.05258215
0.04943297
0.04588894
0.04206091
0.03806931
0.03402754
0.03002495
0.02611279
0.02229618
0.01853396
0.01474697
0.01083355
0.00668976
0.00223090
-0.00258963
-0.00776726
-0.01324148
-0.01890021
-0.02459240
-0.03014687
-0.03539393
-0.04018617
-0.04441490
-0.04801966
-0.05098950
-0.05335619
-0.05518095
-0.05653754
-0.05749473
-0.05810168
-0.05837850
-0.05831377
-0.05786903
-0.05698921
-0.05561675
-0.05370663
-0.05123931
-0.04822910
-0.04472642
-0.04081340
-0.03659373
-0.03217854
-0.02767097
-0.02315224
-0.01867170
-0.01424272
-0.00984516
-0.00543392
-0.00095195
0.00365452
0.00842138
0.01335531
0.01842758
0.02357418
0.02870197
0.03369967
0.03845148
0.04285088
0.04681181
0.05027551
0.05321178
0.05561485
0.05749504
0.05886832
0.05974632
0.06012913
0.06000286
0.05934250
0.05811977
0.05631426
0.05392526
0.05098153
0.04754618
0.04371514
0.03960844
0.03535558
0.03107716
0.02686629
0.02277338
0.01879771
0.01488798
0.01095233
0.00687680
0.00254906
-0.00211657
-0.00715747
-0.01254863
-0.01819903
-0.02395946
-0.02964089
-0.03504013
-0.03996833
-0.04427727
-0.04787849
-0.05075189
-0.05294229
-0.05454465
-0.05568085
-0.05647270
-0.05701622
-0.05736226
-0.05750711
-0.05739469
-0.05692987
-0.05600001
-0.05450035
-0.05235815
-0.04955079
-0.04611419
-0.04214007
-0.03776258
-0.03313706
-0.02841526
-0.02372176
-0.01913632
-0.01468529
-0.01034360
-0.00604658
-0.00170901
0.00275262
0.00739908
0.01225265
0.01728949
0.02244115
0.02760446
0.03265718
0.03747589
0.04195233
0.04600484
0.04958297
0.05266479
0.05524825
0.05733919
0.05893926
0.06003703
0.06060465
0.06060111
0.05998161
0.05871081
0.05677704
0.05420388
0.05105603
0.04743767
0.04348269
0.03933839
0.03514507
0.03101563
0.02701880
0.02316954
0.01942856
0.01571150
0.01190614
0.00789494
0.00357879
-0.00110207
-0.00615377
-0.01152336
-0.01710327
-0.02274450
-0.02827624
-0.03352834
-0.03835265
-0.04263984
-0.04632901
-0.04940877
-0.05191040
-0.05389447
-0.05543391
-0.05659667
-0.05743106
-0.05795629
-0.05815955
-0.05799989
-0.05741770
-0.05634803
-0.05473502
-0.05254499
-0.04977576
-0.04646086
-0.04266778
-0.03849096
-0.03404051
-0.02942874
-0.02475658
-0.02010219
-0.01551323
-0.01100423
-0.00655901
-0.00213802
0.00231097
0.00684030
0.01148996
0.01627720
0.02118961
0.02618268
0.03118208
0.03609009
0.04079513
0.04518276
0.04914644
0.05259654
0.05546622
0.05771374
0.05932124
0.06029067
0.06063815
0.06038812
0.05956860
0.05820862
0.05633800
0.05398937
0.05120142
0.04802200
0.04450994
0.04073418
0.03676980
0.03269118
0.02856323
0.02443238
0.02031941
0.01621583
0.01208545
0.00787132
0.00350769
-0.00106501
-0.00588450
-0.01095329
-0.01623042
-0.02163019
-0.02702859
-0.03227685
-0.03721988
-0.04171648
-0.04565769
-0.04897985
-0.05166978
-0.05376117
-0.05532264
-0.05643988
-0.05719525
-0.05764894
-0.05782547
-0.05770830
-0.05724365
-0.05635301
-0.05495159
-0.05296927
-0.05036947
-0.04716221
-0.04340830
-0.03921376
-0.03471523
-0.03005917
-0.02537885
-0.02077370
-0.01629502
-0.01194108
-0.00766246
-0.00337675
0.00101041
0.00558191
0.01038810
0.01543206
0.02066392
0.02598521
0.03126215
0.03634486
0.04108874
0.04537353
0.04911648
0.05227732
0.05485448
0.05687404
0.05837418
0.05938914
0.05993642
0.06001022
0.05958282
0.05861337
0.05706237
0.05490806
0.05216106
0.04887337
0.04513913
0.04108636
0.03686056
0.03260320
0.02842913
0.02440733
0.02054932
0.01680761
0.01308530
0.00925520
0.00518544
0.00076698
-0.00406215
-0.00930006
-0.01487516
-0.02065206
-0.02644849
-0.03205993
-0.03728783
-0.04196612
-0.04598166
-0.04928501
-0.05189018
-0.05386364
-0.05530519
-0.05632447
-0.05701767
-0.05744866
-0.05763798
-0.05756125
-0.05715698
-0.05634185
-0.05503024
-0.05315409
-0.05067927
-0.04761545
-0.04401776
-0.03998011
-0.03562173
-0.03106953
-0.02643963
-0.02182162
-0.01726806
-0.01279116
-0.00836680
-0.00394492
0.00053580
0.00513190
0.00988053
0.01478879
0.01982870
0.02493822
0.03002790
0.03499127
0.03971721
0.04410166
0.04805679
0.05151635
0.05443663
0.05679353
0.05857712
0.05978516
0.06041750
0.06047292
0.05994893
0.05884495
0.05716768
0.05493755
0.05219422
0.04899950
0.04543632
0.04160332
0.03760534
0.03354112
0.02949033
0.02550223
0.02158832
0.01772076
0.01383738
0.00985304
0.00567576
0.00122530
-0.00354889
-0.00865346
-0.01404329
-0.01962160
-0.02524828
-0.03075546
-0.03596787
-0.04072471
-0.04489943
-0.04841417
-0.05124626
-0.05342592
-0.05502533
-0.05614131
-0.05687453
-0.05730905
-0.05749592
-0.05744371
-0.05711774
-0.05644812
-0.05534498
-0.05371829
-0.05149825
-0.04865271
-0.04519805
-0.04120165
-0.03677511
-0.03205953
-0.02720530
-0.02235014
-0.01759922
-0.01301100
-0.00859145
-0.00429752
-0.00004950
0.00425019
0.00869483
0.01335208
0.01824691
0.02335202
0.02858699
0.03382640
0.03891511
0.04368804
0.04799078
0.05169769
0.05472440
0.05703311
0.05863017
0.05955718
0.05987765
0.05966226
0.05897560
0.05786683
0.05636585
0.05448510
0.05222606
0.04958852
0.04658010
0.04322352
0.03955979
0.03564636
0.03155048
0.02733918
0.02306806
0.01877166
0.01445755
0.01010607
0.00567621
0.00111678
-0.00361886
-0.00855749
-0.01369299
-0.01897861
-0.02432614
-0.02961286
-0.03469509
-0.03942634
-0.04367665
-0.04734971
-0.05039445
-0.05280886
-0.05463525
-0.05594774
-0.05683430
-0.05737684
-0.05763319
-0.05762442
-0.05733030
-0.05669365
-0.05563300
-0.05406119
-0.05190612
-0.04912972
-0.04574123
-0.04180196
-0.03742033
-0.03273793
-0.02790902
-0.02307724
-0.01835388
-0.01380190
-0.00942877
-0.00518951
-0.00099955
0.00324509
0.00764394
0.01226901
0.01714684
0.02224877
0.02749117
0.03274540
0.03785524
0.04265841
0.04700813
0.05079047
0.05393481
0.05641566
0.05824630
0.05946624
0.06012555
0.06026988
0.05992947
0.05911451
0.05781757
0.05602240
0.05371655
0.05090466
0.04761886
0.04392335
0.03991171
0.03569663
0.03139411
0.02710507
0.02289824
0.01879810
0.01478086
0.01077973
0.00669905
0.00243494
-0.00210123
-0.00696102
-0.01214301
-0.01758580
-0.02317169
-0.02874028
-0.03410975
-0.03910180
-0.04356574
-0.04739739
-0.05054935
-0.05303112
-0.05489931
-0.05624024
-0.05714853
-0.05770595
-0.05796473
-0.05793823
-0.05760075
-0.05689595
-0.05575190
-0.05409950
-0.05189038
-0.04911058
-0.04578751
-0.04198874
-0.03781324
-0.03337689
-0.02879527
-0.02416719
-0.01956206
-0.01501336
-0.01051917
-0.00604933
-0.00155735
0.00300523
0.00767517
0.01246687
0.01736660
0.02233212
0.02729736
0.03218050
0.03689359
0.04135154
0.04547866
0.04921197
0.05250093
0.05530468
0.05758792
0.05931726
0.06045948
0.06098256
0.06085972
0.06007567
0.05863374
0.05656201
0.05391666
0.05078131
0.04726150
0.04347486
0.03953811
0.03555304
0.03159366
0.02769704
0.02385960
0.02003972
0.01616671
0.01215478
0.00792001
0.00339761
-0.00144337
-0.00659019
-0.01198323
-0.01751987
-0.02306506
-0.02846683
-0.03357432
-0.03825547
-0.04241165
-0.04598687
-0.04897023
-0.05139141
-0.05331000
-0.05480059
-0.05593620
-0.05677297
-0.05733855
-0.05762647
-0.05759708
-0.05718524
-0.05631316
-0.05490622
-0.05290908
-0.05029888
-0.04709351
-0.04335304
-0.03917411
-0.03467808
-0.02999490
-0.02524554
-0.02052586
-0.01589505
-0.01137041
-0.00692949
-0.00251934
0.00192910
0.00648366
0.01119415
0.01607874
0.02111611
0.02624445
0.03136736
0.03636531
0.04111030
0.04548101
0.04937558
0.05271990
0.05547030
0.05761070
0.05914549
0.06009026
0.06046285
0.06027701
0.05954012
0.05825560
0.05642906
0.05407660
0.05123270
0.04795531
0.04432616
0.04044526
0.03642017
0.03235153
0.02831778
0.02436205
0.02048454
0.01664221
0.01275682
0.00873033
0.00446521
-0.00011382
-0.00504073
-0.01029550
-0.01580036
-0.02142619
-0.02700791
-0.03236647
-0.03733333
-0.04177311
-0.04560018
-0.04878628
-0.05135779
-0.05338348
-0.05495507
-0.05616474
-0.05708373
-0.05774639
-0.05814258
-0.05821983
-0.05789464
-0.05707065
-0.05565982
-0.05360272
-0.05088369
-0.04753815
-0.04365073
-0.03934455
-0.03476390
-0.03005357
-0.02533863
-0.02070831
-0.01620674
-0.01183180
-0.00754202
-0.00326970
0.00106210
0.00552224
0.01015646
0.01497725
0.01995968
0.02504338
0.03013958
0.03514139
0.03993531
0.04441176
0.04847322
0.05203918
0.05504789
0.05745547
0.05923370
0.06036745
0.06085285
0.06069663
0.05991681
0.05854396
0.05662250
0.05421089
0.05138005
0.04820959
0.04478202
0.04117551
0.03745633
0.03367209
0.02984723
0.02598152
0.02205215
0.01801936
0.01383492
0.00945223
0.00483681
-0.00002458
-0.00511747
-0.01039678
-0.01578823
-0.02119361
-0.02649955
-0.03158842
-0.03634986
-0.04069131
-0.04454617
-0.04787809
-0.05068110
-0.05297527
-0.05479875
-0.05619741
-0.05721368
-0.05787664
-0.05819498
-0.05815420
-0.05771879
-0.05683899
-0.05546138
-0.05354119
-0.05105433
-0.04800679
-0.04443938
-0.04042671
-0.03607016
-0.03148580
-0.02678930
-0.02208024
-0.01742893
-0.01286812
-0.00839135
-0.00395852
0.00049230
0.00502865
0.00970619
0.01455310
0.01955932
0.02467268
0.02980260
0.03483073
0.03962631
0.04406318
0.04803532
0.05146767
0.05432061
0.05658726
0.05828486
0.05944231
0.06008717
0.06023523
0.05988524
0.05902019
0.05761496
0.05564846
0.05311743
0.05004817
0.04650314
0.04257991
0.03840195
0.03410242
0.02980375
0.02559715
0.02152646
0.01757997
0.01369276
0.00975972
0.00565743
0.00127112
-0.00347843
-0.00861317
-0.01408575
-0.01977990
-0.02552345
-0.03111196
-0.03633859
-0.04102470
-0.04504548
-0.04834563
-0.05094232
-0.05291475
-0.05438274
-0.05547847
-0.05631696
-0.05697129
-0.05745724
-0.05773028
-0.05769539
-0.05722759
-0.05619887
-0.05450619
-0.05209497
-0.04897334
-0.04521467
-0.04094783
-0.03633742
-0.03155773
-0.02676576
-0.02207824
-0.01755700
-0.01320492
-0.00897307
-0.00477696
-0.00051846
0.00389094
0.00851001
0.01335437
0.01839171
0.02354595
0.02870873
0.03375537
0.03856184
0.04301933
0.04704380
0.05057936
0.05359558
0.05608020
0.05802974
0.05944061
0.06030314
0.06059999
0.06030941
0.05941234
0.05790165
0.05579116
0.05312184
0.04996366
0.04641189
0.04257819
0.03857784
0.03451513
0.03046976
0.02648653
0.02257043
0.01868804
0.01477536
0.01075072
0.00653086
0.00204758
-0.00273756
-0.00782286
-0.01316197
-0.01866574
-0.02421029
-0.02964983
-0.03483248
-0.03961659
-0.04388539
-0.04755784
-0.05059440
-0.05299688
-0.05480279
-0.05607505
-0.05688882
-0.05731742
-0.05741957
-0.05722994
-0.05675436
-0.05597049
-0.05483377
-0.05328768
-0.05127653
-0.04875865
-0.04571764
-0.04216968
-0.03816553
-0.03378659
-0.02913576
-0.02432434
-0.01945743
-0.01462010
-0.00986712
-0.00521795
-0.00065795
0.00385411
0.00837374
0.01295575
0.01763909
0.02243457
0.02731722
0.03222501
0.03706370
0.04171705
0.04606022
0.04997402
0.05335739
0.05613610
0.05826646
0.05973398
0.06054799
0.06073378
0.06032455
0.05935494
0.05785762
0.05586342
0.05340429
0.05051799
0.04725242
0.04366795
0.03983616
0.03583477
0.03173907
0.02761161
0.02349234
0.01939166
0.01528847
0.01113436
0.00686388
0.00240944
-0.00228174
-0.00723184
-0.01242095
-0.01778261
-0.02320754
-0.02855532
-0.03367219
-0.03841177
-0.04265488
-0.04632460
-0.04939389
-0.05188389
-0.05385362
-0.05538276
-0.05655125
-0.05741953
-0.05801361
-0.05831788
-0.05827730
-0.05780842
-0.05681726
-0.05522036
-0.05296487
-0.05004358
-0.04650195
-0.04243546
-0.03797787
-0.03328242
-0.02849960
-0.02375547
-0.01913475
-0.01467157
-0.01034942
-0.00611021
-0.00187038
0.00245902
0.00695204
0.01165103
0.01655613
0.02162251
0.02676543
0.03187148
0.03681369
0.04146723
0.04572300
0.04949667
0.05273234
0.05540060
0.05749255
0.05901156
0.05996509
0.06035872
0.06019369
0.05946830
0.05818272
0.05634563
0.05398091
0.05113226
0.04786440
0.04425984
0.04041153
0.03641251
0.03234421
0.02826591
0.02420711
0.02016480
0.01610616
0.01197660
0.00771194
0.00325268
-0.00144185
-0.00638210
-0.01154142
-0.01685495
-0.02222454
-0.02752880
-0.03263666
-0.03742219
-0.04177828
-0.04562701
-0.04892516
-0.05166404
-0.05386414
-0.05556551
-0.05681594
-0.05765895
-0.05812398
-0.05822027
-0.05793574
-0.05724067
-0.05609571
-0.05446238
-0.05231421
-0.04964617
-0.04648071
-0.04286896
-0.03888683
-0.03462651
-0.03018492
-0.02565100
-0.02109425
-0.01655664
-0.01204934
-0.00755505
-0.00303556
0.00155679
0.00626572
0.01111812
0.01611397
0.02122076
0.02637354
0.03148027
0.03643162
0.04111308
0.04541741
0.04925489
0.05255997
0.05529305
0.05743795
0.05899565
0.05997652
0.06039278
0.06025332
0.05956208
0.05832042
0.05653290
0.05421479
0.05139947
0.04814313
0.04452531
0.04064409
0.03660630
0.03251396
0.02844957
0.02446296
0.02056270
0.01671419
0.01284565
0.00886140
0.00466067
0.00015888
-0.00469243
-0.00989069
-0.01537524
-0.02102989
-0.02669486
-0.03218630
-0.03732021
-0.04193655
-0.04591941
-0.04920975
-0.05180849
-0.05376961
-0.05518462
-0.05616146
-0.05680171
-0.05718040
-0.05733203
-0.05724531
-0.05686726
-0.05611583
-0.05489831
-0.05313197
-0.05076300
-0.04778016
-0.04422062
-0.04016705
-0.03573672
-0.03106456
-0.02628362
-0.02150632
-0.01681006
-0.01222936
-0.00775601
-0.00334665
0.00106367
0.00554471
0.01015402
0.01492268
0.01984609
0.02488105
0.02994917
0.03494563
0.03975128
0.04424583
0.04831982
0.05188362
0.05487225
0.05724610
0.05898803
0.06009826
0.06058859
0.06047740
0.05978657
0.05854071
0.05676851
0.05450542
0.05179637
0.04869740
0.04527502
0.04160293
0.03775613
0.03380326
0.02979850
0.02577467
0.02173905
0.01767315
0.01353696
0.00927740
0.00483988
0.00018124
-0.00471813
-0.00984500
-0.01514881
-0.02054278
-0.02591092
-0.03111990
-0.03603402
-0.04053095
-0.04451556
-0.04792960
-0.05075548
-0.05301363
-0.05475376
-0.05604169
-0.05694405
-0.05751369
-0.05777832
-0.05773471
-0.05734942
-0.05656594
-0.05531714
-0.05354049
-0.05119337
-0.04826545
-0.04478571
-0.04082267
-0.03647751
-0.03187135
-0.02712871
-0.02236030
-0.01764817
-0.01303602
-0.00852645
-0.00408562
0.00034543
0.00483497
0.00944315
0.01420618
0.01912489
0.02415977
0.02923309
0.03423760
0.03904986
0.04354566
0.04761444
0.05117029
0.05415755
0.05655061
0.05834845
0.05956565
0.06022240
0.06033595
0.05991561
0.05896238
0.05747337
0.05544956
0.05290493
0.04987438
0.04641793
0.04261971
0.03858103
0.03440851
0.03019927
0.02602608
0.02192566
0.01789290
0.01388266
0.00981944
0.00561363
0.00118152
-0.00353448
-0.00854931
-0.01382567
-0.01927347
-0.02475871
-0.03012037
-0.03519224
-0.03982592
-0.04391048
-0.04738538
-0.05024408
-0.05252793
-0.05431157
-0.05568278
-0.05672089
-0.05747801
-0.05796670
-0.05815673
-0.05798122
-0.05735119
-0.05617538
-0.05438140
-0.05193397
-0.04884665
-0.04518449
-0.04105724
-0.03660424
-0.03197388
-0.02730159
-0.02269048
-0.01819820
-0.01383241
-0.00955548
-0.00529736
-0.00097384
0.00349309
0.00815693
0.01303348
0.01809494
0.02327209
0.02846342
0.03354906
0.03840652
0.04292492
0.04701536
0.05061546
0.05368831
0.05621641
0.05819313
0.05961391
0.06046991
0.06074577
0.06042220
0.05948283
0.05792356
0.05576204
0.05304460
0.04984832
0.04627711
0.04245171
0.03849500
0.03451512
0.03058960
0.02675366
0.02299522
0.01925818
0.01545365
0.01147761
0.00723218
0.00264660
-0.00230568
-0.00759684
-0.01314362
-0.01881540
-0.02445021
-0.02987587
-0.03493260
-0.03949317
-0.04347713
-0.04685685
-0.04965446
-0.05193047
-0.05376655
-0.05524544
-0.05643202
-0.05735884
-0.05801856
-0.05836482
-0.05832092
-0.05779482
-0.05669754
-0.05496168
-0.05255656
-0.04949755
-0.04584778
-0.04171208
-0.03722421
-0.03252958
-0.02776634
-0.02304803
-0.01845043
-0.01400474
-0.00969787
-0.00547969
-0.00127584
0.00299613
0.00740983
0.01201487
0.01682590
0.02181700
0.02692225
0.03204191
0.03705308
0.04182287
0.04622218
0.05013790
0.05348201
0.05619648
0.05825376
0.05965335
0.06041541
0.06057303
0.06016454
0.05922753
0.05779528
0.05589621
0.05355585
0.05080084
0.04766328
0.04418448
0.04041649
0.03642086
0.03226439
0.02801225
0.02371985
0.01942499
0.01514209
0.01086005
0.00654482
0.00214671
-0.00238819
-0.00710427
-0.01202264
-0.01712990
-0.02237183
-0.02765354
-0.03284668
-0.03780297
-0.04237199
-0.04642043
-0.04984932
-0.05260620
-0.05468977
-0.05614602
-0.05705624
-0.05751909
-0.05762992
-0.05746128
-0.05704839
-0.05638255
-0.05541395
-0.05406347
-0.05224141
-0.04986949
-0.04690169
-0.04333976
-0.03923994
-0.03470918
-0.02989127
-0.02494524
-0.02002001
-0.01523025
-0.01063812
-0.00624486
-0.00199397
0.00221418
0.00649899
0.01097179
0.01570871
0.02072971
0.02598760
0.03136938
0.03670961
0.04181337
0.04648426
0.05055234
0.05389661
0.05645803
0.05824097
0.05930342
0.05973831
0.05965026
0.05913289
0.05825118
0.05703268
0.05546882
0.05352566
0.05116117
0.04834474
0.04507415
0.04138577
0.03735546
0.03308945
0.02870714
0.02431940
0.02000725
0.01580568
0.01169675
0.00761387
0.00345694
-0.00088424
-0.00550288
-0.01044990
-0.01571564
-0.02122257
-0.02683078
-0.03235549
-0.03759347
-0.04235317
-0.04648295
-0.04989181
-0.05255879
-0.05452926
-0.05589917
-0.05679053
-0.05732331
-0.05758932
-0.05763358
-0.05744654
-0.05696865
-0.05610605
-0.05475393
-0.05282247
-0.05025997
-0.04706838
-0.04330798
-0.03909045
-0.03456157
-0.02987752
-0.02517924
-0.02057029
-0.01610238
-0.01177143
-0.00752456
-0.00327652
0.00106808
0.00559123
0.01034123
0.01531954
0.02047702
0.02571966
0.03092228
0.03594696
0.04066218
0.04495895
0.04876085
0.05202655
0.05474499
0.05692510
0.05858300
0.05972991
0.06036399
0.06046793
0.06001290
0.05896792
0.05731234
0.05504827
0.05220998
0.04886750
0.04512320
0.04110140
0.03693263
0.03273546
0.02859914
0.02457063
0.02064863
0.01678596
0.01290011
0.00889039
0.00465863
0.00012994
-0.00473012
-0.00990491
-0.01532440
-0.02087155
-0.02639612
-0.03173363
-0.03672601
-0.04124073
-0.04518508
-0.04851371
-0.05122823
-0.05336951
-0.05500425
-0.05620846
-0.05705077
-0.05757854
-0.05780916
-0.05772767
-0.05729117
-0.05643882
-0.05510555
-0.05323694
-0.05080260
-0.04780548
-0.04428563
-0.04031760
-0.03600195
-0.03145228
-0.02678018
-0.02208047
-0.01741950
-0.01282847
-0.00830293
-0.00380853
0.00070791
0.00530399
0.01002653
0.01489819
0.01990818
0.02500877
0.03011795
0.03512773
0.03991657
0.04436340
0.04836100
0.05182622
0.05470549
0.05697505
0.05863630
0.05970764
0.06021504
0.06018350
0.05963131
0.05856857
0.05699993
0.05493085
0.05237563
0.04936486
0.04595014
0.04220431
0.03821645
0.03408210
0.02989037
0.02571034
0.02157981
0.01749895
0.01343071
0.00930865
0.00505117
0.00057989
-0.00416104
-0.00918853
-0.01447008
-0.01992179
-0.02541539
-0.03079333
-0.03588945
-0.04055140
-0.04466083
-0.04814741
-0.05099436
-0.05323434
-0.05493666
-0.05618843
-0.05707343
-0.05765288
-0.05795191
-0.05795446
-0.05760743
-0.05683330
-0.05554855
-0.05368403
-0.05120335
-0.04811521
-0.04447743
-0.04039156
-0.03598915
-0.03141226
-0.02679195
-0.02222883
-0.01777937
-0.01345050
-0.00920340
-0.00496574
-0.00064982
0.00382672
0.00852154
0.01345301
0.01859283
0.02386694
0.02916408
0.03435003
0.03928477
0.04383910
0.04790800
0.05141854
0.05433156
0.05663743
0.05834768
0.05948464
0.06007165
0.06012606
0.05965646
0.05866436
0.05714977
0.05511897
0.05259233
0.04961008
0.04623423
0.04254575
0.03863717
0.03460158
0.03052021
0.02645084
0.02241934
0.01841648
0.01440071
0.01030697
0.00606029
0.00159204
-0.00314393
-0.00815799
-0.01341665
-0.01884134
-0.02431442
-0.02969152
-0.03481846
-0.03954992
-0.04376682
-0.04738951
-0.05038464
-0.05276458
-0.05457943
-0.05590332
-0.05681728
-0.05739182
-0.05767244
-0.05767061
-0.05736197
-0.05669209
-0.05558866
-0.05397793
-0.05180225
-0.04903533
-0.04569234
-0.04183256
-0.03755411
-0.03298142
-0.02824766
-0.02347533
-0.01875864
-0.01415096
-0.00965979
-0.00525031
-0.00085688
0.00359972
0.00819228
0.01296838
0.01793626
0.02305783
0.02825022
0.03339526
0.03835496
0.04298984
0.04717654
0.05082138
0.05386751
0.05629464
0.05811210
0.05934722
0.06003216
0.06019245
0.05983995
0.05897205
0.05757718
0.05564514
0.05317958
0.05020928
0.04679481
0.04302845
0.03902617
0.03491284
0.03080316
0.02678206
0.02288891
0.01910919
0.01537616
0.01158291
0.00760327
0.00331797
-0.00135864
-0.00645657
-0.01193714
-0.01769184
-0.02355357
-0.02931855
-0.03477486
-0.03973258
-0.04404973
-0.04764951
-0.05052550
-0.05273434
-0.05437747
-0.05557585
-0.05644266
-0.05705952
-0.05746068
-0.05762812
-0.05749810
-0.05697746
-0.05596592
-0.05437978
-0.05217192
-0.04934418
-0.04594980
-0.04208571
-0.03787651
-0.03345372
-0.02893467
-0.02440534
-0.01991042
-0.01545231
-0.01099880
-0.00649743
-0.00189312
0.00285470
0.00775902
0.01279878
0.01791980
0.02304249
0.02807402
0.03292202
0.03750645
0.04176713
0.04566543
0.04918007
0.05229866
0.05500724
0.05728104
0.05907903
0.06034414
0.06100964
0.06101058
0.06029824
0.05885417
0.05670083
0.05390608
0.05057989
0.04686340
0.04291172
0.03887350
0.03487053
0.03098139
0.02723179
0.02359364
0.01999294
0.01632532
0.01247640
0.00834368
0.00385634
-0.00101044
-0.00622847
-0.01171802
-0.01735688
-0.02299549
-0.02847520
-0.03364680
-0.03838640
-0.04260635
-0.04626007
-0.04934035
-0.05187224
-0.05390184
-0.05548338
-0.05666666
-0.05748693
-0.05795863
-0.05807371
-0.05780460
-0.05711101
-0.05594927
-0.05428256
-0.05209038
-0.04937553
-0.04616760
-0.04252228
-0.03851659
-0.03424063
-0.02978728
-0.02524124
-0.02066939
-0.01611394
-0.01158960
-0.00708528
-0.00257027
0.00199623
0.00665362
0.01142840
0.01632468
0.02131821
0.02635514
0.03135542
0.03622052
0.04084380
0.04512164
0.04896353
0.05229916
0.05508152
0.05728593
0.05890538
0.05994401
0.06041019
0.06031137
0.05965187
0.05843444
0.05666502
0.05435961
0.05155123
0.04829480
0.04466804
0.04076735
0.03669856
0.03256387
0.02844715
0.02440058
0.02043566
0.01652081
0.01258697
0.00854081
0.00428371
-0.00026660
-0.00515572
-0.01037744
-0.01586694
-0.02150401
-0.02712606
-0.03254908
-0.03759266
-0.04210484
-0.04598207
-0.04918069
-0.05171778
-0.05366120
-0.05511094
-0.05617522
-0.05694628
-0.05748023
-0.05778517
-0.05781973
-0.05750224
-0.05672869
-0.05539587
-0.05342508
-0.05078173
-0.04748687
-0.04361844
-0.03930191
-0.03469214
-0.02994993
-0.02521764
-0.02059857
-0.01614382
-0.01184889
-0.00766046
-0.00349184
0.00075606
0.00517232
0.00981616
0.01470327
0.01980034
0.02502836
0.03027340
0.03540232
0.04028014
0.04478568
0.04882268
0.05232486
0.05525473
0.05759730
0.05935090
0.06051782
0.06109725
0.06108235
0.06046227
0.05922838
0.05738325
0.05494984
0.05197829
0.04854821
0.04476503
0.04075057
0.03662877
0.03250928
0.02847169
0.02455361
0.02074516
0.01699129
0.01320214
0.00926990
0.00508966
0.00058073
-0.00429521
-0.00952233
-0.01502731
-0.02068523
-0.02633369
-0.03179295
-0.03688866
-0.04147343
-0.04544371
-0.04874926
-0.05139385
-0.05342731
-0.05493069
-0.05599730
-0.05671313
-0.05714019
-0.05730557
-0.05719813
-0.05677302
-0.05596300
-0.05469420
-0.05290323
-0.05055240
-0.04764012
-0.04420466
-0.04032069
-0.03608927
-0.03162338
-0.02703167
-0.02240353
-0.01779830
-0.01324026
-0.00872049
-0.00420473
0.00035426
0.00500233
0.00977044
0.01466431
0.01965920
0.02470033
0.02970852
0.03458972
0.03924603
0.04358618
0.04753320
0.05102824
0.05403006
0.05651106
0.05845135
0.05983275
0.06063489
0.06083451
0.06040882
0.05934216
0.05763459
0.05531032
0.05242343
0.04905911
0.04532905
0.04136110
0.03728434
0.03321211
0.02922584
0.02536300
0.02161172
0.01791360
0.01417479
0.01028386
0.00613358
0.00164301
-0.00322412
-0.00844792
-0.01394994
-0.01960057
-0.02523477
-0.03067373
-0.03574846
-0.04032135
-0.04430196
-0.04765434
-0.05039500
-0.05258197
-0.05429749
-0.05562752
-0.05664214
-0.05738034
-0.05784212
-0.05798902
-0.05775290
-0.05705095
-0.05580412
-0.05395518
-0.05148308
-0.04841083
-0.04480558
-0.04077077
-0.03643200
-0.03191920
-0.02734834
-0.02280598
-0.01833936
-0.01395360
-0.00961637
-0.00526902
-0.00084202
0.00372812
0.00848341
0.01343296
0.01854741
0.02375988
0.02897286
0.03406961
0.03892780
0.04343295
0.04748938
0.05102703
0.05400338
0.05640074
0.05821994
0.05947220
0.06017121
0.06032718
0.05994419
0.05902142
0.05755771
0.05555848
0.05304302
0.05005030
0.04664162
0.04289875
0.03891750
0.03479731
0.03062854
0.02647979
0.02238759
0.01835091
0.01433189
0.01026323
0.00606164
0.00164520
-0.00304802
-0.00804343
-0.01331842
-0.01879833
-0.02436086
-0.02984870
-0.03508839
-0.03991250
-0.04418128
-0.04780021
-0.05073011
-0.05298827
-0.05464012
-0.05578300
-0.05652500
-0.05696266
-0.05716171
-0.05714432
-0.05688540
-0.05631850
-0.05535029
-0.05388093
-0.05182636
-0.04913837
-0.04581850
-0.04192314
-0.03755857
-0.03286703
-0.02800602
-0.02312481
-0.01834235
-0.01373070
-0.00930687
-0.00503473
-0.00083630
0.00338946
0.00774386
0.01230588
0.01711364
0.02215311
0.02735579
0.03260549
0.03775269
0.04263353
0.04709020
0.05098903
0.05423351
0.05677051
0.05858937
0.05971472
0.06019534
0.06009136
0.05946270
0.05836073
0.05682435
0.05488071
0.05254951
0.04984948
0.04680466
0.04344900
0.03982762
0.03599444
0.03200646
0.02791604
0.02376289
0.01956777
0.01532948
0.01102624
0.00662158
0.00207388
-0.00265185
-0.00757223
-0.01267590
-0.01791794
-0.02321964
-0.02847373
-0.03355474
-0.03833251
-0.04268698
-0.04652169
-0.04977378
-0.05241874
-0.05446931
-0.05596851
-0.05697821
-0.05756529
-0.05778770
-0.05768302
-0.05726163
-0.05650563
-0.05537389
-0.05381224
-0.05176701
-0.04919944
-0.04609812
-0.04248712
-0.03842796
-0.03401482
-0.02936348
-0.02459595
-0.01982315
-0.01512906
-0.01055907
-0.00611508
-0.00175833
0.00258023
0.00698350
0.01152875
0.01626836
0.02121433
0.02632938
0.03152639
0.03667631
0.04162320
0.04620373
0.05026756
0.05369521
0.05641015
0.05838336
0.05963004
0.06019950
0.06016091
0.05958800
0.05854591
0.05708298
0.05522857
0.05299704
0.05039619
0.04743750
0.04414534
0.04056207
0.03674759
0.03277280
0.02870829
0.02461092
0.02051145
0.01640685
0.01225957
0.00800501
0.00356636
-0.00112570
-0.00611234
-0.01138934
-0.01689727
-0.02252175
-0.02810442
-0.03346323
-0.03841819
-0.04281792
-0.04656162
-0.04961186
-0.05199561
-0.05379292
-0.05511554
-0.05607977
-0.05677904
-0.05726207
-0.05752122
-0.05749354
-0.05707462
-0.05614217
-0.05458474
-0.05232929
-0.04936187
-0.04573685
-0.04157262
-0.03703432
-0.03230712
-0.02756543
-0.02294407
-0.01851757
-0.01429143
-0.01020720
-0.00616004
-0.00202520
0.00231208
0.00692937
0.01184759
0.01702299
0.02235140
0.02768336
0.03284633
0.03766904
0.04200305
0.04573742
0.04880430
0.05117564
0.05285300
0.05385418
0.05420061
0.05390911
0.05298999
0.05145176
0.04931056
0.04660106
0.04338525
0.03975538
0.03582953
0.03173935
0.02761249
0.02355311
0.01962539
0.01584418
0.01217583
0.00855003
0.00488083
0.00109296
-0.00285213
-0.00693630
-0.01107559
-0.01512469
-0.01889494
-0.02218277
-0.02480328
-0.02662240
-0.02758092
-0.02770562
-0.02710498
-0.02595027
-0.02444572
-0.02279395
-0.02116333
-0.01966389
-0.01833624
-0.01715515
-0.01604637
-0.01491245
-0.01366154
-0.01223272
-0.01061237
-0.00883841
-0.00699193
-0.00517872
-0.00350546
-0.00205638
-0.00087586
0.00003882
0.00073342
0.00128222
0.00176720
0.00225575
0.00278277
0.00334143
0.00388489
0.00433876
0.00462107
0.00466511
0.00443931
0.00395922
0.00328846
0.00252796
0.00179590
0.00120271
0.00082707
0.00069864
0.00079157
0.00103082
0.00130979
0.00144462
